,Date,Predicted cases,Predicted day newCases
0,12/19/2020,76289042,0
1,12/20/2020,76858163,569121
2,12/21/2020,77374673,516510
3,12/22/2020,77844166,469493
4,12/23/2020,78271507,427341
5,12/24/2020,78660889,389382
6,12/25/2020,79015848,354959
7,12/26/2020,79339650,323802
8,12/27/2020,79635297,295647
9,12/28/2020,79904997,269700
10,12/29/2020,80149243,244246
