,Date,Predicted cases,Predicted day newCases
0,11/15/2020,54110061,0
1,11/16/2020,54873635,763574
2,11/17/2020,55677480,803845
3,11/18/2020,56525794,848314
4,11/19/2020,57423318,897524
5,11/20/2020,58362596,939278
6,11/21/2020,59337325,974729
7,11/22/2020,60351815,1014490
8,11/23/2020,61408451,1056636
9,11/24/2020,62511744,1103293
10,11/25/2020,63668446,1156702
