,Date,Predicted cases,Predicted day newCases
0,12/06/2020,67073727,0
1,12/07/2020,67777097,703370
2,12/08/2020,68502447,725350
3,12/09/2020,69252448,750001
4,12/10/2020,70030018,777570
5,12/11/2020,70838380,808362
6,12/12/2020,71681180,842800
7,12/13/2020,72562463,881283
8,12/14/2020,73486867,924404
9,12/15/2020,74459613,972746
10,12/16/2020,75486675,1027062
