,Date,Predicted cases,Predicted day newCases
0,01/18/2021,95559647,0
1,01/19/2021,96554435,994788
2,01/20/2021,97596988,1042553
3,01/21/2021,98692101,1095113
4,01/22/2021,99845175,1153074
5,01/23/2021,101062280,1217105
6,01/24/2021,102350377,1288097
7,01/25/2021,103717373,1366996
8,01/26/2021,105172356,1454983
9,01/27/2021,106725796,1553440
10,01/28/2021,108389848,1664052
