Location,Date,Confirmed,Case_Per_1M_people,Recovered,Deaths,Mortality,Cases per 1 million people,NewConfirmed,NewDeaths
Albania,2020-03-31,223.0,74.28,44.0,12.0,0.053811659000000005,,0.0,0.0
Albania,2020-04-01,243.0,80.94,67.0,15.0,0.061728395061728385,,20.0,3.0
Albania,2020-04-02,259.0,86.27,67.0,15.0,0.057915057915057924,,16.0,0.0
Albania,2020-04-03,277.0,92.26,76.0,16.0,0.05776173285198556,,18.0,1.0
Albania,2020-04-07,377.0,132.47,131.0,21.0,0.055702917771883284,,100.0,5.0
Albania,2020-04-10,409.0,143.71,165.0,22.0,0.053789731051344734,,32.0,1.0
Albania,2020-04-11,416.0,146.17,182.0,23.0,0.055288461538461536,,7.0,1.0
Albania,2020-04-12,433.0,152.15,197.0,23.0,0.053117782909930716,,17.0,0.0
Albania,2020-04-14,467.0,164.09,232.0,23.0,0.04925053533190578,,34.0,0.0
Albania,2020-04-17,518.0,182.01,277.0,26.0,0.05019305019305019,,51.0,3.0
Albania,2020-04-18,539.0,189.39,277.0,26.0,0.04823747680890538,,21.0,0.0
Albania,2020-04-20,562.0,197.47,314.0,26.0,0.046263345195729534,,23.0,0.0
Albania,2020-04-22,609.0,213.99,345.0,26.0,0.04269293924466338,,47.0,0.0
Albania,2020-04-23,634.0,222.77,356.0,27.0,0.04258675078864353,,25.0,1.0
Albania,2020-04-24,663.0,232.96,385.0,27.0,0.04072398190045249,,29.0,0.0
Albania,2020-04-25,678.0,238.23,394.0,28.0,0.04129793510324484,,15.0,1.0
Albania,2020-04-26,712.0,250.18,403.0,28.0,0.03932584269662921,,34.0,0.0
Albania,2020-04-27,726.0,255.1,410.0,28.0,0.03856749311294766,,14.0,0.0
Albania,2020-04-28,736.0,258.61,422.0,28.0,0.03804347826086957,,10.0,0.0
Albania,2020-04-29,750.0,263.53,431.0,30.0,0.04,,14.0,2.0
Albania,2020-04-30,750.0,263.53,431.0,30.0,0.04,,0.0,0.0
Albania,2020-05-01,773.0,272.0,470.0,31.0,0.040103492884864166,,23.0,1.0
Albania,2020-05-02,782.0,275.0,488.0,31.0,0.03964194373401535,,9.0,0.0
Albania,2020-05-03,789.0,277.0,519.0,31.0,0.039290240811153364,,7.0,0.0
Albania,2020-05-04,789.0,277.0,519.0,31.0,0.039290240811153364,,0.0,0.0
Albania,2020-05-05,803.0,282.0,543.0,31.0,0.03860523038605231,,14.0,0.0
Albania,2020-05-06,820.0,288.0,570.0,31.0,0.03780487804878049,,17.0,0.0
Albania,2020-05-07,832.0,292.0,570.0,31.0,0.03725961538461538,,12.0,0.0
Albania,2020-05-08,842.0,296.0,605.0,31.0,0.03681710213776722,,10.0,0.0
Albania,2020-05-09,850.0,299.0,620.0,31.0,0.036470588235294116,,8.0,0.0
Albania,2020-05-10,856.0,301.0,627.0,31.0,0.036214953271028034,,6.0,0.0
Albania,2020-05-11,868.0,305.0,650.0,31.0,0.03571428571428571,,12.0,0.0
Albania,2020-05-12,872.0,306.0,654.0,31.0,0.03555045871559633,,4.0,0.0
Albania,2020-05-13,876.0,308.0,682.0,31.0,0.035388127853881284,,4.0,0.0
Albania,2020-05-15,898.0,316.0,694.0,31.0,0.034521158129175944,,22.0,0.0
Albania,2020-05-16,916.0,322.0,705.0,31.0,0.03384279475982533,,18.0,0.0
Albania,2020-05-17,933.0,328.0,714.0,31.0,0.03322615219721329,,17.0,0.0
Albania,2020-05-18,946.0,332.0,715.0,31.0,0.03276955602536998,,13.0,0.0
Albania,2020-05-19,948.0,333.0,727.0,31.0,0.032700421940928266,,2.0,0.0
Albania,2020-05-20,949.0,333.0,742.0,31.0,0.032665964172813484,,1.0,0.0
,2020-05-21,,,,,,,,
Albania,2020-05-22,969.0,340.0,771.0,31.0,0.03199174406604747,,,
Albania,2020-05-23,981.0,345.0,777.0,31.0,0.03160040774719674,,12.0,0.0
Albania,2020-05-24,989.0,348.0,783.0,31.0,0.031344792719919114,,8.0,0.0
Albania,2020-05-25,998.0,351.0,789.0,32.0,0.032064128256513016,,9.0,1.0
Albania,2020-05-26,1004.0,353.0,795.0,32.0,0.03187250996015936,,6.0,0.0
Albania,2020-05-27,1029.0,362.0,803.0,33.0,0.03206997084548105,,25.0,1.0
Albania,2020-05-28,1050.0,369.0,812.0,33.0,0.03142857142857143,,21.0,0.0
Albania,2020-05-29,1076.0,378.0,823.0,33.0,0.030669144981412638,,26.0,0.0
Albania,2020-05-30,1099.0,386.0,851.0,33.0,0.030027297543221112,,23.0,0.0
Albania,2020-05-31,1122.0,394.0,857.0,33.0,0.029411764705882356,,23.0,0.0
Albania,2020-06-01,1137.0,400.0,872.0,33.0,0.02902374670184697,,15.0,0.0
Albania,2020-06-02,1143.0,402.0,877.0,33.0,0.02887139107611548,,6.0,0.0
Albania,2020-06-03,1164.0,409.0,891.0,33.0,0.0284,,21.0,0.0
Albania,2020-06-04,1184.0,416.0,898.0,33.0,0.0279,,20.0,0.0
Albania,2020-06-05,1197.0,421.0,898.0,33.0,0.0276,,13.0,0.0
Albania,2020-06-06,1212.0,426.0,910.0,33.0,0.0272,,15.0,0.0
Albania,2020-06-07,1232.0,433.0,925.0,34.0,0.0276,,20.0,1.0
Albania,2020-06-08,1246.0,438.0,938.0,34.0,0.0273,,14.0,0.0
Albania,2020-06-09,1263.0,444.0,945.0,34.0,0.0269,,17.0,0.0
Albania,2020-06-10,1299.0,456.0,960.0,34.0,0.0262,,36.0,0.0
Albania,2020-06-12,1385.0,487.0,1001.0,35.0,0.0253,,86.0,1.0
Albania,2020-06-13,1416.0,498.0,1034.0,36.0,0.0254,,31.0,1.0
Albania,2020-06-14,1464.0,514.0,1039.0,36.0,0.0246,,48.0,0.0
Albania,2020-06-15,1521.0,534.0,1044.0,36.0,0.0237,,57.0,0.0
Albania,2020-06-16,1590.0,559.0,1055.0,36.0,0.0226,,69.0,0.0
Albania,2020-06-17,1672.0,588.0,1064.0,37.0,0.0221,,82.0,1.0
Albania,2020-06-18,1722.0,605.0,1077.0,38.0,0.0221,,50.0,1.0
Albania,2020-06-19,1788.0,628.0,1086.0,39.0,0.0218,,66.0,1.0
Albania,2020-06-20,1838.0,646.0,1114.0,42.0,0.0229,,50.0,3.0
Albania,2020-06-21,1891.0,664.0,1126.0,43.0,0.0227,,53.0,1.0
Albania,2020-06-22,1962.0,689.0,1134.0,44.0,0.0224,,71.0,1.0
Albania,2020-06-23,1962.0,689.0,1134.0,44.0,0.0224,,0.0,0.0
Albania,2020-06-24,2047.0,719.0,1195.0,45.0,0.022000000000000002,,85.0,1.0
Albania,2020-06-25,2114.0,743.0,1217.0,47.0,0.0222,,67.0,2.0
Albania,2020-06-26,2192.0,770.0,1250.0,48.0,0.0219,,78.0,1.0
Albania,2020-06-27,2269.0,797.0,1298.0,51.0,0.0225,,77.0,3.0
Albania,2020-06-28,2269.0,797.0,1298.0,51.0,0.0225,,0.0,0.0
Albania,2020-06-29,2402.0,844.0,1384.0,55.0,0.0229,,133.0,4.0
Albania,2020-06-30,2466.0,866.0,1438.0,58.0,0.0235,,64.0,3.0
Albania,2020-07-01,2535.0,891.0,1459.0,62.0,0.0245,,69.0,4.0
Albania,2020-07-02,2580.0,907.0,1516.0,65.0,0.0252,,45.0,3.0
Albania,2020-07-03,2662.0,935.0,0.0,69.0,0.0259,,82.0,4.0
Albania,2020-07-04,2752.0,967.0,1592.0,72.0,0.0262,,90.0,3.0
Albania,2020-07-05,2819.0,991.0,1637.0,74.0,0.0263,,67.0,2.0
Albania,2020-07-06,2893.0,1017.0,1657.0,76.0,0.0263,,74.0,2.0
Albania,2020-07-07,2964.0,1041.0,1702.0,79.0,0.0267,,71.0,3.0
Albania,2020-07-09,3106.0,1091.0,1791.0,83.0,0.0267,,142.0,4.0
Albania,2020-07-10,3188.0,1120.0,0.0,83.0,0.026000000000000002,,82.0,0.0
Albania,2020-07-11,3278.0,1152.0,1875.0,85.0,0.0259,,90.0,2.0
Albania,2020-07-12,3371.0,1184.0,0.0,85.0,0.0252,,93.0,0.0
Albania,2020-07-13,3371.0,1184.0,0.0,89.0,0.0264,,0.0,4.0
Albania,2020-07-14,3571.0,1255.0,2014.0,95.0,0.0266,,200.0,6.0
Albania,2020-07-15,3571.0,1255.0,2014.0,95.0,0.0266,,0.0,0.0
Albania,2020-07-16,3571.0,1255.0,2014.0,95.0,0.0266,,0.0,0.0
Albania,2020-07-18,3906.0,1372.0,2137.0,107.0,0.0274,,335.0,12.0
Albania,2020-07-19,4008.0,1408.0,2264.0,111.0,0.0277,,102.0,4.0
Albania,2020-07-19,4008.0,1408.0,2264.0,111.0,0.0277,,0.0,0.0
Albania,2020-07-21,4008.0,1408.0,2264.0,111.0,0.0277,,0.0,0.0
Albania,2020-07-22,4290.0,1507.0,2397.0,117.0,0.0273,,282.0,6.0
Albania,2020-07-23,4358.0,1531.0,2463.0,120.0,0.0275,,68.0,3.0
Albania,2020-07-24,4466.0,1569.0,2523.0,123.0,0.0275,,108.0,3.0
Albania,2020-07-25,4570.0,1606.0,2608.0,128.0,0.027999999999999997,,104.0,5.0
Albania,2020-07-26,4637.0,1629.0,2637.0,134.0,0.0289,,67.0,6.0
Albania,2020-07-27,4763.0,1674.0,2682.0,138.0,0.028999999999999998,,126.0,4.0
Albania,2020-07-28,4880.0,1715.0,2745.0,144.0,0.0295,,117.0,6.0
Albania,2020-07-29,4997.0,1756.0,2789.0,148.0,0.0296,,117.0,4.0
Albania,2020-07-30,5105.0,1794.0,2830.0,150.0,0.0294,,108.0,2.0
Albania,2020-07-31,5197.0,1826.0,2883.0,154.0,0.0296,,92.0,4.0
Albania,2020-08-01,5276.0,1854.0,2952.0,157.0,0.0298,,79.0,3.0
Albania,2020-08-02,5396.0,1896.0,2961.0,161.0,0.0298,,120.0,4.0
Albania,2020-08-03,5519.0,1939.0,3018.0,166.0,0.0301,,123.0,5.0
Albania,2020-08-04,5620.0,1975.0,3031.0,172.0,0.0306,,101.0,6.0
Albania,2020-08-05,5750.0,2020.0,3054.0,176.0,0.0306,,130.0,4.0
Albania,2020-08-06,5750.0,2020.0,3054.0,176.0,0.0306,,0.0,0.0
Albania,2020-08-07,6016.0,2114.0,3155.0,188.0,0.0312,,266.0,12.0
Albania,2020-08-08,6151.0,2161.0,3227.0,189.0,0.0307,,135.0,1.0
Albania,2020-08-09,6275.0,2205.0,3268.0,193.0,0.0308,,124.0,4.0
Albania,2020-08-10,6411.0,2253.0,3342.0,199.0,0.031,,136.0,6.0
Albania,2020-08-11,6536.0,2297.0,3379.0,200.0,0.0306,,125.0,1.0
Albania,2020-08-12,6676.0,2346.0,3480.0,205.0,0.0307,,140.0,5.0
Albania,2020-08-13,6817.0,2395.0,3552.0,208.0,0.0305,,141.0,3.0
Albania,2020-08-14,6971.0,2449.0,3616.0,213.0,0.0306,,154.0,5.0
Albania,2020-08-15,7117.0,2501.0,3695.0,219.0,0.0308,,146.0,6.0
Albania,2020-08-16,7260.0,2551.0,3746.0,225.0,0.031,,143.0,6.0
Albania,2020-08-17,7380.0,2593.0,3794.0,228.0,0.0309,,120.0,3.0
Albania,2020-08-18,7499.0,2635.0,3816.0,230.0,0.0307,,119.0,2.0
Albania,2020-08-19,7654.0,2689.0,3871.0,232.0,0.0303,,155.0,2.0
Albania,2020-08-20,7812.0,2745.0,3928.0,234.0,0.03,,158.0,2.0
Albania,2020-08-22,8119.0,2853.0,4096.0,240.0,0.0296,,307.0,6.0
Albania,2020-08-23,8275.0,2908.0,4184.0,245.0,0.0296,,156.0,5.0
Albania,2020-08-24,8427.0,2961.0,4332.0,250.0,0.0297,,152.0,5.0
Albania,2020-08-25,8605.0,3024.0,4413.0,254.0,0.0295,,178.0,4.0
Albania,2020-08-26,8759.0,3078.0,4530.0,259.0,0.0296,,154.0,5.0
Albania,2020-08-27,8927.0,3137.0,4633.0,263.0,0.0295,,168.0,4.0
Albania,2020-08-28,9083.0,3192.0,4791.0,266.0,0.0293,,156.0,3.0
Albania,2020-08-29,9195.0,3231.0,4923.0,271.0,0.0295,,112.0,5.0
Albania,2020-08-30,9279.0,3260.0,5020.0,275.0,0.0296,,84.0,4.0
Albania,2020-08-31,9380.0,3296.0,5139.0,280.0,0.0299,,101.0,5.0
Albania,2020-09-01,9513.0,3343.0,5214.0,284.0,0.0299,,133.0,4.0
Albania,2020-09-02,9606.0,3375.0,5441.0,290.0,0.0302,,93.0,6.0
Albania,2020-09-03,9728.0,3418.0,5582.0,296.0,0.0304,,122.0,6.0
Albania,2020-09-04,9844.0,3459.0,5732.0,301.0,0.0306,,116.0,5.0
Albania,2020-09-05,9967.0,3502.0,5882.0,306.0,0.0307,,123.0,5.0
Albania,2020-09-07,10255.0,3603.0,6106.0,316.0,0.0308,,288.0,10.0
Albania,2020-09-08,10406.0,3656.0,6186.0,319.0,0.0307,,151.0,3.0
Albania,2020-09-09,10553.0,3708.0,6239.0,321.0,0.0304,,147.0,2.0
Albania,2020-09-10,10704.0,3761.0,6284.0,322.0,0.0301,,151.0,1.0
Albania,2020-09-11,10860.0,3816.0,6346.0,324.0,0.0298,,156.0,2.0
Albania,2020-09-12,11020.0,3872.0,6443.0,327.0,0.0297,,160.0,3.0
Albania,2020-09-13,11185.0,3930.0,6494.0,330.0,0.0295,,165.0,3.0
Albania,2020-09-14,11353.0,3989.0,6569.0,334.0,0.0294,,168.0,4.0
Albania,2020-09-15,11520.0,4048.0,6615.0,338.0,0.0293,,167.0,4.0
Albania,2020-09-16,11672.0,4101.0,6668.0,340.0,0.0291,,152.0,2.0
Albania,2020-09-17,11816.0,4152.0,6733.0,343.0,0.028999999999999998,,144.0,3.0
Albania,2020-09-18,11948.0,4198.0,6788.0,347.0,0.028999999999999998,,132.0,4.0
Albania,2020-09-20,12226.0,4296.0,6888.0,358.0,0.0293,,278.0,11.0
Albania,2020-09-21,12385.0,4352.0,6940.0,362.0,0.0292,,159.0,4.0
Albania,2020-09-22,12535.0,4404.0,6995.0,364.0,0.028999999999999998,,150.0,2.0
Albania,2020-09-23,12666.0,4451.0,7042.0,367.0,0.028999999999999998,,131.0,3.0
Albania,2020-09-24,12787.0,0.0,,370.0,0.0289,4493.0,121.0,3.0
Albania,2020-09-25,12921.0,0.0,,370.0,0.0286,4540.0,134.0,0.0
Albania,2020-09-26,13045.0,0.0,,373.0,0.0286,4584.0,124.0,3.0
Albania,2020-09-27,13153.0,0.0,,375.0,0.0285,4622.0,108.0,2.0
Albania,2020-09-28,13259.0,0.0,,377.0,0.0284,4659.0,106.0,2.0
Albania,2020-09-29,13391.0,0.0,,380.0,0.0284,4705.0,132.0,3.0
Albania,2020-09-30,13518.0,0.0,,384.0,0.0284,4750.0,127.0,4.0
Albania,2020-10-02,13806.0,0.0,,388.0,0.0281,4851.0,288.0,4.0
Albania,2020-10-03,13806.0,0.0,,388.0,0.0281,4851.0,0.0,0.0
Albania,2020-10-04,13965.0,0.0,,389.0,0.0279,4907.0,159.0,1.0
Albania,2020-10-05,14117.0,0.0,,392.0,0.0278,4960.0,152.0,3.0
Albania,2020-10-06,14266.0,0.0,,396.0,0.0278,5013.0,149.0,4.0
Albania,2020-10-08,14568.0,0.0,,403.0,0.0277,5119.0,302.0,7.0
Albania,2020-10-09,14730.0,0.0,,407.0,0.0276,5176.0,162.0,4.0
Albania,2020-10-10,14899.0,0.0,,411.0,0.0276,5235.0,169.0,4.0
Albania,2020-10-11,15066.0,0.0,,413.0,0.0274,5294.0,167.0,2.0
Albania,2020-10-12,15231.0,0.0,,416.0,0.0273,5352.0,165.0,3.0
Albania,2020-10-13,15399.0,0.0,,420.0,0.0273,5411.0,168.0,4.0
Albania,2020-10-14,15570.0,0.0,,424.0,0.0272,5471.0,171.0,4.0
Albania,2020-10-15,15752.0,0.0,,429.0,0.0272,5535.0,182.0,5.0
