Location,Date,Confirmed,Case_Per_1M_people,Recovered,Deaths,Mortality,Cases per 1 million people,NewCases,NewConfirmed,NewDeaths
Angola,2020-03-31,7.0,0.24,0.0,2.0,0.28571428600000004,,,0.0,0.0
Angola,2020-04-01,7.0,0.24,0.0,2.0,0.2857142857142857,,,0.0,0.0
Angola,2020-04-02,8.0,0.28,1.0,2.0,0.25,,,1.0,0.0
Angola,2020-04-03,8.0,0.28,1.0,2.0,0.25,,,0.0,0.0
Angola,2020-04-07,16.0,0.51,2.0,2.0,0.125,,,8.0,0.0
Angola,2020-04-10,19.0,0.61,2.0,2.0,0.10526315789473684,,,3.0,0.0
Angola,2020-04-11,19.0,0.61,2.0,2.0,0.10526315789473684,,,0.0,0.0
Angola,2020-04-12,19.0,0.61,2.0,2.0,0.10526315789473684,,,0.0,0.0
Angola,2020-04-14,19.0,0.61,2.0,2.0,0.10526315789473684,,,0.0,0.0
Angola,2020-04-17,19.0,0.61,5.0,2.0,0.10526315789473684,,,0.0,0.0
Angola,2020-04-18,19.0,0.61,5.0,2.0,0.10526315789473684,,,0.0,0.0
Angola,2020-04-20,24.0,0.77,6.0,2.0,0.08333333333333333,,,5.0,0.0
Angola,2020-04-22,24.0,0.77,6.0,2.0,0.08333333333333333,,,0.0,0.0
Angola,2020-04-23,25.0,0.8,6.0,2.0,0.08,,,1.0,0.0
Angola,2020-04-24,25.0,0.8,6.0,2.0,0.08,,,0.0,0.0
Angola,2020-04-25,25.0,0.8,6.0,2.0,0.08,,,0.0,0.0
Angola,2020-04-26,25.0,0.8,6.0,2.0,0.08,,,0.0,0.0
Angola,2020-04-27,26.0,0.84,6.0,2.0,0.07692307692307693,,,1.0,0.0
Angola,2020-04-28,27.0,0.87,6.0,2.0,0.07407407407407407,,,1.0,0.0
Angola,2020-04-29,27.0,0.87,6.0,2.0,0.07407407407407407,,,0.0,0.0
Angola,2020-04-30,27.0,0.87,6.0,2.0,0.07407407407407407,,,0.0,0.0
Angola,2020-05-01,27.0,1.0,7.0,2.0,0.07407407407407407,,,0.0,0.0
Angola,2020-05-02,30.0,1.0,11.0,2.0,0.06666666666666668,,,3.0,0.0
Angola,2020-05-03,35.0,1.0,11.0,2.0,0.057142857142857134,,,5.0,0.0
Angola,2020-05-04,35.0,1.0,11.0,2.0,0.057142857142857134,,,0.0,0.0
Angola,2020-05-05,35.0,1.0,11.0,2.0,0.057142857142857134,,,0.0,0.0
Angola,2020-05-06,36.0,1.0,11.0,2.0,0.05555555555555555,,,1.0,0.0
Angola,2020-05-07,36.0,1.0,11.0,2.0,0.05555555555555555,,,0.0,0.0
Angola,2020-05-08,36.0,1.0,11.0,2.0,0.05555555555555555,,,0.0,0.0
Angola,2020-05-09,43.0,1.0,11.0,2.0,0.04651162790697674,,,7.0,0.0
Angola,2020-05-10,43.0,1.0,13.0,2.0,0.04651162790697674,,,0.0,0.0
Angola,2020-05-11,43.0,1.0,13.0,2.0,0.04651162790697674,,,0.0,0.0
Angola,2020-05-12,45.0,1.0,13.0,2.0,0.04444444444444445,,,2.0,0.0
Angola,2020-05-13,45.0,1.0,14.0,2.0,0.04444444444444445,,,0.0,0.0
Angola,2020-05-15,48.0,2.0,14.0,2.0,0.04166666666666666,,,3.0,0.0
Angola,2020-05-16,48.0,2.0,14.0,2.0,0.04166666666666666,,,0.0,0.0
Angola,2020-05-17,48.0,2.0,14.0,2.0,0.04166666666666666,,,0.0,0.0
Angola,2020-05-18,48.0,2.0,14.0,2.0,0.04166666666666666,,,0.0,0.0
Angola,2020-05-19,50.0,2.0,17.0,3.0,0.06,,,2.0,1.0
Angola,2020-05-20,52.0,2.0,17.0,3.0,0.0576923076923077,,,2.0,0.0
,2020-05-21,,,,,,,,,
Angola,2020-05-22,60.0,2.0,18.0,3.0,0.05,,,,
Angola,2020-05-23,60.0,2.0,18.0,3.0,0.05,,,0.0,0.0
Angola,2020-05-24,61.0,2.0,18.0,4.0,0.06557377049180327,,,1.0,1.0
Angola,2020-05-25,69.0,2.0,18.0,4.0,0.05797101449275361,,,8.0,0.0
Angola,2020-05-26,70.0,2.0,18.0,4.0,0.057142857142857134,,,1.0,0.0
Angola,2020-05-27,70.0,2.0,18.0,4.0,0.057142857142857134,,,0.0,0.0
Angola,2020-05-28,73.0,2.0,18.0,4.0,0.0547945205479452,,,3.0,0.0
Angola,2020-05-29,77.0,2.0,18.0,4.0,0.05194805194805195,,,4.0,0.0
Angola,2020-05-30,81.0,3.0,18.0,4.0,0.04938271604938271,,,4.0,0.0
Angola,2020-05-31,84.0,3.0,18.0,4.0,0.047619047619047616,,,3.0,0.0
Angola,2020-06-01,84.0,3.0,18.0,4.0,0.047619047619047616,,,0.0,0.0
Angola,2020-06-02,86.0,3.0,18.0,4.0,0.04651162790697674,,,2.0,0.0
Angola,2020-06-03,86.0,3.0,18.0,4.0,0.0465,,,0.0,0.0
Angola,2020-06-04,86.0,3.0,18.0,4.0,0.0465,,,0.0,0.0
Angola,2020-06-05,86.0,3.0,18.0,4.0,0.0465,,,0.0,0.0
Angola,2020-06-06,86.0,3.0,21.0,4.0,0.0465,,,0.0,0.0
Angola,2020-06-07,88.0,3.0,24.0,4.0,0.0455,,,2.0,0.0
Angola,2020-06-08,91.0,3.0,24.0,4.0,0.044000000000000004,,,3.0,0.0
Angola,2020-06-09,92.0,3.0,38.0,4.0,0.0435,,,1.0,0.0
Angola,2020-06-10,96.0,3.0,38.0,4.0,0.0417,,,4.0,0.0
Angola,2020-06-12,118.0,4.0,41.0,5.0,0.0424,,,22.0,1.0
Angola,2020-06-13,130.0,4.0,42.0,5.0,0.0385,,,12.0,0.0
Angola,2020-06-14,138.0,4.0,61.0,6.0,0.0435,,,8.0,1.0
Angola,2020-06-15,138.0,4.0,61.0,6.0,0.0435,,,0.0,0.0
Angola,2020-06-16,138.0,4.0,61.0,6.0,0.0435,,,0.0,0.0
Angola,2020-06-17,148.0,5.0,64.0,6.0,0.0405,,,10.0,0.0
Angola,2020-06-18,155.0,5.0,64.0,6.0,0.0387,,,7.0,0.0
Angola,2020-06-19,166.0,5.0,64.0,8.0,0.0482,,,11.0,2.0
Angola,2020-06-20,172.0,6.0,66.0,8.0,0.0465,,,6.0,0.0
Angola,2020-06-21,176.0,6.0,66.0,9.0,0.0511,,,4.0,1.0
Angola,2020-06-22,183.0,6.0,77.0,9.0,0.0492,,,7.0,0.0
Angola,2020-06-23,183.0,6.0,77.0,9.0,0.0492,,,0.0,0.0
Angola,2020-06-24,189.0,6.0,77.0,10.0,0.0529,,,6.0,1.0
Angola,2020-06-25,197.0,6.0,77.0,10.0,0.0508,,,8.0,0.0
Angola,2020-06-26,212.0,7.0,81.0,10.0,0.0472,,,15.0,0.0
Angola,2020-06-27,212.0,7.0,81.0,10.0,0.0472,,,0.0,0.0
Angola,2020-06-28,212.0,7.0,81.0,10.0,0.0472,,,0.0,0.0
Angola,2020-06-29,267.0,9.0,81.0,11.0,0.0412,,,55.0,1.0
Angola,2020-06-30,276.0,9.0,93.0,11.0,0.0399,,,9.0,0.0
Angola,2020-07-01,276.0,9.0,93.0,11.0,0.0399,,,0.0,0.0
Angola,2020-07-02,276.0,9.0,93.0,11.0,0.0399,,,0.0,0.0
Angola,2020-07-03,291.0,9.0,97.0,15.0,0.0515,,,15.0,4.0
Angola,2020-07-04,328.0,11.0,107.0,18.0,0.0549,,,37.0,3.0
Angola,2020-07-05,328.0,11.0,107.0,18.0,0.0549,,,0.0,0.0
Angola,2020-07-06,353.0,11.0,108.0,19.0,0.0538,,,25.0,1.0
Angola,2020-07-07,353.0,11.0,108.0,19.0,0.0538,,,0.0,0.0
Angola,2020-07-09,396.0,13.0,117.0,22.0,0.0556,,,43.0,3.0
Angola,2020-07-10,396.0,13.0,117.0,22.0,0.0556,,,0.0,0.0
Angola,2020-07-11,458.0,15.0,117.0,23.0,0.0502,,,62.0,1.0
Angola,2020-07-12,462.0,15.0,0.0,23.0,0.0498,,,4.0,0.0
Angola,2020-07-14,506.0,16.0,0.0,26.0,0.0514,,,44.0,3.0
Angola,2020-07-15,462.0,15.0,0.0,23.0,0.0498,,,0.0,0.0
Angola,2020-07-16,525.0,17.0,0.0,26.0,0.0495,,,63.0,3.0
Angola,2020-07-18,607.0,20.0,124.0,28.0,0.0461,,,82.0,2.0
Angola,2020-07-19,638.0,20.0,0.0,29.0,0.0455,,,31.0,1.0
Angola,2020-07-19,687.0,22.0,210.0,29.0,0.0422,,,49.0,0.0
Angola,2020-07-21,687.0,22.0,210.0,29.0,0.0422,,,0.0,0.0
Angola,2020-07-22,705.0,23.0,0.0,29.0,0.0411,,,18.0,0.0
Angola,2020-07-23,812.0,26.0,221.0,33.0,0.0406,,,107.0,4.0
Angola,2020-07-24,812.0,26.0,221.0,33.0,0.0406,,,0.0,0.0
Angola,2020-07-25,880.0,28.0,241.0,35.0,0.0398,,,68.0,2.0
Angola,2020-07-26,880.0,28.0,241.0,35.0,0.0398,,,0.0,0.0
Angola,2020-07-27,932.0,30.0,242.0,40.0,0.0429,,,52.0,5.0
Angola,2020-07-28,950.0,31.0,242.0,41.0,0.0432,,,18.0,1.0
Angola,2020-07-29,1000.0,32.0,266.0,47.0,0.047,,,50.0,6.0
Angola,2020-07-30,1000.0,32.0,266.0,47.0,0.047,,,0.0,0.0
Angola,2020-07-31,1078.0,35.0,301.0,48.0,0.0445,,,78.0,1.0
Angola,2020-08-01,1144.0,37.0,433.0,52.0,0.0455,,,66.0,4.0
Angola,2020-08-02,1164.0,37.0,460.0,54.0,0.0464,,,20.0,2.0
Angola,2020-08-03,1164.0,37.0,460.0,54.0,0.0464,,,0.0,0.0
Angola,2020-08-04,1199.0,39.0,461.0,55.0,0.0459,,,35.0,1.0
Angola,2020-08-05,1280.0,41.0,476.0,58.0,0.0453,,,81.0,3.0
Angola,2020-08-06,1344.0,43.0,503.0,59.0,0.0439,,,64.0,1.0
Angola,2020-08-07,1395.0,45.0,506.0,62.0,0.0444,,,51.0,3.0
Angola,2020-08-08,1483.0,48.0,520.0,64.0,0.0432,,,88.0,2.0
Angola,2020-08-09,1538.0,49.0,544.0,67.0,0.0436,,,55.0,3.0
Angola,2020-08-10,1672.0,54.0,567.0,75.0,0.0449,,,134.0,8.0
Angola,2020-08-11,1679.0,54.0,569.0,78.0,0.0465,,,7.0,3.0
Angola,2020-08-12,1679.0,54.0,569.0,78.0,0.0465,,,0.0,0.0
Angola,2020-08-13,1735.0,56.0,575.0,80.0,0.0461,,,56.0,2.0
Angola,2020-08-14,1762.0,57.0,0.0,80.0,0.0454,,,27.0,0.0
Angola,2020-08-15,1815.0,58.0,0.0,83.0,0.0457,,,53.0,3.0
Angola,2020-08-16,1852.0,59.0,0.0,86.0,0.0464,,,37.0,3.0
Angola,2020-08-17,1906.0,61.0,628.0,88.0,0.0462,,,54.0,2.0
Angola,2020-08-18,1906.0,61.0,628.0,88.0,0.0462,,,0.0,0.0
Angola,2020-08-19,1966.0,63.0,667.0,90.0,0.0458,,,60.0,2.0
Angola,2020-08-20,1966.0,63.0,667.0,90.0,0.0458,,,0.0,0.0
Angola,2020-08-22,1966.0,63.0,667.0,90.0,0.0458,,,0.0,0.0
Angola,2020-08-23,2044.0,66.0,0.0,93.0,0.0455,,,78.0,3.0
Angola,2020-08-24,2171.0,70.0,818.0,96.0,0.0442,,,127.0,3.0
Angola,2020-08-25,2171.0,70.0,818.0,96.0,0.0442,,,0.0,0.0
Angola,2020-08-26,2222.0,71.0,628.0,100.0,0.045,,,51.0,4.0
Angola,2020-08-27,2222.0,71.0,628.0,100.0,0.045,,,0.0,0.0
Angola,2020-08-28,2332.0,75.0,946.0,103.0,0.0442,,,110.0,3.0
Angola,2020-08-29,2471.0,79.0,1028.0,106.0,0.0429,,,139.0,3.0
Angola,2020-08-30,2471.0,79.0,1028.0,106.0,0.0429,,,0.0,0.0
Angola,2020-08-31,2471.0,79.0,1028.0,106.0,0.0429,,,0.0,0.0
Angola,2020-09-01,2471.0,79.0,1028.0,106.0,0.0429,,,0.0,0.0
Angola,2020-09-02,2624.0,84.0,0.0,107.0,0.0408,,,153.0,1.0
Angola,2020-09-03,2777.0,89.0,1115.0,112.0,0.0403,,,153.0,5.0
Angola,2020-09-04,2805.0,90.0,1144.0,113.0,0.0403,,,28.0,1.0
Angola,2020-09-05,2805.0,90.0,1144.0,113.0,0.0403,,,0.0,0.0
Angola,2020-09-07,2965.0,95.0,1198.0,117.0,0.0395,,,160.0,4.0
Angola,2020-09-08,2965.0,95.0,1198.0,117.0,0.0395,,,0.0,0.0
Angola,2020-09-09,2981.0,96.0,1215.0,120.0,0.0403,,,16.0,3.0
Angola,2020-09-10,3092.0,99.0,1245.0,126.0,0.0408,,,111.0,6.0
Angola,2020-09-11,3092.0,99.0,1245.0,126.0,0.0408,,,0.0,0.0
Angola,2020-09-12,3217.0,103.0,1277.0,130.0,0.0404,,,125.0,4.0
Angola,2020-09-13,3279.0,105.0,1288.0,131.0,0.04,,,62.0,1.0
Angola,2020-09-14,3388.0,109.0,1301.0,134.0,0.0396,,,109.0,3.0
Angola,2020-09-15,3388.0,109.0,1301.0,134.0,0.0396,,,0.0,0.0
Angola,2020-09-16,3569.0,115.0,1332.0,139.0,0.0389,,,181.0,5.0
Angola,2020-09-17,3569.0,115.0,1332.0,139.0,0.0389,,,0.0,0.0
Angola,2020-09-18,3569.0,115.0,1332.0,139.0,0.0389,,,0.0,0.0
Angola,2020-09-20,3789.0,122.0,0.0,144.0,0.038,,,220.0,5.0
Angola,2020-09-21,3901.0,125.0,1445.0,147.0,0.0377,,,112.0,3.0
Angola,2020-09-22,3901.0,125.0,1445.0,147.0,0.0377,,,0.0,0.0
Angola,2020-09-23,4117.0,132.0,1449.0,154.0,0.0374,,,216.0,7.0
Angola,2020-09-24,4117.0,0.0,,154.0,0.0374,132.0,,0.0,0.0
Angola,2020-09-25,4117.0,0.0,,154.0,0.0374,132.0,,0.0,0.0
Angola,2020-09-26,4590.0,0.0,,167.0,0.0364,147.0,,473.0,13.0
Angola,2020-09-27,4590.0,0.0,,167.0,0.0364,147.0,,0.0,0.0
Angola,2020-09-28,4672.0,0.0,,171.0,0.0366,150.0,,82.0,4.0
Angola,2020-09-29,4672.0,0.0,,171.0,0.0366,150.0,,0.0,0.0
Angola,2020-09-30,4672.0,0.0,,171.0,0.0366,150.0,,0.0,0.0
Angola,2020-10-02,4972.0,0.0,,183.0,0.0368,160.0,,300.0,12.0
Angola,2020-10-03,5114.0,0.0,,185.0,0.0362,164.0,,142.0,2.0
Angola,2020-10-04,5211.0,0.0,,189.0,0.0363,167.0,,97.0,4.0
Angola,2020-10-05,5370.0,0.0,,193.0,0.0359,173.0,,159.0,4.0
Angola,2020-10-06,5402.0,0.0,,195.0,0.0361,174.0,,32.0,2.0
Angola,2020-10-08,5725.0,0.0,,211.0,0.0369,184.0,,323.0,16.0
Angola,2020-10-09,5725.0,0.0,,211.0,0.0369,184.0,,0.0,0.0
Angola,2020-10-10,5958.0,0.0,,208.0,0.0349,191.0,,233.0,0.0
Angola,2020-10-11,6031.0,0.0,,212.0,0.0352,194.0,,73.0,4.0
Angola,2020-10-12,6246.0,0.0,,218.0,0.0349,201.0,,215.0,6.0
Angola,2020-10-13,6366.0,0.0,,218.0,0.0342,205.0,,120.0,0.0
Angola,2020-10-14,6488.0,0.0,,219.0,0.0338,208.0,,122.0,1.0
Angola,2020-10-15,6680.0,0.0,,222.0,0.0332,215.0,,192.0,3.0
Angola,2020-10-18,7222.0,0.0,,234.0,0.0324,232.0,,542.0,12.0
Angola,2020-10-19,7462.0,0.0,,241.0,0.0323,240.0,,240.0,7.0
Angola,2020-10-20,7622.0,0.0,,247.0,0.0324,245.0,,160.0,6.0
Angola,2020-10-22,8049.0,0.0,,251.0,0.0312,259.0,,427.0,4.0
Angola,2020-10-23,8338.0,0.0,,255.0,0.0306,268.0,,289.0,4.0
Angola,2020-10-24,8582.0,0.0,,260.0,0.0303,276.0,,244.0,5.0
Angola,2020-10-25,8829.0,0.0,,265.0,0.03,284.0,,247.0,5.0
Angola,2020-10-26,9026.0,0.0,,267.0,0.0296,290.0,,197.0,2.0
Angola,2020-10-27,9381.0,0.0,,268.0,0.0286,301.0,,355.0,1.0
Angola,2020-10-28,9871.0,317.0,,271.0,0.0275,,227.0,490.0,3.0
Angola,2020-10-29,9871.0,317.0,,271.0,0.0275,,227.0,0.0,0.0
Angola,2020-10-30,10074.0,324.0,,275.0,0.0273,,203.0,203.0,4.0
Angola,2020-10-31,10269.0,330.0,,275.0,0.0268,,195.0,195.0,0.0
Angola,2020-11-01,10558.0,339.0,,279.0,0.0264,,289.0,289.0,4.0
Angola,2020-11-02,10805.0,347.0,,284.0,0.0263,,247.0,247.0,5.0
Angola,2020-11-03,11035.0,355.0,,286.0,0.0259,,230.0,230.0,2.0
Angola,2020-11-04,11228.0,361.0,,289.0,0.0257,,193.0,193.0,3.0
Angola,2020-11-05,11577.0,372.0,,291.0,0.0251,,349.0,349.0,2.0
Angola,2020-11-06,11813.0,380.0,,296.0,0.0251,,236.0,236.0,5.0
Angola,2020-11-07,12102.0,389.0,,299.0,0.0247,,289.0,289.0,3.0
Angola,2020-11-08,12223.0,393.0,,300.0,0.0245,,121.0,121.0,1.0
Angola,2020-11-09,12335.0,396.0,,303.0,0.0246,,112.0,112.0,3.0
Angola,2020-11-10,12433.0,399.0,,307.0,0.0247,,98.0,98.0,4.0
Angola,2020-11-11,12680.0,407.0,,308.0,0.0243,,247.0,247.0,1.0
Angola,2020-11-12,12816.0,412.0,,308.0,0.024,,136.0,136.0,0.0
Angola,2020-11-13,12953.0,416.0,,312.0,0.0241,,137.0,137.0,4.0
Angola,2020-11-15,13228.0,425.0,,317.0,0.024,,175.0,275.0,5.0
