Location,Date,Confirmed,Case_Per_1M_people,Recovered,Deaths,Mortality,NewConfirmed,NewDeaths
Argentina,2020-03-31,966.0,21.26,51.0,24.0,0.02484472,0.0,0.0
Argentina,2020-04-01,966.0,21.26,240.0,26.0,0.02691511387163561,0.0,2.0
Argentina,2020-04-02,1054.0,23.2,240.0,27.0,0.025616698292220116,88.0,1.0
Argentina,2020-04-03,1133.0,24.93,240.0,32.0,0.028243601059135037,79.0,5.0
Argentina,2020-04-07,1554.0,34.58,266.0,46.0,0.0296010296010296,421.0,14.0
Argentina,2020-04-10,1894.0,42.15,365.0,79.0,0.04171066525871172,340.0,33.0
Argentina,2020-04-11,1975.0,43.95,375.0,82.0,0.04151898734177215,81.0,3.0
Argentina,2020-04-12,1975.0,43.95,375.0,82.0,0.04151898734177215,0.0,0.0
Argentina,2020-04-14,2277.0,50.67,515.0,98.0,0.04303908651734738,302.0,16.0
Argentina,2020-04-17,2571.0,57.21,631.0,116.0,0.04511863088292493,294.0,18.0
Argentina,2020-04-18,2758.0,61.37,665.0,129.0,0.046773023930384336,187.0,13.0
Argentina,2020-04-20,2930.0,65.2,708.0,134.0,0.04573378839590444,172.0,5.0
Argentina,2020-04-22,3020.0,67.2,733.0,142.0,0.047019867549668866,90.0,8.0
Argentina,2020-04-23,3133.0,69.72,836.0,151.0,0.04819661666134696,113.0,9.0
Argentina,2020-04-24,3276.0,72.9,833.0,159.0,0.048534798534798536,143.0,8.0
Argentina,2020-04-25,3423.0,76.17,833.0,166.0,0.048495471808355235,147.0,7.0
Argentina,2020-04-26,3767.0,83.83,965.0,185.0,0.049110698168303685,344.0,19.0
Argentina,2020-04-27,3879.0,86.32,1096.0,192.0,0.04949729311678268,112.0,7.0
Argentina,2020-04-28,3990.0,88.79,1129.0,197.0,0.0493734335839599,111.0,5.0
Argentina,2020-04-29,4114.0,91.55,1151.0,207.0,0.05031599416626155,124.0,10.0
Argentina,2020-04-30,4114.0,91.55,1151.0,207.0,0.05031599416626155,0.0,0.0
Argentina,2020-05-01,4415.0,98.0,1299.0,218.0,0.049377123442808604,301.0,11.0
Argentina,2020-05-02,4415.0,98.0,1299.0,218.0,0.049377123442808604,0.0,0.0
Argentina,2020-05-03,4519.0,101.0,1297.0,225.0,0.049789776499225495,104.0,7.0
Argentina,2020-05-04,4668.0,104.0,1297.0,237.0,0.05077120822622108,149.0,12.0
Argentina,2020-05-05,4874.0,108.0,1429.0,260.0,0.053344275748871565,206.0,23.0
Argentina,2020-05-06,5007.0,111.0,1459.0,264.0,0.05272618334331936,133.0,4.0
Argentina,2020-05-07,5195.0,116.0,1511.0,273.0,0.05255052935514918,188.0,9.0
Argentina,2020-05-08,5195.0,116.0,1511.0,273.0,0.05255052935514918,0.0,0.0
Argentina,2020-05-09,5598.0,125.0,1646.0,293.0,0.05234012147195427,403.0,20.0
Argentina,2020-05-10,5763.0,128.0,1715.0,300.0,0.05205622071837585,165.0,7.0
Argentina,2020-05-11,6008.0,134.0,1744.0,305.0,0.050765645805592535,245.0,5.0
Argentina,2020-05-12,6265.0,139.0,1824.0,314.0,0.050119712689545085,257.0,9.0
Argentina,2020-05-13,6550.0,146.0,1849.0,319.0,0.048702290076335884,285.0,5.0
Argentina,2020-05-15,7121.0,158.0,2372.0,353.0,0.04957168936947058,571.0,34.0
Argentina,2020-05-16,7121.0,158.0,2372.0,353.0,0.04957168936947058,0.0,0.0
Argentina,2020-05-17,7466.0,166.0,2359.0,356.0,0.04768282882400214,345.0,3.0
Argentina,2020-05-18,8055.0,179.0,2556.0,373.0,0.046306641837368094,589.0,17.0
Argentina,2020-05-19,8358.0,186.0,2612.0,382.0,0.04570471404642259,303.0,9.0
Argentina,2020-05-20,8783.0,195.0,2859.0,393.0,0.0447455311397017,425.0,11.0
,2020-05-21,,,,,,,
Argentina,2020-05-22,9918.0,221.0,3019.0,416.0,0.04194394031054648,,
Argentina,2020-05-23,10636.0,237.0,3049.0,433.0,0.04071079353140279,718.0,17.0
Argentina,2020-05-24,11340.0,252.0,3517.0,445.0,0.03924162257495591,704.0,12.0
Argentina,2020-05-25,12063.0,268.0,3719.0,452.0,0.03746994943214789,723.0,7.0
Argentina,2020-05-26,12615.0,281.0,3986.0,467.0,0.03701942132382085,552.0,15.0
Argentina,2020-05-27,13215.0,294.0,4154.0,490.0,0.037079076806659096,600.0,23.0
Argentina,2020-05-28,13920.0,310.0,4336.0,500.0,0.03591954022988505,705.0,10.0
Argentina,2020-05-29,14689.0,327.0,4604.0,508.0,0.03458370208999932,769.0,8.0
Argentina,2020-05-30,15406.0,343.0,4775.0,520.0,0.03375308321433208,717.0,12.0
Argentina,2020-05-31,16201.0,361.0,4775.0,528.0,0.03259058082834393,795.0,8.0
Argentina,2020-06-01,16838.0,375.0,5323.0,539.0,0.03201092766361801,637.0,11.0
Argentina,2020-06-02,17402.0,387.0,5508.0,556.0,0.03195035053442133,564.0,17.0
Argentina,2020-06-03,18306.0,407.0,5696.0,569.0,0.0311,904.0,13.0
Argentina,2020-06-04,19255.0,428.0,5883.0,583.0,0.0303,949.0,14.0
Argentina,2020-06-05,20184.0,449.0,5980.0,608.0,0.0301,929.0,25.0
Argentina,2020-06-06,21024.0,468.0,6075.0,632.0,0.0301,840.0,24.0
Argentina,2020-06-07,21024.0,468.0,6075.0,632.0,0.0301,0.0,0.0
Argentina,2020-06-08,22781.0,507.0,6896.0,664.0,0.0291,1757.0,32.0
Argentina,2020-06-09,23607.0,525.0,7292.0,693.0,0.0294,826.0,29.0
Argentina,2020-06-10,23607.0,525.0,7292.0,693.0,0.0294,0.0,0.0
Argentina,2020-06-12,25974.0,578.0,7978.0,735.0,0.0283,2367.0,42.0
Argentina,2020-06-13,28751.0,640.0,8730.0,785.0,0.0273,2777.0,50.0
Argentina,2020-06-14,30282.0,674.0,9070.0,815.0,0.0269,1531.0,30.0
Argentina,2020-06-15,30282.0,674.0,9070.0,815.0,0.0269,0.0,0.0
Argentina,2020-06-16,30282.0,674.0,9070.0,815.0,0.0269,0.0,0.0
Argentina,2020-06-17,34146.0,760.0,10161.0,878.0,0.0257,3864.0,63.0
Argentina,2020-06-18,35539.0,791.0,10499.0,913.0,0.0257,1393.0,35.0
Argentina,2020-06-19,37497.0,834.0,10708.0,948.0,0.0253,1958.0,35.0
Argentina,2020-06-20,39557.0,880.0,11838.0,979.0,0.0247,2060.0,31.0
Argentina,2020-06-21,39557.0,880.0,11838.0,979.0,0.0247,0.0,0.0
Argentina,2020-06-22,41191.0,917.0,12193.0,992.0,0.0241,1634.0,13.0
Argentina,2020-06-23,42772.0,952.0,12715.0,1011.0,0.0236,1581.0,19.0
Argentina,2020-06-24,47190.0,1050.0,13563.0,1078.0,0.0228,4418.0,67.0
Argentina,2020-06-25,49838.0,1109.0,13803.0,1116.0,0.0224,2648.0,38.0
Argentina,2020-06-26,52444.0,1167.0,14775.0,1150.0,0.0219,2606.0,34.0
Argentina,2020-06-27,55330.0,1231.0,18403.0,1184.0,0.0214,2886.0,34.0
Argentina,2020-06-28,55330.0,1231.0,18403.0,1184.0,0.0214,0.0,0.0
Argentina,2020-06-29,59920.0,1333.0,20121.0,1232.0,0.0206,4590.0,48.0
Argentina,2020-06-30,62255.0,1385.0,21125.0,1280.0,0.0206,2335.0,48.0
Argentina,2020-07-01,62255.0,1385.0,21125.0,1280.0,0.0206,0.0,0.0
Argentina,2020-07-02,64517.0,1436.0,22028.0,1307.0,0.0203,2262.0,27.0
Argentina,2020-07-03,69928.0,1556.0,0.0,1385.0,0.0198,5411.0,78.0
Argentina,2020-07-04,72773.0,1619.0,245211.0,1437.0,0.0197,2845.0,52.0
Argentina,2020-07-05,75363.0,1677.0,0.0,1481.0,0.0197,2590.0,44.0
Argentina,2020-07-06,77802.0,1731.0,27584.0,1507.0,0.0194,2439.0,26.0
Argentina,2020-07-07,80434.0,1790.0,28518.0,1582.0,0.0197,2632.0,75.0
Argentina,2020-07-09,87017.0,1936.0,0.0,1694.0,0.0195,6583.0,112.0
Argentina,2020-07-10,90680.0,2018.0,38300.0,1720.0,0.019,3663.0,26.0
Argentina,2020-07-11,94047.0,2093.0,38971.0,1774.0,0.0189,3367.0,54.0
Argentina,2020-07-12,97496.0,2170.0,0.0,1810.0,0.0186,3449.0,36.0
Argentina,2020-07-13,100153.0,2229.0,0.0,1845.0,0.0184,2657.0,35.0
Argentina,2020-07-14,103252.0,2298.0,0.0,1903.0,0.0184,3099.0,58.0
Argentina,2020-07-15,106897.0,2379.0,0.0,1968.0,0.0184,3645.0,65.0
Argentina,2020-07-16,106897.0,2379.0,45467.0,1968.0,0.0184,0.0,0.0
Argentina,2020-07-18,119288.0,2654.0,49767.0,2178.0,0.0183,12391.0,210.0
Argentina,2020-07-19,122511.0,2726.0,52594.0,2220.0,0.0181,3223.0,42.0
Argentina,2020-07-19,122511.0,2726.0,52594.0,2220.0,0.0181,0.0,0.0
Argentina,2020-07-21,126742.0,2820.0,55900.0,2260.0,0.0178,4231.0,40.0
Argentina,2020-07-22,136105.0,3029.0,58585.0,2490.0,0.0183,9363.0,230.0
Argentina,2020-07-23,136105.0,3029.0,58585.0,2490.0,0.0183,0.0,0.0
Argentina,2020-07-24,141887.0,3157.0,60518.0,2588.0,0.0182,5782.0,98.0
Argentina,2020-07-25,153507.0,3416.0,65434.0,2807.0,0.0183,11620.0,219.0
Argentina,2020-07-26,158321.0,3523.0,68009.0,2893.0,0.0183,4814.0,86.0
Argentina,2020-07-27,162513.0,3616.0,70505.0,2939.0,0.0181,4192.0,46.0
Argentina,2020-07-28,167403.0,3725.0,72562.0,3059.0,0.0183,4890.0,120.0
Argentina,2020-07-29,173342.0,3857.0,75070.0,3179.0,0.0183,5939.0,120.0
Argentina,2020-07-30,173342.0,3857.0,75070.0,3179.0,0.0183,0.0,0.0
Argentina,2020-07-31,178983.0,3983.0,77842.0,3288.0,0.0184,5641.0,109.0
Argentina,2020-08-01,191289.0,4257.0,83767.0,3543.0,0.0185,12306.0,255.0
Argentina,2020-08-02,196530.0,4373.0,86486.0,3596.0,0.0183,5241.0,53.0
Argentina,2020-08-03,196530.0,4373.0,86486.0,3596.0,0.0183,0.0,0.0
Argentina,2020-08-04,201906.0,4493.0,89013.0,3648.0,0.0181,5376.0,52.0
Argentina,2020-08-05,206730.0,4600.0,91289.0,3813.0,0.0184,4824.0,165.0
Argentina,2020-08-06,213522.0,4751.0,94116.0,3979.0,0.0186,6792.0,166.0
Argentina,2020-08-07,220669.0,4910.0,96935.0,4106.0,0.0186,7147.0,127.0
Argentina,2020-08-08,228182.0,5078.0,99839.0,4251.0,0.0186,7513.0,145.0
Argentina,2020-08-09,241798.0,5381.0,108229.0,4523.0,0.0187,13616.0,272.0
Argentina,2020-08-10,246486.0,5485.0,108229.0,4606.0,0.0187,4688.0,83.0
Argentina,2020-08-11,246486.0,5485.0,170096.0,4606.0,0.0187,0.0,0.0
Argentina,2020-08-12,260898.0,5806.0,181376.0,5004.0,0.0192,14412.0,398.0
Argentina,2020-08-13,268561.0,5976.0,187270.0,5213.0,0.0194,7663.0,209.0
Argentina,2020-08-14,268561.0,5976.0,187270.0,5213.0,0.0194,0.0,0.0
Argentina,2020-08-15,276059.0,6143.0,192421.0,5362.0,0.0194,7498.0,149.0
Argentina,2020-08-16,282424.0,6285.0,198992.0,5527.0,0.0196,6365.0,165.0
Argentina,2020-08-17,294556.0,6555.0,211689.0,5703.0,0.0194,12132.0,176.0
Argentina,2020-08-18,299113.0,6656.0,217837.0,5814.0,0.0194,4557.0,111.0
Argentina,2020-08-19,305953.0,6808.0,223518.0,6048.0,0.0198,6840.0,234.0
Argentina,2020-08-20,312646.0,6957.0,228712.0,6330.0,0.0202,6693.0,282.0
Argentina,2020-08-22,320871.0,7140.0,233638.0,6517.0,0.0203,8225.0,187.0
Argentina,2020-08-23,336789.0,7494.0,245768.0,6848.0,0.0203,15918.0,331.0
Argentina,2020-08-24,342141.0,7614.0,251387.0,6985.0,0.0204,5352.0,137.0
Argentina,2020-08-25,342141.0,7614.0,251387.0,6985.0,0.0204,0.0,0.0
Argentina,2020-08-26,350854.0,7807.0,256776.0,7366.0,0.021,8713.0,381.0
Argentina,2020-08-27,370175.0,8237.0,0.0,7839.0,0.0212,19321.0,473.0
Argentina,2020-08-28,370175.0,8237.0,268788.0,7839.0,0.0212,0.0,0.0
Argentina,2020-08-29,391996.0,8723.0,280152.0,8271.0,0.0211,21821.0,432.0
Argentina,2020-08-30,401226.0,8928.0,287207.0,8353.0,0.0208,9230.0,82.0
Argentina,2020-08-31,408413.0,9088.0,293994.0,8457.0,0.0207,7187.0,104.0
Argentina,2020-09-01,417722.0,9295.0,301182.0,8660.0,0.0207,9309.0,203.0
Argentina,2020-09-02,428226.0,9529.0,308863.0,8919.0,0.0208,10504.0,259.0
Argentina,2020-09-03,428226.0,9529.0,308863.0,8919.0,0.0208,0.0,0.0
Argentina,2020-09-04,451185.0,10040.0,322448.0,9361.0,0.0207,22959.0,442.0
Argentina,2020-09-05,451185.0,10040.0,322448.0,9361.0,0.0207,0.0,0.0
Argentina,2020-09-07,478779.0,10654.0,349119.0,9859.0,0.0206,27594.0,498.0
Argentina,2020-09-08,478779.0,10654.0,349119.0,9859.0,0.0206,0.0,0.0
Argentina,2020-09-09,487994.0,10859.0,357375.0,10129.0,0.0208,9215.0,270.0
Argentina,2020-09-10,512280.0,11400.0,382477.0,10658.0,0.0208,24286.0,529.0
Argentina,2020-09-11,512280.0,11400.0,382477.0,10658.0,0.0208,0.0,0.0
Argentina,2020-09-12,535692.0,11921.0,400108.0,11148.0,0.0208,23412.0,490.0
Argentina,2020-09-12,535692.0,11921.0,400108.0,11148.0,0.0208,0.0,0.0
