Location,Date,Confirmed,Case_Per_1M_people,Recovered,Deaths,Mortality,Cases per 1 million people,NewCases,NewConfirmed,NewDeaths
Armenia,2020-03-31,482.0,191.73,30.0,3.0,0.0062240659999999995,,,0.0,0.0
Armenia,2020-04-01,571.0,227.13,30.0,3.0,0.005253940455341506,,,89.0,0.0
Armenia,2020-04-02,571.0,227.13,31.0,3.0,0.005253940455341506,,,0.0,0.0
Armenia,2020-04-03,663.0,263.73,31.0,4.0,0.006033182503770739,,,92.0,1.0
Armenia,2020-04-07,833.0,281.66,62.0,8.0,0.009603841536614643,,,170.0,4.0
Armenia,2020-04-10,921.0,311.41,138.0,10.0,0.010857763300760043,,,88.0,2.0
Armenia,2020-04-11,937.0,316.82,149.0,11.0,0.011739594450373531,,,16.0,1.0
Armenia,2020-04-12,967.0,326.97,173.0,13.0,0.01344364012409514,,,30.0,2.0
Armenia,2020-04-14,1039.0,351.31,211.0,14.0,0.013474494706448507,,,72.0,1.0
Armenia,2020-04-17,1159.0,391.89,358.0,18.0,0.015530629853321829,,,120.0,4.0
Armenia,2020-04-18,1248.0,421.98,523.0,20.0,0.016025641025641024,,,89.0,2.0
Armenia,2020-04-20,1291.0,436.52,545.0,20.0,0.01549186676994578,,,43.0,0.0
Armenia,2020-04-22,1401.0,473.71,609.0,24.0,0.01713062098501071,,,110.0,4.0
Armenia,2020-04-23,1473.0,498.06,633.0,24.0,0.016293279022403257,,,72.0,0.0
Armenia,2020-04-24,1596.0,539.64,728.0,27.0,0.016917293233082706,,,123.0,3.0
Armenia,2020-04-25,1596.0,539.64,728.0,27.0,0.016917293233082706,,,0.0,0.0
Armenia,2020-04-26,1677.0,567.03,803.0,28.0,0.016696481812760882,,,81.0,1.0
Armenia,2020-04-27,1746.0,590.36,833.0,28.0,0.01603665521191294,,,69.0,0.0
Armenia,2020-04-28,1808.0,611.33,848.0,29.0,0.016039823008849558,,,62.0,1.0
Armenia,2020-04-29,1867.0,631.28,866.0,30.0,0.016068559185859668,,,59.0,1.0
Armenia,2020-04-30,1867.0,631.28,866.0,30.0,0.016068559185859668,,,0.0,0.0
Armenia,2020-05-01,2066.0,699.0,929.0,32.0,0.015488867376573087,,,199.0,2.0
Armenia,2020-05-02,2148.0,726.0,977.0,33.0,0.015363128491620113,,,82.0,1.0
Armenia,2020-05-03,2273.0,769.0,1010.0,33.0,0.014518257809062912,,,125.0,0.0
Armenia,2020-05-04,2273.0,769.0,1010.0,33.0,0.014518257809062912,,,0.0,0.0
Armenia,2020-05-05,2507.0,848.0,1071.0,39.0,0.015556441962504988,,,234.0,6.0
Armenia,2020-05-06,2619.0,886.0,1111.0,40.0,0.015273004963726612,,,112.0,1.0
Armenia,2020-05-07,2782.0,941.0,1111.0,47.0,0.01689432063263839,,,163.0,7.0
Armenia,2020-05-08,2884.0,975.0,1185.0,42.0,0.014563106796116504,,,102.0,0.0
Armenia,2020-05-09,3029.0,1024.0,1218.0,43.0,0.014196104324859687,,,145.0,1.0
Armenia,2020-05-10,3175.0,1074.0,1267.0,44.0,0.013858267716535434,,,146.0,1.0
Armenia,2020-05-11,3313.0,1120.0,1325.0,45.0,0.013582855418050106,,,138.0,1.0
Armenia,2020-05-12,3392.0,1147.0,1359.0,46.0,0.013561320754716982,,,79.0,1.0
Armenia,2020-05-13,3718.0,1257.0,1500.0,48.0,0.012910166756320602,,,326.0,2.0
Armenia,2020-05-15,3860.0,1305.0,1572.0,49.0,0.012694300518134714,,,142.0,1.0
Armenia,2020-05-16,4044.0,1367.0,1666.0,52.0,0.012858555885262116,,,184.0,3.0
Armenia,2020-05-17,4283.0,1448.0,1791.0,55.0,0.012841466261965912,,,239.0,3.0
Armenia,2020-05-18,4472.0,1512.0,1925.0,60.0,0.013416815742397135,,,189.0,5.0
Armenia,2020-05-19,4823.0,1631.0,2019.0,61.0,0.012647729628861704,,,351.0,1.0
Armenia,2020-05-20,5041.0,1704.0,2164.0,64.0,0.012695893671890498,,,218.0,3.0
,2020-05-21,,,,,,,,,
Armenia,2020-05-22,5606.0,1896.0,2581.0,70.0,0.012486621476988941,,,,
Armenia,2020-05-23,5928.0,2004.0,2874.0,74.0,0.012483130904183536,,,322.0,4.0
Armenia,2020-05-24,6302.0,2131.0,2936.0,77.0,0.012218343383053,,,374.0,3.0
Armenia,2020-05-25,6661.0,2252.0,3064.0,81.0,0.012160336285842966,,,359.0,4.0
Armenia,2020-05-26,7113.0,2405.0,3145.0,87.0,0.012231126107127795,,,452.0,6.0
Armenia,2020-05-27,7402.0,2503.0,3220.0,91.0,0.012293974601459066,,,289.0,4.0
Armenia,2020-05-28,7774.0,2629.0,3255.0,98.0,0.01260612297401595,,,372.0,7.0
Armenia,2020-05-29,8216.0,2778.0,3287.0,113.0,0.013753651411879259,,,442.0,15.0
Armenia,2020-05-30,8676.0,2934.0,3297.0,120.0,0.013831258644536652,,,460.0,7.0
Armenia,2020-05-31,8927.0,3018.0,3317.0,127.0,0.014226503864680185,,,251.0,7.0
Armenia,2020-06-01,9282.0,3138.0,3386.0,131.0,0.01411333764274941,,,355.0,4.0
Armenia,2020-06-02,9492.0,3209.0,3402.0,139.0,0.014643910661609775,,,210.0,8.0
Armenia,2020-06-03,10009.0,3384.0,3427.0,158.0,0.0158,,,517.0,19.0
Armenia,2020-06-04,10524.0,3558.0,3454.0,170.0,0.0162,,,515.0,12.0
Armenia,2020-06-05,11221.0,3794.0,3468.0,176.0,0.0157,,,697.0,6.0
Armenia,2020-06-06,11817.0,3996.0,3513.0,183.0,0.0155,,,596.0,7.0
Armenia,2020-06-07,12364.0,4181.0,3720.0,90.0,0.0073,,,547.0,0.0
Armenia,2020-06-08,13130.0,4440.0,4014.0,200.0,0.0152,,,766.0,110.0
Armenia,2020-06-09,13325.0,4505.0,4099.0,211.0,0.0158,,,195.0,11.0
Armenia,2020-06-10,13675.0,4624.0,4451.0,217.0,0.0159,,,350.0,6.0
Armenia,2020-06-12,14669.0,4960.0,5466.0,245.0,0.0167,,,994.0,28.0
Armenia,2020-06-13,14669.0,4960.0,5466.0,245.0,0.0167,,,0.0,0.0
Armenia,2020-06-14,16004.0,5411.0,6081.0,264.0,0.0165,,,1335.0,19.0
Armenia,2020-06-15,16667.0,5636.0,6214.0,269.0,0.0161,,,663.0,5.0
Armenia,2020-06-16,17064.0,5770.0,6276.0,285.0,0.0167,,,397.0,16.0
Armenia,2020-06-17,17489.0,5913.0,6571.0,293.0,0.0168,,,425.0,8.0
Armenia,2020-06-18,18698.0,6322.0,7560.0,309.0,0.0165,,,1209.0,16.0
Armenia,2020-06-19,18698.0,6322.0,7560.0,309.0,0.0165,,,0.0,0.0
Armenia,2020-06-20,19157.0,6477.0,8266.0,319.0,0.0167,,,459.0,10.0
Armenia,2020-06-21,19708.0,6664.0,8854.0,332.0,0.0168,,,551.0,13.0
Armenia,2020-06-22,20268.0,6853.0,9002.0,350.0,0.0173,,,560.0,18.0
Armenia,2020-06-23,20588.0,6961.0,9131.0,360.0,0.0175,,,320.0,10.0
Armenia,2020-06-24,21006.0,7103.0,10144.0,372.0,0.0177,,,418.0,12.0
Armenia,2020-06-25,21717.0,7343.0,10797.0,386.0,0.0178,,,711.0,14.0
Armenia,2020-06-26,22488.0,7604.0,11335.0,397.0,0.0177,,,771.0,11.0
Armenia,2020-06-27,23247.0,7860.0,12149.0,410.0,0.0176,,,759.0,13.0
Armenia,2020-06-28,23909.0,8084.0,12911.0,420.0,0.0176,,,662.0,10.0
Armenia,2020-06-29,24645.0,8333.0,13116.0,426.0,0.0173,,,736.0,6.0
Armenia,2020-06-30,25127.0,8496.0,13297.0,433.0,0.0172,,,482.0,7.0
Armenia,2020-07-01,25542.0,8636.0,14048.0,443.0,0.0173,,,415.0,10.0
Armenia,2020-07-02,26065.0,8813.0,14563.0,453.0,0.0174,,,523.0,10.0
Armenia,2020-07-03,26658.0,9014.0,15036.0,459.0,0.0172,,,593.0,6.0
Armenia,2020-07-04,27320.0,9238.0,15484.0,469.0,0.0172,,,662.0,10.0
Armenia,2020-07-05,27900.0,9434.0,15935.0,477.0,0.0171,,,580.0,8.0
Armenia,2020-07-06,28606.0,9672.0,16140.0,484.0,0.0169,,,706.0,7.0
Armenia,2020-07-07,28936.0,9784.0,16302.0,491.0,0.017,,,330.0,7.0
Armenia,2020-07-09,29820.0,10083.0,17427.0,521.0,0.0175,,,884.0,30.0
Armenia,2020-07-10,30346.0,10261.0,0.0,521.0,0.0172,,,526.0,0.0
Armenia,2020-07-11,30903.0,10449.0,18709.0,546.0,0.0177,,,557.0,25.0
Armenia,2020-07-12,31392.0,10614.0,19419.0,559.0,0.0178,,,489.0,13.0
Armenia,2020-07-14,32151.0,10871.0,19865.0,573.0,0.0178,,,759.0,14.0
Armenia,2020-07-15,32490.0,10986.0,20729.0,581.0,0.0179,,,339.0,8.0
Armenia,2020-07-16,32490.0,10986.0,20729.0,581.0,0.0179,,,0.0,0.0
Armenia,2020-07-18,34001.0,11497.0,22492.0,620.0,0.0182,,,1511.0,39.0
Armenia,2020-07-19,34462.0,11652.0,23123.0,631.0,0.0183,,,461.0,11.0
Armenia,2020-07-19,34462.0,11652.0,23123.0,631.0,0.0183,,,0.0,0.0
Armenia,2020-07-21,34877.0,11793.0,0.0,641.0,0.0184,,,415.0,10.0
Armenia,2020-07-22,35254.0,11920.0,24206.0,662.0,0.0188,,,377.0,21.0
Armenia,2020-07-23,35693.0,12069.0,0.0,678.0,0.019,,,439.0,16.0
Armenia,2020-07-24,35693.0,12069.0,24766.0,678.0,0.019,,,0.0,0.0
Armenia,2020-07-25,36613.0,12380.0,25734.0,692.0,0.0189,,,920.0,14.0
Armenia,2020-07-26,36996.0,12509.0,26243.0,700.0,0.0189,,,383.0,8.0
Armenia,2020-07-27,37317.0,12618.0,26478.0,705.0,0.0189,,,321.0,5.0
Armenia,2020-07-28,37390.0,12642.0,26665.0,711.0,0.019,,,73.0,6.0
Armenia,2020-07-29,37629.0,12723.0,27357.0,719.0,0.0191,,,239.0,8.0
Armenia,2020-07-30,37937.0,12827.0,27357.0,723.0,0.0191,,,308.0,4.0
Armenia,2020-07-31,37937.0,12827.0,27824.0,723.0,0.0191,,,0.0,0.0
Armenia,2020-08-01,38550.0,13035.0,28997.0,738.0,0.0191,,,613.0,15.0
Armenia,2020-08-02,38841.0,13133.0,29557.0,749.0,0.0193,,,291.0,11.0
Armenia,2020-08-03,39050.0,13204.0,29750.0,754.0,0.0193,,,209.0,5.0
Armenia,2020-08-04,39050.0,13204.0,29750.0,754.0,0.0193,,,0.0,0.0
Armenia,2020-08-05,39102.0,13221.0,29861.0,762.0,0.0195,,,52.0,8.0
Armenia,2020-08-06,39586.0,13385.0,30850.0,770.0,0.0195,,,484.0,8.0
Armenia,2020-08-07,39586.0,13385.0,30850.0,770.0,0.0195,,,0.0,0.0
Armenia,2020-08-08,39819.0,13464.0,31556.0,772.0,0.0194,,,233.0,2.0
Armenia,2020-08-09,40185.0,13587.0,32395.0,785.0,0.0195,,,366.0,13.0
Armenia,2020-08-10,40410.0,13664.0,32520.0,791.0,0.0196,,,225.0,6.0
Armenia,2020-08-11,40433.0,13671.0,32616.0,796.0,0.0197,,,23.0,5.0
Armenia,2020-08-12,40593.0,13725.0,33157.0,803.0,0.0198,,,160.0,7.0
Armenia,2020-08-13,40794.0,13793.0,33492.0,806.0,0.0198,,,201.0,3.0
Armenia,2020-08-14,41023.0,13871.0,33897.0,809.0,0.0197,,,229.0,3.0
Armenia,2020-08-15,41299.0,13964.0,34164.0,814.0,0.0197,,,276.0,5.0
Armenia,2020-08-16,41495.0,14030.0,34484.0,817.0,0.0197,,,196.0,3.0
Armenia,2020-08-17,41663.0,14087.0,34584.0,818.0,0.0196,,,168.0,1.0
Armenia,2020-08-18,41663.0,14087.0,34584.0,818.0,0.0196,,,0.0,0.0
Armenia,2020-08-19,41846.0,14149.0,34982.0,832.0,0.0199,,,183.0,14.0
Armenia,2020-08-20,42056.0,14220.0,35226.0,832.0,0.0198,,,210.0,0.0
Armenia,2020-08-22,42477.0,14362.0,35693.0,842.0,0.0198,,,421.0,10.0
Armenia,2020-08-23,42477.0,14362.0,35693.0,842.0,0.0198,,,0.0,0.0
Armenia,2020-08-24,42792.0,14469.0,35991.0,852.0,0.0199,,,315.0,10.0
Armenia,2020-08-25,42825.0,14480.0,36049.0,854.0,0.0199,,,33.0,2.0
Armenia,2020-08-26,42936.0,14518.0,0.0,858.0,0.02,,,111.0,4.0
Armenia,2020-08-27,43067.0,14562.0,36729.0,861.0,0.02,,,131.0,3.0
Armenia,2020-08-28,43270.0,14631.0,36988.0,864.0,0.02,,,203.0,3.0
Armenia,2020-08-29,43451.0,14692.0,37264.0,869.0,0.02,,,181.0,5.0
Armenia,2020-08-30,43451.0,14692.0,37264.0,869.0,0.02,,,0.0,0.0
Armenia,2020-08-31,43750.0,14793.0,37650.0,877.0,0.02,,,299.0,8.0
Armenia,2020-09-01,43750.0,14793.0,37650.0,877.0,0.02,,,0.0,0.0
Armenia,2020-09-02,43781.0,14803.0,0.0,879.0,0.0201,,,31.0,2.0
Armenia,2020-09-03,44075.0,14903.0,38631.0,884.0,0.0201,,,294.0,5.0
Armenia,2020-09-04,44271.0,14969.0,38855.0,887.0,0.02,,,196.0,3.0
Armenia,2020-09-05,44461.0,15033.0,39257.0,887.0,0.02,,,190.0,0.0
Armenia,2020-09-07,44461.0,15033.0,39257.0,887.0,0.02,,,0.0,0.0
Armenia,2020-09-08,44845.0,15163.0,40121.0,900.0,0.0201,,,384.0,13.0
Armenia,2020-09-09,44953.0,15200.0,40592.0,903.0,0.0201,,,108.0,3.0
Armenia,2020-09-10,45152.0,15267.0,41023.0,905.0,0.02,,,199.0,2.0
Armenia,2020-09-11,45326.0,15326.0,41233.0,906.0,0.02,,,174.0,1.0
Armenia,2020-09-12,45503.0,15386.0,41434.0,909.0,0.02,,,177.0,3.0
Armenia,2020-09-13,45675.0,15444.0,41605.0,911.0,0.0199,,,172.0,2.0
Armenia,2020-09-14,45675.0,15444.0,41605.0,911.0,0.0199,,,0.0,0.0
Armenia,2020-09-15,45969.0,15543.0,41693.0,919.0,0.02,,,294.0,8.0
Armenia,2020-09-16,46119.0,15594.0,41941.0,920.0,0.0199,,,150.0,1.0
Armenia,2020-09-17,46376.0,15681.0,42069.0,923.0,0.0199,,,257.0,3.0
Armenia,2020-09-18,46671.0,15781.0,42231.0,925.0,0.0198,,,295.0,2.0
Armenia,2020-09-20,46910.0,15861.0,0.0,926.0,0.0197,,,239.0,1.0
Armenia,2020-09-21,47431.0,16038.0,42608.0,930.0,0.0196,,,521.0,4.0
Armenia,2020-09-22,47552.0,16078.0,42637.0,936.0,0.0197,,,121.0,6.0
Armenia,2020-09-23,47667.0,16117.0,42676.0,938.0,0.0197,,,115.0,2.0
Armenia,2020-09-24,47877.0,0.0,,942.0,0.0197,16188.0,,210.0,4.0
Armenia,2020-09-25,47877.0,0.0,,942.0,0.0197,16188.0,,0.0,0.0
Armenia,2020-09-26,48643.0,0.0,,947.0,0.0195,16447.0,,766.0,5.0
Armenia,2020-09-27,48643.0,0.0,,947.0,0.0195,16447.0,,0.0,0.0
Armenia,2020-09-28,49400.0,0.0,,951.0,0.0193,16703.0,,757.0,4.0
Armenia,2020-09-29,49574.0,0.0,,957.0,0.0193,16762.0,,174.0,6.0
Armenia,2020-09-30,49574.0,0.0,,957.0,0.0193,16762.0,,0.0,0.0
Armenia,2020-10-02,50850.0,0.0,,963.0,0.0189,17194.0,,1276.0,6.0
Armenia,2020-10-03,50850.0,0.0,,963.0,0.0189,17194.0,,0.0,0.0
Armenia,2020-10-04,51382.0,0.0,,966.0,0.0188,17373.0,,532.0,3.0
Armenia,2020-10-05,51925.0,0.0,,972.0,0.0187,17557.0,,543.0,6.0
Armenia,2020-10-06,52496.0,0.0,,977.0,0.0186,17750.0,,571.0,5.0
Armenia,2020-10-08,53083.0,0.0,,990.0,0.0187,17949.0,,587.0,13.0
Armenia,2020-10-09,53755.0,0.0,,995.0,0.0185,18176.0,,672.0,5.0
Armenia,2020-10-10,54473.0,0.0,,1004.0,0.0184,18419.0,,718.0,9.0
Armenia,2020-10-11,55087.0,0.0,,1010.0,0.0183,18626.0,,614.0,6.0
Armenia,2020-10-12,55736.0,0.0,,1016.0,0.0182,18846.0,,649.0,6.0
Armenia,2020-10-13,56451.0,0.0,,1020.0,0.0181,19087.0,,715.0,4.0
Armenia,2020-10-14,56821.0,0.0,,1026.0,0.0181,19213.0,,370.0,6.0
Armenia,2020-10-15,57566.0,0.0,,1032.0,0.0179,19464.0,,745.0,6.0
Armenia,2020-10-18,61460.0,0.0,,1056.0,0.0172,20781.0,,3894.0,24.0
Armenia,2020-10-19,63000.0,0.0,,1067.0,0.0169,21302.0,,1540.0,11.0
Armenia,2020-10-20,64694.0,0.0,,1081.0,0.0167,21875.0,,1694.0,14.0
Armenia,2020-10-22,66694.0,0.0,,1101.0,0.0165,22551.0,,2000.0,20.0
Armenia,2020-10-23,68530.0,0.0,,1121.0,0.0164,23172.0,,1836.0,20.0
Armenia,2020-10-24,70836.0,0.0,,1131.0,0.016,23951.0,,2306.0,10.0
Armenia,2020-10-25,73310.0,0.0,,1145.0,0.0156,24788.0,,2474.0,14.0
Armenia,2020-10-26,75523.0,0.0,,1157.0,0.0153,25536.0,,2213.0,12.0
Armenia,2020-10-27,77837.0,0.0,,1180.0,0.0152,26319.0,,2314.0,23.0
Armenia,2020-10-28,80410.0,27189.0,,1222.0,0.0152,,1600.0,2573.0,42.0
Armenia,2020-10-29,80410.0,27189.0,,1222.0,0.0152,,1600.0,0.0,0.0
Armenia,2020-10-30,82651.0,27946.0,,1243.0,0.015,,2241.0,2241.0,21.0
Armenia,2020-10-31,85034.0,28752.0,,1272.0,0.015,,2383.0,2383.0,29.0
Armenia,2020-11-01,87432.0,29563.0,,1300.0,0.0149,,2398.0,2398.0,28.0
Armenia,2020-11-02,89813.0,30368.0,,1341.0,0.0149,,2381.0,2381.0,41.0
Armenia,2020-11-03,92254.0,31193.0,,1363.0,0.0148,,2441.0,2441.0,22.0
Armenia,2020-11-04,93448.0,31597.0,,1391.0,0.0149,,1194.0,1194.0,28.0
Armenia,2020-11-05,94776.0,32046.0,,1413.0,0.0149,,1328.0,1328.0,22.0
Armenia,2020-11-06,97150.0,32849.0,,1448.0,0.0149,,2374.0,2374.0,35.0
Armenia,2020-11-07,99563.0,33665.0,,1476.0,0.0148,,2413.0,2413.0,28.0
Armenia,2020-11-08,101773.0,34412.0,,1506.0,0.0148,,2210.0,2210.0,30.0
Armenia,2020-11-09,104249.0,35249.0,,1533.0,0.0147,,2476.0,2476.0,27.0
Armenia,2020-11-10,106424.0,35984.0,,1559.0,0.0146,,2175.0,2175.0,26.0
Armenia,2020-11-11,107466.0,36337.0,,1580.0,0.0147,,1042.0,1042.0,21.0
Armenia,2020-11-12,108687.0,36750.0,,1609.0,0.0148,,1221.0,1221.0,29.0
Armenia,2020-11-13,110548.0,37379.0,,1636.0,0.0148,,1861.0,1861.0,27.0
Armenia,2020-11-15,114383.0,38676.0,,1697.0,0.0148,,1703.0,3835.0,61.0
Armenia,2020-11-16,115855.0,39173.0,,1738.0,0.015,,1472.0,1472.0,41.0
Armenia,2020-11-17,117337.0,39674.0,,1763.0,0.015,,1482.0,1482.0,25.0
Armenia,2020-11-18,117886.0,39860.0,,1788.0,0.0152,,549.0,549.0,25.0
Armenia,2020-11-19,118870.0,40193.0,,1811.0,0.0152,,984.0,984.0,23.0
Armenia,2020-11-20,120459.0,40730.0,,1839.0,0.0153,,1589.0,1589.0,28.0
Armenia,2020-11-21,121979.0,41244.0,,1870.0,0.0153,,1520.0,1520.0,31.0
Armenia,2020-11-22,123646.0,41808.0,,1900.0,0.0154,,1667.0,1667.0,30.0
Armenia,2020-11-23,124839.0,42211.0,,1931.0,0.0155,,1193.0,1193.0,31.0
Armenia,2020-11-24,126224.0,42679.0,,1952.0,0.0155,,1385.0,1385.0,21.0
Armenia,2020-11-25,126709.0,42843.0,,1976.0,0.0156,,485.0,485.0,24.0
Armenia,2020-11-26,127522.0,43118.0,,2002.0,0.0157,,813.0,813.0,26.0
Armenia,2020-11-27,129085.0,43647.0,,2040.0,0.0158,,1563.0,1563.0,38.0
