Location,Date,Confirmed,Case_Per_1M_people,Recovered,Deaths,Mortality,Cases per 1 million people,NewCases,NewConfirmed,NewDeaths
Aruba,2020-03-31,50.0,464.48,0.0,0.0,0.0,,,0.0,0.0
Aruba,2020-04-01,55.0,510.93,1.0,0.0,0.0,,,5.0,0.0
Aruba,2020-04-02,55.0,510.93,1.0,0.0,0.0,,,0.0,0.0
Aruba,2020-04-03,60.0,557.38,1.0,0.0,0.0,,,5.0,0.0
Aruba,2020-04-07,64.0,569.86,1.0,0.0,0.0,,,4.0,0.0
Aruba,2020-04-10,82.0,730.13,20.0,0.0,0.0,,,18.0,0.0
Aruba,2020-04-11,86.0,765.74,27.0,0.0,0.0,,,4.0,0.0
Aruba,2020-04-12,92.0,819.17,29.0,0.0,0.0,,,6.0,0.0
Aruba,2020-04-14,92.0,819.17,32.0,0.0,0.0,,,0.0,0.0
Aruba,2020-04-17,95.0,845.88,39.0,2.0,0.021052631578947368,,,3.0,2.0
Aruba,2020-04-18,96.0,854.78,43.0,2.0,0.02083333333333333,,,1.0,0.0
Aruba,2020-04-20,97.0,863.69,49.0,2.0,0.020618556701030927,,,1.0,0.0
Aruba,2020-04-22,97.0,863.69,51.0,2.0,0.020618556701030927,,,0.0,0.0
Aruba,2020-04-23,100.0,890.4,68.0,2.0,0.02,,,3.0,0.0
Aruba,2020-04-24,100.0,890.4,69.0,2.0,0.02,,,0.0,0.0
Aruba,2020-04-25,100.0,890.4,69.0,2.0,0.02,,,0.0,0.0
Aruba,2020-04-26,100.0,890.4,69.0,2.0,0.02,,,0.0,0.0
Aruba,2020-04-27,100.0,890.4,73.0,2.0,0.02,,,0.0,0.0
Aruba,2020-04-28,100.0,890.4,73.0,2.0,0.02,,,0.0,0.0
Aruba,2020-04-29,100.0,890.4,73.0,2.0,0.02,,,0.0,0.0
Aruba,2020-04-30,100.0,890.4,73.0,2.0,0.02,,,0.0,0.0
Aruba,2020-05-01,100.0,890.0,79.0,2.0,0.02,,,0.0,0.0
Aruba,2020-05-02,100.0,890.0,81.0,2.0,0.02,,,0.0,0.0
Aruba,2020-05-03,100.0,890.0,81.0,2.0,0.02,,,0.0,0.0
Aruba,2020-05-04,100.0,890.0,81.0,2.0,0.02,,,0.0,0.0
Aruba,2020-05-05,100.0,890.0,81.0,2.0,0.02,,,0.0,0.0
Aruba,2020-05-06,101.0,899.0,82.0,2.0,0.0198019801980198,,,1.0,0.0
Aruba,2020-05-07,101.0,899.0,89.0,2.0,0.0198019801980198,,,0.0,0.0
Aruba,2020-05-08,101.0,899.0,89.0,3.0,0.0297029702970297,,,0.0,1.0
Aruba,2020-05-09,101.0,899.0,89.0,3.0,0.0297029702970297,,,0.0,0.0
Aruba,2020-05-10,101.0,899.0,89.0,3.0,0.0297029702970297,,,0.0,0.0
Aruba,2020-05-11,101.0,899.0,89.0,3.0,0.0297029702970297,,,0.0,0.0
Aruba,2020-05-12,101.0,899.0,89.0,3.0,0.0297029702970297,,,0.0,0.0
Aruba,2020-05-13,101.0,899.0,89.0,3.0,0.0297029702970297,,,0.0,0.0
Aruba,2020-05-15,101.0,899.0,93.0,3.0,0.0297029702970297,,,0.0,0.0
Aruba,2020-05-16,101.0,899.0,93.0,3.0,0.0297029702970297,,,0.0,0.0
Aruba,2020-05-17,101.0,899.0,93.0,3.0,0.0297029702970297,,,0.0,0.0
Aruba,2020-05-18,101.0,899.0,93.0,3.0,0.0297029702970297,,,0.0,0.0
Aruba,2020-05-19,101.0,899.0,93.0,3.0,0.0297029702970297,,,0.0,0.0
Aruba,2020-05-20,101.0,899.0,93.0,3.0,0.0297029702970297,,,0.0,0.0
,2020-05-21,,,,,,,,,
Aruba,2020-05-22,101.0,899.0,95.0,3.0,0.0297029702970297,,,,
Aruba,2020-05-23,101.0,899.0,95.0,3.0,0.0297029702970297,,,0.0,0.0
Aruba,2020-05-24,101.0,899.0,95.0,3.0,0.0297029702970297,,,0.0,0.0
Aruba,2020-05-25,101.0,899.0,95.0,3.0,0.0297029702970297,,,0.0,0.0
Aruba,2020-05-26,101.0,899.0,95.0,3.0,0.0297029702970297,,,0.0,0.0
Aruba,2020-05-27,101.0,899.0,95.0,3.0,0.0297029702970297,,,0.0,0.0
Aruba,2020-05-28,101.0,899.0,97.0,3.0,0.0297029702970297,,,0.0,0.0
Aruba,2020-05-29,101.0,899.0,97.0,3.0,0.0297029702970297,,,0.0,0.0
Aruba,2020-05-30,101.0,899.0,98.0,3.0,0.0297029702970297,,,0.0,0.0
Aruba,2020-05-31,101.0,899.0,98.0,3.0,0.0297029702970297,,,0.0,0.0
Aruba,2020-06-01,101.0,899.0,98.0,3.0,0.0297029702970297,,,0.0,0.0
Aruba,2020-06-02,101.0,899.0,98.0,3.0,0.0297029702970297,,,0.0,0.0
Aruba,2020-06-03,101.0,899.0,98.0,3.0,0.0297,,,0.0,0.0
Aruba,2020-06-04,101.0,899.0,98.0,3.0,0.0297,,,0.0,0.0
Aruba,2020-06-05,101.0,899.0,98.0,3.0,0.0297,,,0.0,0.0
Aruba,2020-06-06,101.0,899.0,98.0,3.0,0.0297,,,0.0,0.0
Aruba,2020-06-07,101.0,899.0,98.0,3.0,0.0297,,,0.0,0.0
Aruba,2020-06-08,101.0,899.0,98.0,3.0,0.0297,,,0.0,0.0
Aruba,2020-06-09,101.0,899.0,98.0,3.0,0.0297,,,0.0,0.0
Aruba,2020-06-10,101.0,899.0,98.0,3.0,0.0297,,,0.0,0.0
Aruba,2020-06-12,101.0,899.0,98.0,3.0,0.0297,,,0.0,0.0
Aruba,2020-06-13,101.0,899.0,98.0,3.0,0.0297,,,0.0,0.0
Aruba,2020-06-14,101.0,899.0,98.0,3.0,0.0297,,,0.0,0.0
Aruba,2020-06-15,101.0,899.0,98.0,3.0,0.0297,,,0.0,0.0
Aruba,2020-06-16,101.0,899.0,98.0,3.0,0.0297,,,0.0,0.0
Aruba,2020-06-17,101.0,899.0,98.0,3.0,0.0297,,,0.0,0.0
Aruba,2020-06-18,101.0,899.0,98.0,3.0,0.0297,,,0.0,0.0
Aruba,2020-06-19,101.0,899.0,98.0,3.0,0.0297,,,0.0,0.0
Aruba,2020-06-20,101.0,899.0,98.0,3.0,0.0297,,,0.0,0.0
Aruba,2020-06-21,101.0,899.0,98.0,3.0,0.0297,,,0.0,0.0
Aruba,2020-06-22,101.0,899.0,98.0,3.0,0.0297,,,0.0,0.0
Aruba,2020-06-23,101.0,899.0,98.0,3.0,0.0297,,,0.0,0.0
Aruba,2020-06-24,101.0,899.0,98.0,3.0,0.0297,,,0.0,0.0
Aruba,2020-06-25,101.0,899.0,98.0,3.0,0.0297,,,0.0,0.0
Aruba,2020-06-26,101.0,899.0,98.0,3.0,0.0297,,,0.0,0.0
Aruba,2020-06-27,101.0,899.0,98.0,3.0,0.0297,,,0.0,0.0
Aruba,2020-06-28,101.0,899.0,98.0,3.0,0.0297,,,0.0,0.0
Aruba,2020-06-29,101.0,899.0,98.0,3.0,0.0297,,,0.0,0.0
Aruba,2020-06-30,101.0,899.0,98.0,3.0,0.0297,,,0.0,0.0
Aruba,2020-07-01,103.0,917.0,98.0,3.0,0.0291,,,2.0,0.0
Aruba,2020-07-02,103.0,917.0,98.0,3.0,0.0291,,,0.0,0.0
Aruba,2020-07-03,104.0,926.0,98.0,3.0,0.0288,,,1.0,0.0
Aruba,2020-07-04,104.0,926.0,98.0,3.0,0.0288,,,0.0,0.0
Aruba,2020-07-05,105.0,935.0,98.0,3.0,0.0286,,,1.0,0.0
Aruba,2020-07-06,105.0,935.0,98.0,3.0,0.0286,,,0.0,0.0
Aruba,2020-07-07,105.0,935.0,98.0,3.0,0.0286,,,0.0,0.0
Aruba,2020-07-09,105.0,935.0,98.0,3.0,0.0286,,,0.0,0.0
Aruba,2020-07-10,105.0,935.0,98.0,3.0,0.0286,,,0.0,0.0
Aruba,2020-07-11,105.0,935.0,98.0,3.0,0.0286,,,0.0,0.0
Aruba,2020-07-12,105.0,935.0,99.0,3.0,0.0286,,,0.0,0.0
Aruba,2020-07-14,105.0,935.0,99.0,3.0,0.0286,,,0.0,0.0
Aruba,2020-07-15,106.0,944.0,99.0,3.0,0.0283,,,1.0,0.0
Aruba,2020-07-16,106.0,944.0,99.0,3.0,0.0283,,,0.0,0.0
Aruba,2020-07-18,111.0,988.0,100.0,3.0,0.027000000000000003,,,5.0,0.0
Aruba,2020-07-19,111.0,988.0,100.0,3.0,0.027000000000000003,,,0.0,0.0
Aruba,2020-07-19,111.0,988.0,100.0,3.0,0.027000000000000003,,,0.0,0.0
Aruba,2020-07-21,115.0,1024.0,100.0,3.0,0.0261,,,4.0,0.0
Aruba,2020-07-22,117.0,1042.0,100.0,3.0,0.0256,,,2.0,0.0
Aruba,2020-07-23,117.0,1042.0,100.0,3.0,0.0256,,,0.0,0.0
Aruba,2020-07-24,117.0,1042.0,101.0,3.0,0.0256,,,0.0,0.0
Aruba,2020-07-25,118.0,1051.0,102.0,3.0,0.0254,,,1.0,0.0
Aruba,2020-07-26,119.0,1060.0,102.0,3.0,0.0252,,,1.0,0.0
Aruba,2020-07-27,119.0,1060.0,102.0,3.0,0.0252,,,0.0,0.0
Aruba,2020-07-28,119.0,1060.0,102.0,3.0,0.0252,,,0.0,0.0
Aruba,2020-07-29,119.0,1060.0,102.0,3.0,0.0252,,,0.0,0.0
Aruba,2020-07-30,119.0,1060.0,102.0,3.0,0.0252,,,0.0,0.0
Aruba,2020-07-31,120.0,1068.0,105.0,3.0,0.025,,,1.0,0.0
Aruba,2020-08-01,121.0,1077.0,105.0,3.0,0.0248,,,1.0,0.0
Aruba,2020-08-02,121.0,1077.0,105.0,3.0,0.0248,,,0.0,0.0
Aruba,2020-08-03,122.0,1086.0,111.0,3.0,0.0246,,,1.0,0.0
Aruba,2020-08-04,124.0,1104.0,112.0,3.0,0.0242,,,2.0,0.0
Aruba,2020-08-05,127.0,1131.0,112.0,3.0,0.0236,,,3.0,0.0
Aruba,2020-08-06,171.0,1523.0,112.0,3.0,0.0175,,,44.0,0.0
Aruba,2020-08-07,263.0,2342.0,114.0,3.0,0.0114,,,92.0,0.0
Aruba,2020-08-08,396.0,3526.0,114.0,3.0,0.0076,,,133.0,0.0
Aruba,2020-08-09,509.0,4532.0,114.0,3.0,0.0059,,,113.0,0.0
Aruba,2020-08-10,563.0,5013.0,114.0,3.0,0.0053,,,54.0,0.0
Aruba,2020-08-11,630.0,5610.0,114.0,3.0,0.0048,,,67.0,0.0
Aruba,2020-08-12,717.0,6384.0,114.0,3.0,0.0042,,,87.0,0.0
Aruba,2020-08-13,798.0,7105.0,114.0,3.0,0.0038,,,81.0,0.0
Aruba,2020-08-14,894.0,7960.0,114.0,3.0,0.0034,,,96.0,0.0
Aruba,2020-08-15,973.0,8664.0,153.0,4.0,0.0041,,,79.0,1.0
Aruba,2020-08-16,1048.0,9331.0,193.0,4.0,0.0038,,,75.0,0.0
Aruba,2020-08-17,1102.0,9812.0,200.0,4.0,0.0036,,,54.0,0.0
Aruba,2020-08-18,1121.0,9981.0,212.0,4.0,0.0036,,,19.0,0.0
Aruba,2020-08-19,1205.0,10729.0,277.0,4.0,0.0033,,,84.0,0.0
Aruba,2020-08-20,1296.0,11540.0,317.0,5.0,0.0039,,,91.0,1.0
Aruba,2020-08-22,1464.0,13035.0,415.0,6.0,0.0041,,,168.0,1.0
Aruba,2020-08-23,1534.0,13659.0,446.0,7.0,0.0046,,,70.0,1.0
Aruba,2020-08-24,1568.0,13961.0,455.0,7.0,0.0045,,,34.0,0.0
Aruba,2020-08-25,1628.0,14496.0,461.0,7.0,0.0043,,,60.0,0.0
Aruba,2020-08-26,1670.0,14870.0,565.0,8.0,0.0048,,,42.0,1.0
Aruba,2020-08-27,1760.0,15671.0,587.0,8.0,0.0045,,,90.0,0.0
Aruba,2020-08-28,1848.0,16455.0,608.0,8.0,0.0043,,,88.0,0.0
Aruba,2020-08-29,1906.0,16971.0,743.0,9.0,0.0047,,,58.0,1.0
Aruba,2020-08-30,1975.0,17585.0,765.0,10.0,0.0051,,,69.0,1.0
Aruba,2020-08-31,1997.0,17781.0,765.0,10.0,0.005,,,22.0,0.0
Aruba,2020-09-01,2006.0,17861.0,768.0,10.0,0.005,,,9.0,0.0
Aruba,2020-09-02,2104.0,18734.0,857.0,10.0,0.0048,,,98.0,0.0
Aruba,2020-09-03,2211.0,19687.0,934.0,12.0,0.0054,,,107.0,2.0
Aruba,2020-09-04,2292.0,20408.0,1031.0,13.0,0.0057,,,81.0,1.0
Aruba,2020-09-05,2358.0,20996.0,1119.0,13.0,0.0055,,,66.0,0.0
Aruba,2020-09-07,2449.0,21806.0,1206.0,14.0,0.0057,,,91.0,1.0
Aruba,2020-09-08,2482.0,22100.0,1244.0,15.0,0.006,,,33.0,1.0
Aruba,2020-09-09,2589.0,23052.0,1293.0,15.0,0.0058,,,107.0,0.0
Aruba,2020-09-10,2730.0,24308.0,1351.0,15.0,0.0055,,,141.0,0.0
Aruba,2020-09-11,2819.0,25100.0,1407.0,16.0,0.0057,,,89.0,1.0
Aruba,2020-09-12,2898.0,25804.0,1451.0,18.0,0.0062,,,79.0,2.0
Aruba,2020-09-13,2994.0,26659.0,1542.0,18.0,0.006,,,96.0,0.0
Aruba,2020-09-14,3046.0,27122.0,1542.0,18.0,0.0059,,,52.0,0.0
Aruba,2020-09-15,3060.0,27246.0,1566.0,20.0,0.0065,,,14.0,2.0
Aruba,2020-09-16,3152.0,28065.0,1610.0,22.0,0.006999999999999999,,,92.0,2.0
Aruba,2020-09-17,3328.0,29633.0,1676.0,22.0,0.0066,,,176.0,0.0
Aruba,2020-09-18,3382.0,30113.0,1742.0,23.0,0.0068,,,54.0,1.0
Aruba,2020-09-20,3460.0,30808.0,2128.0,23.0,0.0066,,,78.0,0.0
Aruba,2020-09-21,3551.0,31618.0,2239.0,23.0,0.0065,,,91.0,0.0
Aruba,2020-09-22,3589.0,31956.0,2369.0,24.0,0.0067,,,38.0,1.0
Aruba,2020-09-23,3665.0,32633.0,2426.0,25.0,0.0068,,,76.0,1.0
Aruba,2020-09-24,3721.0,0.0,,25.0,0.0067,33132.0,,56.0,0.0
Aruba,2020-09-25,3756.0,0.0,,25.0,0.0067,33443.0,,35.0,0.0
Aruba,2020-09-26,3799.0,0.0,,25.0,0.0066,33826.0,,43.0,0.0
Aruba,2020-09-27,3832.0,0.0,,25.0,0.0065,34120.0,,33.0,0.0
Aruba,2020-09-28,3844.0,0.0,,25.0,0.0065,34227.0,,12.0,0.0
Aruba,2020-09-29,3872.0,0.0,,25.0,0.0065,34476.0,,28.0,0.0
Aruba,2020-09-30,3934.0,0.0,,26.0,0.0066,35028.0,,62.0,1.0
Aruba,2020-10-02,3998.0,0.0,,27.0,0.0068,35598.0,,64.0,1.0
Aruba,2020-10-03,3998.0,0.0,,27.0,0.0068,35598.0,,0.0,0.0
Aruba,2020-10-04,4038.0,0.0,,30.0,0.0074,35954.0,,40.0,3.0
Aruba,2020-10-05,4074.0,0.0,,30.0,0.0074,36275.0,,36.0,0.0
Aruba,2020-10-06,4079.0,0.0,,30.0,0.0074,36319.0,,5.0,0.0
Aruba,2020-10-08,4108.0,0.0,,31.0,0.0075,36578.0,,29.0,1.0
Aruba,2020-10-09,4133.0,0.0,,31.0,0.0075,36800.0,,25.0,0.0
Aruba,2020-10-10,4150.0,0.0,,31.0,0.0075,36952.0,,17.0,0.0
Aruba,2020-10-11,4167.0,0.0,,32.0,0.0077,37103.0,,17.0,1.0
Aruba,2020-10-12,4188.0,0.0,,32.0,0.0076,37290.0,,21.0,0.0
Aruba,2020-10-13,4194.0,0.0,,33.0,0.0079,37343.0,,6.0,1.0
Aruba,2020-10-14,4197.0,0.0,,33.0,0.0079,37370.0,,3.0,0.0
Aruba,2020-10-15,4229.0,0.0,,33.0,0.0078,37655.0,,32.0,0.0
Aruba,2020-10-18,4289.0,0.0,,32.0,0.0075,38189.0,,60.0,0.0
Aruba,2020-10-19,4304.0,0.0,,34.0,0.0079,38323.0,,15.0,2.0
Aruba,2020-10-20,4322.0,0.0,,34.0,0.0079,38483.0,,18.0,0.0
Aruba,2020-10-22,4355.0,0.0,,34.0,0.0078,38777.0,,33.0,0.0
Aruba,2020-10-23,4369.0,0.0,,35.0,0.008,38902.0,,14.0,1.0
Aruba,2020-10-24,4389.0,0.0,,36.0,0.0082,39080.0,,20.0,1.0
Aruba,2020-10-25,4401.0,0.0,,36.0,0.0082,39187.0,,12.0,0.0
Aruba,2020-10-26,4410.0,0.0,,36.0,0.0082,39267.0,,9.0,0.0
Aruba,2020-10-27,4420.0,0.0,,36.0,0.0081,39356.0,,10.0,0.0
Aruba,2020-10-28,4437.0,39507.0,,36.0,0.0081,,15.0,17.0,0.0
Aruba,2020-10-29,4437.0,39507.0,,36.0,0.0081,,15.0,0.0,0.0
Aruba,2020-10-30,4455.0,39667.0,,37.0,0.0083,,18.0,18.0,1.0
Aruba,2020-10-31,4472.0,39819.0,,37.0,0.0083,,17.0,17.0,0.0
Aruba,2020-11-01,4494.0,40015.0,,37.0,0.0082,,22.0,22.0,0.0
Aruba,2020-11-02,4513.0,40184.0,,38.0,0.0084,,19.0,19.0,1.0
Aruba,2020-11-03,4519.0,40237.0,,38.0,0.0084,,6.0,6.0,0.0
Aruba,2020-11-04,4524.0,40282.0,,38.0,0.0084,,5.0,5.0,0.0
Aruba,2020-11-05,4538.0,40406.0,,38.0,0.0084,,14.0,14.0,0.0
Aruba,2020-11-06,4553.0,40540.0,,39.0,0.0086,,15.0,15.0,1.0
Aruba,2020-11-07,4564.0,40638.0,,39.0,0.0085,,11.0,11.0,0.0
Aruba,2020-11-08,4578.0,40763.0,,39.0,0.0085,,14.0,14.0,0.0
Aruba,2020-11-09,4589.0,40860.0,,40.0,0.0087,,11.0,11.0,1.0
Aruba,2020-11-10,4600.0,40958.0,,40.0,0.0087,,11.0,11.0,0.0
Aruba,2020-11-11,4606.0,41012.0,,41.0,0.0089,,6.0,6.0,1.0
Aruba,2020-11-12,4622.0,41154.0,,42.0,0.0091,,16.0,16.0,1.0
Aruba,2020-11-13,4631.0,41234.0,,43.0,0.0093,,9.0,9.0,1.0
Aruba,2020-11-15,4650.0,41404.0,,43.0,0.0092,,11.0,19.0,0.0
Aruba,2020-11-16,4658.0,41475.0,,44.0,0.0094,,8.0,8.0,1.0
Aruba,2020-11-17,4662.0,41510.0,,44.0,0.0094,,4.0,4.0,0.0
Aruba,2020-11-18,4668.0,41564.0,,44.0,0.0094,,6.0,6.0,0.0
Aruba,2020-11-19,4676.0,41635.0,,44.0,0.0094,,8.0,8.0,0.0
Aruba,2020-11-20,4685.0,41715.0,,45.0,0.0096,,9.0,9.0,1.0
Aruba,2020-11-21,4693.0,41786.0,,45.0,0.0096,,8.0,8.0,0.0
Aruba,2020-11-22,4698.0,41831.0,,45.0,0.0096,,5.0,5.0,0.0
Aruba,2020-11-23,4724.0,42063.0,,45.0,0.0095,,26.0,26.0,0.0
Aruba,2020-11-24,4731.0,42125.0,,45.0,0.0095,,7.0,7.0,0.0
Aruba,2020-11-25,4737.0,42178.0,,45.0,0.0095,,6.0,6.0,0.0
Aruba,2020-11-26,4751.0,42303.0,,45.0,0.0095,,14.0,14.0,0.0
Aruba,2020-11-27,4778.0,42543.0,,45.0,0.0094,,27.0,27.0,0.0
