Location,Date,Confirmed,Case_Per_1M_people,Recovered,Deaths,Mortality,Cases per 1 million people,NewConfirmed,NewDeaths
Austria,2020-03-31,9618,1227.41,636.0,108,0.011228946,,0,0
Austria,2020-04-01,10088,1287.39,1095.0,128,0.012688342585249802,,470,20
Austria,2020-04-02,10711,1366.9,1436.0,146,0.013630846793016524,,623,18
Austria,2020-04-03,11129,1420.24,1749.0,158,0.014197142600413338,,418,12
Austria,2020-04-07,12297,1381.28,220.0,3441,0.2798243474018053,,1168,3283
Austria,2020-04-10,13246,1487.88,5240.0,295,0.02227087422618149,,949,0
Austria,2020-04-11,13560,1523.15,6064.0,319,0.023525073746312686,,314,24
Austria,2020-04-12,13798,1549.88,6604.0,337,0.024423829540513118,,238,18
Austria,2020-04-14,14043,1577.4,7343.0,368,0.02620522680338959,,245,31
Austria,2020-04-17,14475,1625.93,8986.0,410,0.028324697754749568,,432,42
Austria,2020-04-18,14595,1639.41,9704.0,431,0.029530661185337443,,120,21
Austria,2020-04-20,14710,1652.33,10501.0,452,0.030727396329027868,,115,21
Austria,2020-04-22,14812,1663.78,10971.0,454,0.03065082365649473,,102,2
Austria,2020-04-23,14917,1675.58,11328.0,510,0.03418918013005296,,105,56
Austria,2020-04-24,14932,1677.26,11694.0,522,0.034958478435574605,,15,12
Austria,2020-04-25,15068,1692.54,11872.0,530,0.03517387841783913,,136,8
Austria,2020-04-26,15128,1699.28,12103.0,536,0.03543098889476468,,60,6
Austria,2020-04-27,15188,1706.02,12282.0,542,0.0356860679483803,,60,6
Austria,2020-04-28,15256,1713.66,12362.0,549,0.03598584163607761,,68,7
Austria,2020-04-29,15314,1720.17,12580.0,569,0.03715554394671542,,58,20
Austria,2020-04-30,15314,1720.17,12580.0,569,0.03715554394671542,,0,0
Austria,2020-05-01,15450,1735.0,12907.0,584,0.03779935275080906,,136,15
Austria,2020-05-02,15478,1739.0,13092.0,589,0.03805401214627213,,28,5
Austria,2020-05-03,15531,1745.0,13180.0,596,0.03837486317687206,,53,7
Austria,2020-05-04,15531,1745.0,13228.0,598,0.03850363788551928,,0,2
Austria,2020-05-05,15597,1752.0,13316.0,600,0.03846893633391037,,66,2
Austria,2020-05-06,15586,1751.0,13462.0,606,0.038881047093545486,,0,6
Austria,2020-05-07,15650,1758.0,13639.0,608,0.03884984025559105,,64,2
Austria,2020-05-08,15673,1760.0,13698.0,609,0.038856632425189816,,23,1
Austria,2020-05-09,15736,1768.0,13836.0,614,0.039018810371123536,,63,5
Austria,2020-05-10,15775,1772.0,13928.0,615,0.03898573692551505,,39,1
Austria,2020-05-11,15786,1773.0,13991.0,618,0.03914861269479285,,11,3
Austria,2020-05-12,15874,1783.0,14061.0,620,0.03905757843013733,,88,2
Austria,2020-05-13,15910,1787.0,14148.0,623,0.039157762413576366,,36,3
Austria,2020-05-15,16026,1800.0,14405.0,626,0.03906152502183951,,116,3
Austria,2020-05-16,16065,1805.0,14471.0,628,0.0390911920323685,,39,2
Austria,2020-05-17,16135,1812.0,14471.0,628,0.038921599008366906,,70,0
Austria,2020-05-18,16176,1817.0,14563.0,629,0.03888476755687438,,41,1
Austria,2020-05-19,16230,1823.0,14614.0,629,0.038755391250770176,,54,0
Austria,2020-05-20,16272,1828.0,14678.0,632,0.03883972468043265,,42,3
Austria,2020-05-21,16319,1833.0,14882.0,633,0.03878914149151296,,47,1
Austria,2020-05-22,16353,1837.0,14951.0,633,0.03870849385433865,,34,0
Austria,2020-05-23,16391,1841.0,15005.0,635,0.03874077237508389,,38,2
Austria,2020-05-24,16419,1844.0,15035.0,639,0.0389183263292527,,28,4
Austria,2020-05-25,16430,1846.0,15063.0,640,0.038953134510042606,,11,1
Austria,2020-05-26,16459,1849.0,15138.0,641,0.0389452579136035,,29,1
Austria,2020-05-27,16496,1853.0,15182.0,643,0.038979146459747815,,37,2
Austria,2020-05-28,16514,1855.0,15228.0,645,0.0390577691655565,,18,2
Austria,2020-05-29,16562,1860.0,15286.0,668,0.04033329308054583,,48,23
Austria,2020-05-30,16589,1863.0,15347.0,668,0.04026764723612032,,27,0
Austria,2020-05-31,16685,1874.0,15520.0,668,0.04003596044351214,,96,0
Austria,2020-06-01,16731,1879.0,15593.0,668,0.039925886079732235,,46,0
Austria,2020-06-02,16733,1880.0,15596.0,668,0.039921113966413665,,2,0
Austria,2020-06-03,16759,1882.0,15629.0,669,0.0399,,26,1
Austria,2020-06-04,16771,1884.0,15672.0,670,0.0399,,12,1
Austria,2020-06-05,16805,1888.0,15717.0,670,0.0399,,34,0
Austria,2020-06-06,16843,1892.0,15742.0,672,0.0399,,38,2
Austria,2020-06-07,16898,1898.0,15789.0,672,0.0398,,55,0
Austria,2020-06-08,16902,1899.0,15793.0,672,0.0398,,4,0
Austria,2020-06-09,16968,1906.0,15839.0,672,0.0396,,66,0
Austria,2020-06-10,16979,1907.0,15875.0,672,0.0396,,11,0
Austria,2020-06-12,17034,1913.0,15949.0,674,0.0396,,55,2
Austria,2020-06-13,17064,1917.0,15985.0,675,0.0396,,30,1
Austria,2020-06-14,17078,1918.0,16012.0,677,0.0396,,14,2
Austria,2020-06-15,17109,1922.0,16059.0,677,0.0396,,31,0
Austria,2020-06-16,17135,1925.0,16066.0,678,0.0396,,26,1
Austria,2020-06-17,17189,1931.0,16089.0,681,0.0396,,54,3
Austria,2020-06-18,17203,1932.0,16099.0,687,0.0399,,14,6
Austria,2020-06-19,17223,1935.0,16101.0,688,0.0399,,20,1
Austria,2020-06-20,17271,1940.0,16141.0,688,0.0398,,48,0
Austria,2020-06-21,17323,1946.0,16175.0,688,0.0397,,52,0
Austria,2020-06-22,17341,1948.0,16197.0,690,0.0398,,18,2
Austria,2020-06-23,17380,1952.0,16241.0,690,0.0397,,39,0
Austria,2020-06-24,17408,1955.0,16261.0,693,0.0398,,28,3
Austria,2020-06-25,17449,1960.0,16282.0,693,0.0397,,41,0
Austria,2020-06-26,17477,1963.0,16320.0,698,0.0399,,28,5
Austria,2020-06-27,17522,1968.0,16348.0,698,0.0398,,45,0
Austria,2020-06-28,17522,1968.0,16348.0,698,0.0398,,0,0
Austria,2020-06-29,17654,1983.0,163401.0,702,0.0398,,132,4
Austria,2020-06-30,17723,1991.0,16420.0,703,0.0397,,69,1
Austria,2020-07-01,17766,1996.0,16478.0,705,0.0397,,43,2
Austria,2020-07-02,17873,2008.0,16491.0,705,0.0394,,107,0
Austria,2020-07-03,17873,2008.0,16491.0,705,0.0394,,0,0
Austria,2020-07-04,18050,2027.0,16558.0,705,0.0391,,177,0
Austria,2020-07-05,18165,2040.0,16607.0,705,0.0388,,115,0
Austria,2020-07-06,18280,2053.0,16615.0,706,0.0386,,115,1
Austria,2020-07-07,18365,2063.0,16647.0,706,0.0384,,85,0
Austria,2020-07-09,18513,2080.0,16721.0,706,0.0381,,148,0
Austria,2020-07-10,18516,2080.0,0.0,706,0.0381,,3,0
Austria,2020-07-11,18709,2102.0,16808.0,706,0.0377,,193,0
Austria,2020-07-12,18709,2102.0,16808.0,706,0.0377,,0,0
Austria,2020-07-13,18897,2123.0,16952.0,708,0.0375,,188,2
Austria,2020-07-14,18948,2128.0,17000.0,708,0.0374,,51,0
Austria,2020-07-15,18948,2128.0,17000.0,708,0.0374,,0,0
Austria,2020-07-16,19154,2152.0,17175.0,710,0.0371,,206,2
Austria,2020-07-18,19340,2172.0,17244.0,711,0.0368,,186,1
Austria,2020-07-19,19573,2199.0,17501.0,711,0.0363,,233,0
Austria,2020-07-19,19655,2208.0,17599.0,711,0.0362,,82,0
Austria,2020-07-21,19743,2218.0,17659.0,711,0.036000000000000004,,88,0
Austria,2020-07-22,19827,2227.0,17716.0,710,0.0358,,84,0
Austria,2020-07-23,19929,2239.0,17849.0,711,0.0357,,102,1
Austria,2020-07-24,20099,2258.0,17943.0,711,0.0354,,170,0
Austria,2020-07-25,20214,2271.0,18042.0,711,0.0352,,115,0
Austria,2020-07-26,20472,2300.0,18209.0,712,0.0348,,258,1
Austria,2020-07-27,20472,2300.0,18209.0,712,0.0348,,0,0
Austria,2020-07-28,20558,2309.0,18246.0,713,0.0347,,86,1
Austria,2020-07-29,20677,2323.0,18379.0,713,0.0345,,119,0
Austria,2020-07-30,20850,2342.0,18528.0,716,0.0343,,173,3
Austria,2020-07-31,20955,2354.0,18628.0,718,0.0343,,105,2
Austria,2020-08-01,21130,2373.0,18758.0,718,0.034,,175,0
Austria,2020-08-02,21212,2383.0,18911.0,718,0.0338,,82,0
Austria,2020-08-03,21304,2393.0,18984.0,718,0.0337,,92,0
Austria,2020-08-04,21385,2402.0,19063.0,718,0.0336,,81,0
Austria,2020-08-05,21481,2413.0,19336.0,719,0.0335,,96,1
Austria,2020-08-06,21566,2422.0,19464.0,719,0.0333,,85,0
Austria,2020-08-07,21696,2437.0,19596.0,719,0.0331,,130,0
Austria,2020-08-08,21837,2453.0,19690.0,720,0.033,,141,1
Austria,2020-08-09,21919,2462.0,19812.0,721,0.0329,,82,1
Austria,2020-08-10,22033,2475.0,19923.0,721,0.0327,,114,0
Austria,2020-08-11,22106,2483.0,20010.0,723,0.0327,,73,2
Austria,2020-08-12,22245,2499.0,20123.0,723,0.0325,,139,0
Austria,2020-08-13,22439,2520.0,20268.0,724,0.0323,,194,1
Austria,2020-08-14,22594,2538.0,20346.0,725,0.0321,,155,1
Austria,2020-08-15,22876,2570.0,20499.0,725,0.0317,,282,0
Austria,2020-08-16,23179,2604.0,20627.0,728,0.0314,,303,3
Austria,2020-08-17,23370,2625.0,20681.0,728,0.0312,,191,0
Austria,2020-08-18,23534,2643.0,20765.0,729,0.031,,164,1
Austria,2020-08-19,23829,2677.0,20870.0,729,0.0306,,295,0
Austria,2020-08-20,24084,2705.0,20958.0,729,0.0303,,255,0
Austria,2020-08-22,24762,2781.0,21260.0,730,0.0295,,678,1
Austria,2020-08-23,25062,2815.0,21406.0,732,0.0292,,300,2
Austria,2020-08-24,25253,2837.0,21558.0,732,0.028999999999999998,,191,0
Austria,2020-08-25,25495,2864.0,21657.0,733,0.0288,,242,1
Austria,2020-08-26,25706,2887.0,21888.0,733,0.0285,,211,0
Austria,2020-08-27,26033,2924.0,22145.0,733,0.0282,,327,0
Austria,2020-08-28,26361,2961.0,22317.0,733,0.0278,,328,0
Austria,2020-08-29,26590,2987.0,22594.0,733,0.0276,,229,0
Austria,2020-08-30,26985,3031.0,22866.0,733,0.0272,,395,0
Austria,2020-08-31,27166,3051.0,23070.0,733,0.027000000000000003,,181,0
Austria,2020-09-01,27438,3082.0,23226.0,733,0.0267,,272,0
Austria,2020-09-02,27642,3105.0,23565.0,734,0.0266,,204,1
Austria,2020-09-03,27969,3142.0,23820.0,734,0.0262,,327,0
Austria,2020-09-04,28372,3187.0,24171.0,735,0.0259,,403,1
Austria,2020-09-05,28729,3227.0,24513.0,735,0.0256,,357,0
Austria,2020-09-07,29271,3288.0,25043.0,736,0.0251,,542,1
Austria,2020-09-08,29561,3320.0,25300.0,746,0.0252,,290,10
Austria,2020-09-09,30081,3379.0,25629.0,747,0.0248,,520,1
Austria,2020-09-10,30583,3435.0,25764.0,747,0.0244,,502,0
Austria,2020-09-11,31247,3510.0,26043.0,748,0.0239,,664,1
Austria,2020-09-12,31827,3575.0,26257.0,750,0.0236,,580,2
Austria,2020-09-13,32696,3673.0,26579.0,754,0.0231,,869,4
Austria,2020-09-14,33159,3725.0,26760.0,756,0.0228,,463,2
Austria,2020-09-15,33541,3768.0,27010.0,757,0.0226,,382,1
Austria,2020-09-16,34305,3853.0,27354.0,757,0.0221,,764,0
Austria,2020-09-17,35073,3940.0,27655.0,758,0.0216,,768,1
Austria,2020-09-18,35853,4027.0,28044.0,758,0.0211,,780,0
Austria,2020-09-20,37474,4209.0,28961.0,765,0.0204,,1621,7
Austria,2020-09-21,38095,4279.0,29229.0,766,0.0201,,621,1
Austria,2020-09-22,38658,4342.0,29516.0,767,0.0198,,563,1
Austria,2020-09-23,39309,4415.0,30312.0,771,0.0196,,651,4
Austria,2020-09-24,39984,0.0,,777,0.0194,4491.0,675,6
Austria,2020-09-25,40816,0.0,,783,0.0192,4585.0,832,6
Austria,2020-09-26,41500,0.0,,786,0.0189,4662.0,684,3
Austria,2020-09-27,42214,0.0,,787,0.0186,4742.0,714,1
Austria,2020-09-28,42876,0.0,,787,0.0184,4816.0,662,0
Austria,2020-09-29,43432,0.0,,790,0.0182,4879.0,556,3
Austria,2020-09-30,44041,0.0,,796,0.0181,4947.0,609,6
Austria,2020-10-02,45686,0.0,,802,0.0176,5132.0,1645,6
Austria,2020-10-03,45686,0.0,,802,0.0176,5132.0,0,0
Austria,2020-10-04,46374,0.0,,803,0.0173,5209.0,688,1
Austria,2020-10-05,47432,0.0,,809,0.0171,5328.0,1058,6
Austria,2020-10-06,48146,0.0,,813,0.0169,5408.0,714,4
Austria,2020-10-08,49819,0.0,,822,0.0165,5596.0,1673,9
Austria,2020-10-09,50848,0.0,,830,0.0163,5712.0,1029,8
Austria,2020-10-10,52057,0.0,,838,0.0161,5847.0,1209,8
Austria,2020-10-11,53188,0.0,,842,0.0158,5974.0,1131,4
Austria,2020-10-12,54423,0.0,,852,0.0157,6113.0,1235,10
Austria,2020-10-13,55319,0.0,,851,0.0154,6214.0,896,0
Austria,2020-10-14,56298,0.0,,855,0.0152,6324.0,979,4
Austria,2020-10-15,57326,0.0,,861,0.015,6439.0,1028,6
Austria,2020-10-18,61387,0.0,,882,0.0144,6895.0,4061,21
Austria,2020-10-19,63134,0.0,,889,0.0141,7092.0,1747,7
Austria,2020-10-20,64806,0.0,,893,0.0138,7279.0,1672,4
Austria,2020-10-22,67451,0.0,,914,0.0136,7577.0,2645,21
Austria,2020-10-23,69409,0.0,,925,0.0133,7796.0,1958,11
Austria,2020-10-24,71844,0.0,,941,0.0131,8070.0,2435,16
Austria,2020-10-25,74415,0.0,,954,0.0128,8359.0,2571,13
Austria,2020-10-26,78029,0.0,,965,0.0124,8765.0,3614,11
Austria,2020-10-27,80811,0.0,,979,0.0121,9077.0,2782,14
Austria,2020-10-28,83267,0.0,,992,0.0119,9353.0,2456,13
