Location,Date,Confirmed,Case_Per_1M_people,Recovered,Deaths,Mortality,Cases per 1 million people,NewConfirmed,NewDeaths
Belize,2020-03-31,3.0,6.39,0.0,0.0,0.0,,0.0,0.0
Belize,2020-04-01,3.0,6.39,0.0,0.0,0.0,,0.0,0.0
Belize,2020-04-02,3.0,6.39,0.0,0.0,0.0,,0.0,0.0
Belize,2020-04-03,3.0,6.39,0.0,0.0,0.0,,0.0,0.0
Belize,2020-04-07,7.0,17.14,0.0,1.0,0.14285714285714285,,4.0,1.0
Belize,2020-04-10,8.0,19.58,0.0,1.0,0.125,,1.0,0.0
Belize,2020-04-11,10.0,24.48,8.0,2.0,0.2,,2.0,1.0
Belize,2020-04-12,13.0,31.82,11.0,2.0,0.15384615384615385,,3.0,0.0
Belize,2020-04-14,18.0,44.07,0.0,2.0,0.1111111111111111,,5.0,0.0
Belize,2020-04-17,18.0,44.07,0.0,2.0,0.1111111111111111,,0.0,0.0
Belize,2020-04-18,18.0,44.07,0.0,2.0,0.1111111111111111,,0.0,0.0
Belize,2020-04-20,18.0,44.07,0.0,2.0,0.1111111111111111,,0.0,0.0
Belize,2020-04-22,18.0,44.07,0.0,2.0,0.1111111111111111,,0.0,0.0
Belize,2020-04-23,18.0,44.07,2.0,2.0,0.1111111111111111,,0.0,0.0
Belize,2020-04-24,18.0,44.07,5.0,2.0,0.1111111111111111,,0.0,0.0
Belize,2020-04-25,18.0,44.07,5.0,2.0,0.1111111111111111,,0.0,0.0
Belize,2020-04-26,18.0,44.07,5.0,2.0,0.1111111111111111,,0.0,0.0
Belize,2020-04-27,18.0,44.07,5.0,2.0,0.1111111111111111,,0.0,0.0
Belize,2020-04-28,18.0,44.07,5.0,2.0,0.1111111111111111,,0.0,0.0
Belize,2020-04-29,18.0,44.07,5.0,2.0,0.1111111111111111,,0.0,0.0
Belize,2020-04-30,18.0,44.07,5.0,2.0,0.1111111111111111,,0.0,0.0
Belize,2020-05-01,18.0,44.0,5.0,2.0,0.1111111111111111,,0.0,0.0
Belize,2020-05-02,18.0,44.0,5.0,2.0,0.1111111111111111,,0.0,0.0
Belize,2020-05-03,18.0,44.0,13.0,2.0,0.1111111111111111,,0.0,0.0
Belize,2020-05-04,18.0,44.0,13.0,2.0,0.1111111111111111,,0.0,0.0
Belize,2020-05-05,18.0,44.0,14.0,2.0,0.1111111111111111,,0.0,0.0
Belize,2020-05-06,18.0,44.0,16.0,2.0,0.1111111111111111,,0.0,0.0
Belize,2020-05-07,18.0,44.0,16.0,2.0,0.1111111111111111,,0.0,0.0
Belize,2020-05-08,18.0,44.0,16.0,2.0,0.1111111111111111,,0.0,0.0
Belize,2020-05-09,18.0,44.0,16.0,2.0,0.1111111111111111,,0.0,0.0
Belize,2020-05-10,18.0,44.0,16.0,2.0,0.1111111111111111,,0.0,0.0
Belize,2020-05-11,18.0,44.0,16.0,2.0,0.1111111111111111,,0.0,0.0
Belize,2020-05-12,18.0,44.0,16.0,2.0,0.1111111111111111,,0.0,0.0
Belize,2020-05-13,18.0,44.0,16.0,2.0,0.1111111111111111,,0.0,0.0
Belize,2020-05-15,18.0,44.0,16.0,2.0,0.1111111111111111,,0.0,0.0
Belize,2020-05-16,18.0,44.0,16.0,2.0,0.1111111111111111,,0.0,0.0
Belize,2020-05-17,18.0,44.0,16.0,2.0,0.1111111111111111,,0.0,0.0
Belize,2020-05-18,18.0,44.0,16.0,2.0,0.1111111111111111,,0.0,0.0
Belize,2020-05-19,18.0,44.0,16.0,2.0,0.1111111111111111,,0.0,0.0
Belize,2020-05-20,18.0,44.0,16.0,2.0,0.1111111111111111,,0.0,0.0
,2020-05-21,,,,,,,,
Belize,2020-05-22,18.0,44.0,16.0,2.0,0.1111111111111111,,,
Belize,2020-05-23,18.0,44.0,16.0,2.0,0.1111111111111111,,0.0,0.0
Belize,2020-05-24,18.0,44.0,16.0,2.0,0.1111111111111111,,0.0,0.0
Belize,2020-05-25,18.0,44.0,16.0,2.0,0.1111111111111111,,0.0,0.0
Belize,2020-05-26,18.0,44.0,16.0,2.0,0.1111111111111111,,0.0,0.0
Belize,2020-05-27,18.0,44.0,16.0,2.0,0.1111111111111111,,0.0,0.0
Belize,2020-05-28,18.0,44.0,16.0,2.0,0.1111111111111111,,0.0,0.0
Belize,2020-05-29,18.0,44.0,16.0,2.0,0.1111111111111111,,0.0,0.0
Belize,2020-05-30,18.0,44.0,16.0,2.0,0.1111111111111111,,0.0,0.0
Belize,2020-05-31,18.0,44.0,16.0,2.0,0.1111111111111111,,0.0,0.0
Belize,2020-06-01,18.0,44.0,16.0,2.0,0.1111111111111111,,0.0,0.0
Belize,2020-06-02,18.0,44.0,16.0,2.0,0.1111111111111111,,0.0,0.0
Belize,2020-06-03,18.0,44.0,16.0,2.0,0.1111,,0.0,0.0
Belize,2020-06-04,18.0,44.0,16.0,2.0,0.1111,,0.0,0.0
Belize,2020-06-05,18.0,44.0,16.0,2.0,0.1111,,0.0,0.0
Belize,2020-06-06,19.0,47.0,16.0,2.0,0.1053,,1.0,0.0
Belize,2020-06-07,19.0,47.0,16.0,2.0,0.1053,,0.0,0.0
Belize,2020-06-08,19.0,47.0,16.0,2.0,0.1053,,0.0,0.0
Belize,2020-06-09,19.0,47.0,16.0,2.0,0.1053,,0.0,0.0
Belize,2020-06-10,19.0,47.0,16.0,2.0,0.1053,,0.0,0.0
Belize,2020-06-12,20.0,49.0,16.0,2.0,0.1,,1.0,0.0
Belize,2020-06-13,20.0,49.0,16.0,2.0,0.1,,0.0,0.0
Belize,2020-06-14,20.0,49.0,16.0,2.0,0.1,,0.0,0.0
Belize,2020-06-15,20.0,49.0,16.0,2.0,0.1,,0.0,0.0
Belize,2020-06-16,20.0,49.0,16.0,2.0,0.1,,0.0,0.0
Belize,2020-06-17,21.0,51.0,16.0,2.0,0.0952,,1.0,0.0
Belize,2020-06-18,22.0,54.0,17.0,2.0,0.0909,,1.0,0.0
Belize,2020-06-19,22.0,54.0,17.0,2.0,0.0909,,0.0,0.0
Belize,2020-06-20,22.0,54.0,17.0,2.0,0.0909,,0.0,0.0
Belize,2020-06-21,22.0,54.0,17.0,2.0,0.0909,,0.0,0.0
Belize,2020-06-22,22.0,54.0,17.0,2.0,0.0909,,0.0,0.0
Belize,2020-06-23,22.0,54.0,17.0,2.0,0.0909,,0.0,0.0
Belize,2020-06-24,23.0,56.0,17.0,2.0,0.087,,1.0,0.0
Belize,2020-06-25,23.0,56.0,17.0,2.0,0.087,,0.0,0.0
Belize,2020-06-26,23.0,56.0,17.0,2.0,0.087,,0.0,0.0
Belize,2020-06-27,23.0,56.0,17.0,2.0,0.087,,0.0,0.0
Belize,2020-06-28,23.0,56.0,17.0,2.0,0.087,,0.0,0.0
Belize,2020-06-29,23.0,56.0,17.0,2.0,0.087,,0.0,0.0
Belize,2020-06-30,23.0,56.0,17.0,2.0,0.087,,0.0,0.0
Belize,2020-07-01,23.0,56.0,17.0,2.0,0.087,,0.0,0.0
Belize,2020-07-02,24.0,59.0,0.0,2.0,0.0833,,1.0,0.0
Belize,2020-07-03,28.0,69.0,18.0,2.0,0.0714,,4.0,0.0
Belize,2020-07-04,30.0,73.0,19.0,2.0,0.0667,,2.0,0.0
Belize,2020-07-05,30.0,73.0,19.0,2.0,0.0667,,0.0,0.0
Belize,2020-07-06,30.0,73.0,19.0,2.0,0.0667,,0.0,0.0
Belize,2020-07-07,30.0,73.0,19.0,2.0,0.0667,,0.0,0.0
Belize,2020-07-09,30.0,73.0,19.0,2.0,0.0667,,0.0,0.0
Belize,2020-07-10,30.0,73.0,19.0,2.0,0.0667,,0.0,0.0
Belize,2020-07-11,33.0,81.0,20.0,2.0,0.0606,,3.0,0.0
Belize,2020-07-12,37.0,91.0,20.0,2.0,0.0541,,4.0,0.0
Belize,2020-07-13,37.0,91.0,20.0,2.0,0.0541,,0.0,0.0
Belize,2020-07-14,37.0,91.0,20.0,2.0,0.0541,,0.0,0.0
Belize,2020-07-15,37.0,91.0,20.0,2.0,0.0541,,0.0,0.0
Belize,2020-07-16,37.0,91.0,20.0,2.0,0.0541,,0.0,0.0
Belize,2020-07-18,40.0,98.0,22.0,2.0,0.05,,3.0,0.0
Belize,2020-07-19,40.0,98.0,22.0,2.0,0.05,,0.0,0.0
Belize,2020-07-19,40.0,98.0,22.0,2.0,0.05,,0.0,0.0
Belize,2020-07-21,40.0,98.0,22.0,2.0,0.05,,0.0,0.0
Belize,2020-07-22,42.0,103.0,22.0,2.0,0.0476,,2.0,0.0
Belize,2020-07-23,42.0,103.0,22.0,2.0,0.0476,,0.0,0.0
Belize,2020-07-24,43.0,105.0,23.0,2.0,0.0465,,1.0,0.0
Belize,2020-07-25,47.0,115.0,25.0,2.0,0.0426,,4.0,0.0
Belize,2020-07-26,47.0,115.0,25.0,2.0,0.0426,,0.0,0.0
Belize,2020-07-27,48.0,118.0,26.0,2.0,0.0417,,1.0,0.0
Belize,2020-07-28,48.0,118.0,26.0,2.0,0.0417,,0.0,0.0
Belize,2020-07-29,48.0,118.0,26.0,2.0,0.0417,,0.0,0.0
Belize,2020-07-30,48.0,118.0,26.0,2.0,0.0417,,0.0,0.0
Belize,2020-07-31,48.0,118.0,26.0,2.0,0.0417,,0.0,0.0
Belize,2020-08-01,48.0,118.0,26.0,2.0,0.0417,,0.0,0.0
Belize,2020-08-02,56.0,137.0,30.0,2.0,0.0357,,8.0,0.0
Belize,2020-08-03,57.0,140.0,30.0,2.0,0.0351,,1.0,0.0
Belize,2020-08-04,57.0,140.0,30.0,2.0,0.0351,,0.0,0.0
Belize,2020-08-05,57.0,140.0,30.0,2.0,0.0351,,0.0,0.0
Belize,2020-08-06,72.0,176.0,31.0,2.0,0.0278,,15.0,0.0
Belize,2020-08-07,86.0,211.0,31.0,2.0,0.0233,,14.0,0.0
Belize,2020-08-08,114.0,279.0,32.0,2.0,0.0175,,28.0,0.0
Belize,2020-08-09,146.0,357.0,32.0,2.0,0.0137,,32.0,0.0
Belize,2020-08-10,146.0,357.0,32.0,2.0,0.0137,,0.0,0.0
Belize,2020-08-11,154.0,377.0,32.0,2.0,0.013000000000000001,,8.0,0.0
Belize,2020-08-12,177.0,433.0,31.0,2.0,0.0113,,23.0,0.0
Belize,2020-08-13,177.0,433.0,32.0,2.0,0.0113,,0.0,0.0
Belize,2020-08-14,296.0,725.0,32.0,2.0,0.0068,,119.0,0.0
Belize,2020-08-15,296.0,725.0,32.0,2.0,0.0068,,0.0,0.0
Belize,2020-08-16,388.0,950.0,35.0,2.0,0.0052,,92.0,0.0
Belize,2020-08-17,452.0,1107.0,35.0,3.0,0.0066,,64.0,1.0
Belize,2020-08-18,452.0,1107.0,35.0,3.0,0.0066,,0.0,0.0
Belize,2020-08-19,475.0,1163.0,38.0,4.0,0.0084,,23.0,1.0
Belize,2020-08-20,553.0,1354.0,38.0,4.0,0.0072,,78.0,0.0
Belize,2020-08-22,648.0,1586.0,43.0,5.0,0.0077,,95.0,1.0
Belize,2020-08-23,648.0,1586.0,43.0,5.0,0.0077,,0.0,0.0
Belize,2020-08-24,668.0,1635.0,44.0,6.0,0.009000000000000001,,20.0,1.0
Belize,2020-08-25,668.0,1635.0,44.0,6.0,0.009000000000000001,,0.0,0.0
Belize,2020-08-26,713.0,1745.0,45.0,10.0,0.013999999999999999,,45.0,4.0
Belize,2020-08-27,730.0,1787.0,48.0,10.0,0.0137,,17.0,0.0
Belize,2020-08-28,760.0,1861.0,54.0,11.0,0.0145,,30.0,1.0
Belize,2020-08-29,870.0,2130.0,93.0,12.0,0.0138,,110.0,1.0
Belize,2020-08-30,870.0,2130.0,93.0,12.0,0.0138,,0.0,0.0
Belize,2020-08-31,964.0,2360.0,115.0,13.0,0.0135,,94.0,1.0
Belize,2020-09-01,964.0,2360.0,115.0,13.0,0.0135,,0.0,0.0
Belize,2020-09-02,1007.0,2465.0,173.0,13.0,0.0129,,43.0,0.0
Belize,2020-09-03,1050.0,2570.0,213.0,13.0,0.0124,,43.0,0.0
Belize,2020-09-04,1050.0,2570.0,213.0,13.0,0.0124,,0.0,0.0
Belize,2020-09-05,1118.0,2737.0,255.0,13.0,0.0116,,68.0,0.0
Belize,2020-09-07,1152.0,2820.0,213.0,15.0,0.013000000000000001,,34.0,2.0
Belize,2020-09-08,1152.0,2820.0,213.0,15.0,0.013000000000000001,,0.0,0.0
Belize,2020-09-09,1307.0,3200.0,314.0,16.0,0.0122,,155.0,1.0
Belize,2020-09-10,1361.0,3332.0,321.0,16.0,0.0118,,54.0,0.0
Belize,2020-09-11,1361.0,3332.0,321.0,16.0,0.0118,,0.0,0.0
Belize,2020-09-12,1361.0,3332.0,321.0,16.0,0.0118,,0.0,0.0
Belize,2020-09-13,1365.0,3342.0,0.0,18.0,0.0132,,4.0,2.0
Belize,2020-09-14,1365.0,3342.0,0.0,18.0,0.0132,,0.0,0.0
Belize,2020-09-15,1480.0,3623.0,492.0,19.0,0.0128,,115.0,1.0
Belize,2020-09-16,1501.0,3675.0,540.0,19.0,0.0127,,21.0,0.0
Belize,2020-09-17,1528.0,3741.0,663.0,19.0,0.0124,,27.0,0.0
Belize,2020-09-18,1536.0,3760.0,696.0,19.0,0.0124,,8.0,0.0
Belize,2020-09-20,1536.0,3760.0,696.0,19.0,0.0124,,0.0,0.0
Belize,2020-09-21,1536.0,3760.0,696.0,19.0,0.0124,,0.0,0.0
Belize,2020-09-22,1536.0,3760.0,696.0,19.0,0.0124,,0.0,0.0
Belize,2020-09-23,1536.0,3760.0,696.0,19.0,0.0124,,0.0,0.0
Belize,2020-09-24,1627.0,0.0,,21.0,0.0129,3983.0,91.0,2.0
Belize,2020-09-25,1627.0,0.0,,22.0,0.0135,3983.0,0.0,1.0
Belize,2020-09-26,1758.0,0.0,,22.0,0.0125,4304.0,131.0,0.0
Belize,2020-09-27,1758.0,0.0,,22.0,0.0125,4304.0,0.0,0.0
Belize,2020-09-28,1758.0,0.0,,22.0,0.0125,4304.0,0.0,0.0
Belize,2020-09-29,1758.0,0.0,,22.0,0.0125,4304.0,0.0,0.0
Belize,2020-09-30,1758.0,0.0,,22.0,0.0125,4304.0,0.0,0.0
Belize,2020-10-02,1943.0,0.0,,26.0,0.0134,4757.0,185.0,4.0
Belize,2020-10-03,1992.0,0.0,,27.0,0.0136,4877.0,49.0,1.0
Belize,2020-10-04,2080.0,0.0,,28.0,0.0135,5092.0,88.0,1.0
Belize,2020-10-05,2080.0,0.0,,28.0,0.0135,5092.0,0.0,0.0
Belize,2020-10-06,2131.0,0.0,,29.0,0.0136,5217.0,51.0,1.0
Belize,2020-10-08,2243.0,0.0,,34.0,0.0152,5491.0,112.0,5.0
Belize,2020-10-09,2310.0,0.0,,34.0,0.0147,5655.0,67.0,0.0
Belize,2020-10-10,2373.0,0.0,,34.0,0.0143,5809.0,63.0,0.0
Belize,2020-10-11,2427.0,0.0,,35.0,0.0144,5941.0,54.0,1.0
Belize,2020-10-12,2427.0,0.0,,35.0,0.0144,5941.0,0.0,0.0
Belize,2020-10-13,2531.0,0.0,,37.0,0.0146,6196.0,104.0,2.0
Belize,2020-10-14,2569.0,0.0,,37.0,0.0144,6289.0,38.0,0.0
Belize,2020-10-15,2585.0,0.0,,39.0,0.0151,6328.0,16.0,2.0
Belize,2020-10-18,2728.0,0.0,,43.0,0.0158,6678.0,143.0,4.0
Belize,2020-10-19,2775.0,0.0,,43.0,0.0155,6793.0,47.0,0.0
Belize,2020-10-20,2813.0,0.0,,44.0,0.0156,6886.0,38.0,1.0
Belize,2020-10-22,2886.0,0.0,,45.0,0.0156,7065.0,73.0,1.0
