Location,Date,Confirmed,Case_Per_1M_people,Recovered,Deaths,Mortality,NewConfirmed,NewDeaths
Benin,2020-03-31,6.0,0.62,0.0,0.0,0.0,0.0,0.0
Benin,2020-04-01,9.0,0.93,1.0,0.0,0.0,3.0,0.0
Benin,2020-04-02,9.0,0.93,1.0,0.0,0.0,0.0,0.0
Benin,2020-04-03,13.0,1.35,1.0,0.0,0.0,4.0,0.0
Benin,2020-04-07,26.0,2.22,5.0,1.0,0.038461538461538464,13.0,1.0
Benin,2020-04-10,26.0,2.22,5.0,1.0,0.038461538461538464,0.0,0.0
Benin,2020-04-11,35.0,2.98,5.0,1.0,0.028571428571428567,9.0,0.0
Benin,2020-04-12,35.0,2.98,5.0,1.0,0.028571428571428567,0.0,0.0
Benin,2020-04-14,35.0,2.98,5.0,1.0,0.028571428571428567,0.0,0.0
Benin,2020-04-17,35.0,2.98,5.0,1.0,0.028571428571428567,0.0,0.0
Benin,2020-04-18,35.0,2.98,5.0,1.0,0.028571428571428567,0.0,0.0
Benin,2020-04-20,35.0,2.98,18.0,1.0,0.028571428571428567,0.0,0.0
Benin,2020-04-22,54.0,4.6,27.0,1.0,0.018518518518518517,19.0,0.0
Benin,2020-04-23,54.0,4.6,27.0,1.0,0.018518518518518517,0.0,0.0
Benin,2020-04-24,54.0,4.6,27.0,1.0,0.018518518518518517,0.0,0.0
Benin,2020-04-25,58.0,4.94,27.0,1.0,0.017241379310344827,4.0,0.0
Benin,2020-04-26,58.0,4.94,27.0,1.0,0.017241379310344827,0.0,0.0
Benin,2020-04-27,64.0,5.45,33.0,1.0,0.015625,6.0,0.0
Benin,2020-04-28,64.0,5.45,33.0,1.0,0.015625,0.0,0.0
Benin,2020-04-29,64.0,5.45,33.0,1.0,0.015625,0.0,0.0
Benin,2020-04-30,64.0,5.45,33.0,1.0,0.015625,0.0,0.0
Benin,2020-05-01,69.0,6.0,33.0,2.0,0.028985507246376805,5.0,1.0
Benin,2020-05-02,90.0,8.0,42.0,2.0,0.022222222222222227,21.0,0.0
Benin,2020-05-03,90.0,8.0,42.0,2.0,0.022222222222222227,0.0,0.0
Benin,2020-05-04,90.0,8.0,42.0,2.0,0.022222222222222227,0.0,0.0
Benin,2020-05-05,96.0,8.0,50.0,2.0,0.02083333333333333,6.0,0.0
Benin,2020-05-06,96.0,8.0,50.0,2.0,0.02083333333333333,0.0,0.0
Benin,2020-05-07,96.0,8.0,50.0,2.0,0.02083333333333333,0.0,0.0
Benin,2020-05-08,140.0,12.0,53.0,2.0,0.014285714285714284,44.0,0.0
Benin,2020-05-09,242.0,21.0,62.0,2.0,0.008264462809917356,102.0,0.0
Benin,2020-05-10,284.0,24.0,62.0,2.0,0.007042253521126761,42.0,0.0
Benin,2020-05-11,319.0,27.0,62.0,2.0,0.006269592476489028,35.0,0.0
Benin,2020-05-12,319.0,27.0,62.0,2.0,0.006269592476489028,0.0,0.0
Benin,2020-05-13,327.0,28.0,76.0,2.0,0.006116207951070336,8.0,0.0
Benin,2020-05-15,339.0,29.0,83.0,2.0,0.005899705014749263,12.0,0.0
Benin,2020-05-16,339.0,29.0,83.0,2.0,0.005899705014749263,0.0,0.0
Benin,2020-05-17,339.0,29.0,83.0,2.0,0.005899705014749263,0.0,0.0
Benin,2020-05-18,339.0,29.0,83.0,2.0,0.005899705014749263,0.0,0.0
Benin,2020-05-19,339.0,29.0,83.0,2.0,0.005899705014749263,0.0,0.0
Benin,2020-05-20,130.0,11.0,57.0,2.0,0.015384615384615384,0.0,0.0
,2020-05-21,,,,,,,
Benin,2020-05-22,135.0,12.0,61.0,3.0,0.022222222222222227,,
Benin,2020-05-23,135.0,12.0,61.0,3.0,0.022222222222222227,0.0,0.0
Benin,2020-05-24,135.0,12.0,61.0,3.0,0.022222222222222227,0.0,0.0
Benin,2020-05-25,191.0,16.0,82.0,3.0,0.015706806282722512,56.0,0.0
Benin,2020-05-26,191.0,16.0,84.0,3.0,0.015706806282722512,0.0,0.0
Benin,2020-05-27,208.0,18.0,118.0,3.0,0.014423076923076926,17.0,0.0
Benin,2020-05-28,210.0,18.0,134.0,3.0,0.014285714285714284,2.0,0.0
Benin,2020-05-29,210.0,18.0,134.0,3.0,0.014285714285714284,0.0,0.0
Benin,2020-05-30,224.0,19.0,136.0,3.0,0.013392857142857142,14.0,0.0
Benin,2020-05-31,224.0,19.0,136.0,3.0,0.013392857142857142,0.0,0.0
Benin,2020-06-01,232.0,20.0,143.0,3.0,0.01293103448275862,8.0,0.0
Benin,2020-06-02,243.0,21.0,147.0,3.0,0.012345679012345678,11.0,0.0
Benin,2020-06-03,244.0,21.0,148.0,3.0,0.0123,1.0,0.0
Benin,2020-06-04,244.0,21.0,148.0,3.0,0.0123,0.0,0.0
Benin,2020-06-05,261.0,22.0,151.0,3.0,0.0115,17.0,0.0
Benin,2020-06-06,261.0,22.0,151.0,3.0,0.0115,0.0,0.0
Benin,2020-06-07,261.0,22.0,151.0,3.0,0.0115,0.0,0.0
Benin,2020-06-08,261.0,22.0,151.0,3.0,0.0115,0.0,0.0
Benin,2020-06-09,305.0,26.0,188.0,4.0,0.0131,44.0,1.0
Benin,2020-06-10,305.0,26.0,188.0,4.0,0.0131,0.0,0.0
Benin,2020-06-12,305.0,26.0,188.0,4.0,0.0131,0.0,0.0
Benin,2020-06-13,388.0,33.0,217.0,5.0,0.0129,83.0,1.0
Benin,2020-06-14,412.0,35.0,222.0,6.0,0.0146,24.0,1.0
Benin,2020-06-15,412.0,35.0,222.0,6.0,0.0146,0.0,0.0
Benin,2020-06-16,412.0,35.0,222.0,6.0,0.0146,0.0,0.0
Benin,2020-06-17,532.0,45.0,236.0,9.0,0.0169,120.0,3.0
Benin,2020-06-18,572.0,49.0,237.0,9.0,0.0157,40.0,0.0
Benin,2020-06-19,597.0,51.0,238.0,11.0,0.0184,25.0,2.0
Benin,2020-06-20,650.0,55.0,247.0,11.0,0.0169,53.0,0.0
Benin,2020-06-21,650.0,55.0,247.0,11.0,0.0169,0.0,0.0
Benin,2020-06-22,765.0,65.0,253.0,13.0,0.017,115.0,2.0
Benin,2020-06-23,765.0,65.0,253.0,13.0,0.017,0.0,0.0
Benin,2020-06-24,850.0,72.0,272.0,13.0,0.0153,85.0,0.0
Benin,2020-06-25,902.0,77.0,277.0,13.0,0.0144,52.0,0.0
Benin,2020-06-26,1017.0,87.0,288.0,14.0,0.0138,115.0,1.0
Benin,2020-06-27,1053.0,90.0,292.0,14.0,0.0133,36.0,0.0
Benin,2020-06-28,1053.0,90.0,292.0,14.0,0.0133,0.0,0.0
Benin,2020-06-29,1149.0,98.0,306.0,16.0,0.0139,96.0,2.0
Benin,2020-06-30,1187.0,101.0,323.0,19.0,0.016,38.0,3.0
Benin,2020-07-01,1187.0,101.0,323.0,19.0,0.016,0.0,0.0
Benin,2020-07-02,1187.0,101.0,323.0,19.0,0.016,0.0,0.0
Benin,2020-07-03,1199.0,102.0,333.0,21.0,0.0175,12.0,2.0
Benin,2020-07-04,1199.0,102.0,333.0,21.0,0.0175,0.0,0.0
Benin,2020-07-05,1199.0,102.0,333.0,21.0,0.0175,0.0,0.0
Benin,2020-07-06,1199.0,102.0,333.0,21.0,0.0175,0.0,0.0
Benin,2020-07-07,1199.0,102.0,333.0,21.0,0.0175,0.0,0.0
Benin,2020-07-09,1285.0,110.0,0.0,21.0,0.0163,86.0,0.0
Benin,2020-07-10,1285.0,110.0,0.0,23.0,0.0179,0.0,2.0
Benin,2020-07-11,1285.0,110.0,333.0,23.0,0.0179,0.0,0.0
Benin,2020-07-12,1285.0,110.0,333.0,23.0,0.0179,0.0,0.0
Benin,2020-07-13,1378.0,117.0,0.0,26.0,0.0189,93.0,3.0
Benin,2020-07-14,1378.0,117.0,0.0,26.0,0.0189,0.0,0.0
Benin,2020-07-15,1378.0,117.0,0.0,26.0,0.0189,0.0,0.0
Benin,2020-07-16,1378.0,117.0,0.0,26.0,0.0189,0.0,0.0
Benin,2020-07-18,1463.0,125.0,557.0,28.0,0.0191,85.0,2.0
Benin,2020-07-19,1602.0,137.0,782.0,31.0,0.0194,139.0,3.0
Benin,2020-07-19,1602.0,137.0,782.0,31.0,0.0194,0.0,0.0
Benin,2020-07-21,1602.0,137.0,782.0,31.0,0.0194,0.0,0.0
Benin,2020-07-22,1602.0,137.0,782.0,31.0,0.0194,0.0,0.0
Benin,2020-07-23,1690.0,144.0,0.0,34.0,0.0201,88.0,3.0
Benin,2020-07-24,1690.0,144.0,0.0,34.0,0.0201,0.0,0.0
Benin,2020-07-25,1694.0,144.0,918.0,34.0,0.0201,4.0,0.0
Benin,2020-07-26,1694.0,144.0,918.0,34.0,0.0201,0.0,0.0
Benin,2020-07-27,1770.0,151.0,1036.0,35.0,0.0198,76.0,1.0
Benin,2020-07-28,1770.0,151.0,1036.0,35.0,0.0198,0.0,0.0
Benin,2020-07-29,1770.0,151.0,1036.0,35.0,0.0198,0.0,0.0
Benin,2020-07-30,1770.0,151.0,1036.0,35.0,0.0198,0.0,0.0
Benin,2020-07-31,1805.0,154.0,0.0,36.0,0.0199,35.0,1.0
Benin,2020-08-01,1805.0,154.0,0.0,36.0,0.0199,0.0,0.0
Benin,2020-08-02,1805.0,154.0,0.0,36.0,0.0199,0.0,0.0
Benin,2020-08-03,1805.0,154.0,0.0,36.0,0.0199,0.0,0.0
Benin,2020-08-04,1805.0,154.0,0.0,36.0,0.0199,0.0,0.0
Benin,2020-08-05,1914.0,163.0,0.0,38.0,0.0199,109.0,2.0
Benin,2020-08-06,1936.0,165.0,0.0,38.0,0.0196,22.0,0.0
Benin,2020-08-07,1936.0,165.0,0.0,38.0,0.0196,0.0,0.0
Benin,2020-08-08,1936.0,165.0,0.0,38.0,0.0196,0.0,0.0
Benin,2020-08-09,1936.0,165.0,0.0,38.0,0.0196,0.0,0.0
Benin,2020-08-10,1936.0,165.0,0.0,38.0,0.0196,0.0,0.0
Benin,2020-08-11,1936.0,165.0,0.0,38.0,0.0196,0.0,0.0
Benin,2020-08-12,2001.0,171.0,1681.0,38.0,0.019,65.0,0.0
Benin,2020-08-13,2014.0,172.0,1681.0,38.0,0.0189,13.0,0.0
Benin,2020-08-14,2014.0,172.0,1681.0,38.0,0.0189,0.0,0.0
Benin,2020-08-15,2014.0,172.0,1681.0,38.0,0.0189,0.0,0.0
Benin,2020-08-16,2014.0,172.0,1681.0,38.0,0.0189,0.0,0.0
Benin,2020-08-17,2063.0,176.0,1690.0,39.0,0.0189,49.0,1.0
Benin,2020-08-18,2063.0,176.0,1690.0,39.0,0.0189,0.0,0.0
Benin,2020-08-19,2063.0,176.0,1690.0,39.0,0.0189,0.0,0.0
Benin,2020-08-20,2063.0,176.0,1690.0,39.0,0.0189,0.0,0.0
Benin,2020-08-22,2063.0,176.0,1690.0,39.0,0.0189,0.0,0.0
Benin,2020-08-23,2095.0,179.0,0.0,39.0,0.0186,32.0,0.0
Benin,2020-08-24,2095.0,179.0,0.0,39.0,0.0186,0.0,0.0
Benin,2020-08-25,2095.0,179.0,0.0,39.0,0.0186,0.0,0.0
Benin,2020-08-26,2115.0,180.0,0.0,39.0,0.0184,20.0,0.0
Benin,2020-08-27,2115.0,180.0,0.0,39.0,0.0184,0.0,0.0
Benin,2020-08-28,2115.0,180.0,0.0,39.0,0.0184,0.0,0.0
Benin,2020-08-29,2145.0,183.0,1738.0,40.0,0.0186,30.0,1.0
Benin,2020-08-30,2145.0,183.0,1738.0,40.0,0.0186,0.0,0.0
Benin,2020-08-31,2145.0,183.0,1738.0,40.0,0.0186,0.0,0.0
Benin,2020-09-01,2145.0,183.0,1738.0,40.0,0.0186,0.0,0.0
Benin,2020-09-02,2145.0,183.0,1738.0,40.0,0.0186,0.0,0.0
Benin,2020-09-03,2145.0,183.0,1738.0,40.0,0.0186,0.0,0.0
Benin,2020-09-04,2145.0,183.0,1738.0,40.0,0.0186,0.0,0.0
Benin,2020-09-05,2194.0,187.0,0.0,40.0,0.0182,49.0,0.0
Benin,2020-09-07,2194.0,187.0,0.0,40.0,0.0182,0.0,0.0
Benin,2020-09-08,2194.0,187.0,0.0,40.0,0.0182,0.0,0.0
Benin,2020-09-09,2194.0,187.0,1793.0,40.0,0.0182,0.0,0.0
Benin,2020-09-10,2194.0,187.0,1793.0,40.0,0.0182,0.0,0.0
Benin,2020-09-11,2213.0,189.0,0.0,40.0,0.0181,19.0,0.0
Benin,2020-09-12,2213.0,189.0,0.0,40.0,0.0181,0.0,0.0
Benin,2020-09-12,2213.0,189.0,0.0,40.0,0.0181,0.0,0.0
