Location,Date,Confirmed,Case_Per_1M_people,Recovered,Deaths,Mortality,Cases per 1 million people,NewCases,NewConfirmed,NewDeaths
Brazil,2020-03-31,4330,21.01,120.0,140,0.032332564,,,0,0
Brazil,2020-04-01,5717,27.73,127.0,201,0.035158299807591394,,,1387,61
Brazil,2020-04-02,6836,33.16,127.0,240,0.03510825043885313,,,1119,39
Brazil,2020-04-03,8066,39.13,127.0,327,0.040540540540540536,,,1230,87
Brazil,2020-04-07,12056,57.05,127.0,553,0.04586927670869277,,,3990,226
Brazil,2020-04-10,18176,86.0,173.0,957,0.0526518485915493,,,6120,404
Brazil,2020-04-11,19943,94.37,0.0,1074,0.053853482424911,,,1767,117
Brazil,2020-04-12,20727,98.08,0.0,1124,0.05422878371206639,,,784,50
Brazil,2020-04-14,23753,112.39,0.0,1355,0.057045425840946413,,,3026,231
Brazil,2020-04-17,30683,145.19,14026.0,1947,0.06345533357233647,,,6930,592
Brazil,2020-04-18,34221,161.93,14026.0,2171,0.06344057742321968,,,3538,224
Brazil,2020-04-20,38654,182.9,14026.0,2462,0.06369327883272106,,,4433,291
Brazil,2020-04-22,43114,204.01,22991.0,2757,0.06394674583661919,,,4460,295
Brazil,2020-04-23,45757,216.51,24325.0,2906,0.0635094083965295,,,2643,149
Brazil,2020-04-24,49990,236.54,25318.0,3330,0.0666133226645329,,,4233,424
Brazil,2020-04-25,52995,250.76,26573.0,3670,0.06925181620907632,,,3005,340
Brazil,2020-04-26,59324,280.71,27655.0,4057,0.06838716202548717,,,6329,387
Brazil,2020-04-27,62859,297.44,30152.0,4271,0.06794571978555179,,,3535,214
Brazil,2020-04-28,66896,316.54,30152.0,4555,0.06809076775890935,,,4037,284
Brazil,2020-04-29,73166,346.21,31142.0,5083,0.06947215919962824,,,6270,528
Brazil,2020-04-30,73166,346.21,31142.0,5083,0.06947215919962824,,,0,0
Brazil,2020-05-01,85380,404.0,35935.0,5901,0.0691145467322558,,,12214,818
Brazil,2020-05-02,92109,436.0,38039.0,6410,0.06959146228924426,,,6729,509
Brazil,2020-05-03,96559,457.0,40973.0,6750,0.0699054464110026,,,4450,340
Brazil,2020-05-04,97100,459.0,40973.0,6761,0.06962924819773429,,,541,11
Brazil,2020-05-05,108266,512.0,45815.0,7343,0.06782369349564961,,,11166,582
Brazil,2020-05-06,115381,546.0,45815.0,7937,0.06878948873731378,,,7115,594
Brazil,2020-05-07,126250,597.0,48221.0,8574,0.06791287128712871,,,10869,637
Brazil,2020-05-08,132367,626.0,51370.0,9054,0.06840073432199867,,,6117,480
Brazil,2020-05-09,145892,690.0,55350.0,9992,0.06848901927453184,,,13525,938
Brazil,2020-05-10,156061,738.0,61685.0,10656,0.06828099268875631,,,10169,664
Brazil,2020-05-11,162699,770.0,64957.0,11123,0.06836550931474686,,,6638,467
Brazil,2020-05-12,168331,797.0,69232.0,11519,0.06843065151398138,,,5632,396
Brazil,2020-05-13,178883,846.0,72597.0,12484,0.06978863279350189,,,10552,965
Brazil,2020-05-15,202918,960.0,79479.0,13993,0.06895888979784938,,,24035,1509
Brazil,2020-05-16,219258,1037.0,84970.0,14929,0.06808873564476553,,,16340,936
Brazil,2020-05-17,229204,1085.0,84970.0,15368,0.06704944067293765,,,9946,439
Brazil,2020-05-18,241080,1141.0,94122.0,16118,0.06685747469719595,,,11876,750
Brazil,2020-05-19,255368,1208.0,100459.0,16856,0.06600670405062498,,,14288,738
Brazil,2020-05-20,271885,1287.0,106794.0,17983,0.06614193500928701,,,16517,1127
Brazil,2020-05-21,291579,1380.0,116683.0,18859,0.06467886919153985,,,19694,876
Brazil,2020-05-22,310087,1467.0,125960.0,20047,0.0646495983385308,,,18508,1188
Brazil,2020-05-23,332382,1573.0,135430.0,21116,0.06352931265832687,,,22295,1069
Brazil,2020-05-24,347398,1644.0,142587.0,22013,0.06336536191918203,,,15016,897
Brazil,2020-05-25,363211,1719.0,149911.0,22666,0.062404497661139126,,,15813,653
Brazil,2020-05-26,374898,1774.0,153833.0,23473,0.06261169704826379,,,11687,807
Brazil,2020-05-27,392360,1857.0,158593.0,24549,0.0625675400142726,,,17462,1076
Brazil,2020-05-28,411821,1949.0,166647.0,25598,0.062158073531947126,,,19461,1049
Brazil,2020-05-29,438812,2076.0,193181.0,26764,0.060991950994959125,,,26991,1166
Brazil,2020-05-30,468338,2216.0,189476.0,27944,0.05966630937485321,,,29526,1180
Brazil,2020-05-31,498440,2359.0,200892.0,28834,0.057848487280314574,,,30102,890
Brazil,2020-06-01,514849,2436.0,206555.0,29314,0.05693708252322525,,,16409,480
Brazil,2020-06-02,529405,2505.0,211080.0,30058,0.0567769477054429,,,14556,744
Brazil,2020-06-03,558237,2641.0,240627.0,31309,0.0561,,,28832,1251
Brazil,2020-06-04,584562,2766.0,267861.0,32568,0.0557,,,26325,1259
Brazil,2020-06-05,615870,2914.0,274997.0,34039,0.0553,,,31308,1471
Brazil,2020-06-06,646006,3057.0,288652.0,35047,0.0543,,,30136,1008
Brazil,2020-06-07,671464,3177.0,302084.0,35919,0.0535,,,25458,872
Brazil,2020-06-08,691962,3274.0,302084.0,36499,0.0527,,,20498,580
Brazil,2020-06-09,710887,3364.0,325602.0,37312,0.0525,,,18925,813
Brazil,2020-06-10,739503,3499.0,325602.0,38406,0.0519,,,28616,1094
Brazil,2020-06-12,805649,3812.0,396692.0,41058,0.051,,,66146,2652
Brazil,2020-06-13,829902,3927.0,396692.0,41901,0.0505,,,24253,843
Brazil,2020-06-14,850514,4024.0,427610.0,42720,0.0502,,,20612,819
Brazil,2020-06-15,852785,4035.0,427610.0,42837,0.0502,,,2271,117
Brazil,2020-06-16,888271,4203.0,453568.0,43959,0.0495,,,35486,1122
Brazil,2020-06-17,928834,4395.0,441729.0,45456,0.0489,,,40563,1497
Brazil,2020-06-18,960309,4544.0,477364.0,46665,0.0486,,,31475,1209
Brazil,2020-06-19,983359,4653.0,503507.0,47869,0.0487,,,23050,1204
Brazil,2020-06-20,1038568,4914.0,520360.0,49090,0.0473,,,55209,1221
Brazil,2020-06-21,1067579,5052.0,543186.0,49976,0.0468,,,29011,886
Brazil,2020-06-22,1084873,5133.0,543186.0,50608,0.0466,,,17294,632
Brazil,2020-06-23,1090349,5159.0,543186.0,50737,0.0465,,,5476,129
Brazil,2020-06-24,1151479,5449.0,613345.0,52771,0.0458,,,61130,2034
Brazil,2020-06-25,1192474,5643.0,649908.0,53874,0.0452,,,40995,1103
Brazil,2020-06-26,1233147,5835.0,649908.0,55054,0.0446,,,40673,1180
Brazil,2020-06-27,1280054,6057.0,697526.0,56109,0.0438,,,46907,1055
Brazil,2020-06-28,1313667,6216.0,715905.0,57070,0.0434,,,33613,961
Brazil,2020-06-29,1345254,6365.0,715905.0,57658,0.0429,,,31587,588
Brazil,2020-06-30,1370488,6485.0,733848.0,58385,0.0426,,,25234,727
Brazil,2020-07-01,1408485,6665.0,790040.0,59656,0.0424,,,37997,1271
Brazil,2020-07-02,1448753,6855.0,790040.0,60632,0.0419,,,40268,976
Brazil,2020-07-03,1496858,7083.0,852816.0,61884,0.0413,,,48105,1252
Brazil,2020-07-04,1543341,7303.0,916147.0,63254,0.040999999999999995,,,46483,1370
Brazil,2020-07-05,1577004,7462.0,978615.0,64265,0.0408,,,33663,1011
Brazil,2020-07-06,1604585,7593.0,978615.0,64900,0.0404,,,27581,635
Brazil,2020-07-07,1626071,7694.0,978615.0,65556,0.0403,,,21486,656
Brazil,2020-07-09,1713160,8106.0,1117922.0,67964,0.0397,,,87089,2408
Brazil,2020-07-10,1759103,8324.0,1152467.0,69254,0.0394,,,45943,1290
Brazil,2020-07-11,1804338,8538.0,1185596.0,70524,0.0391,,,45235,1270
Brazil,2020-07-12,1839850,8706.0,0.0,71469,0.0388,,,35512,945
Brazil,2020-07-14,1884967,8919.0,1213512.0,72833,0.0386,,,45117,1364
Brazil,2020-07-15,1926824,9117.0,1213512.0,74133,0.0385,,,41857,1300
Brazil,2020-07-16,1926824,9117.0,1323425.0,74133,0.0385,,,0,0
Brazil,2020-07-18,2064328,9768.0,1366775.0,77851,0.0377,,,137504,3718
Brazil,2020-07-19,2075124,9819.0,1366775.0,78735,0.0379,,,10796,884
Brazil,2020-07-19,2075124,9819.0,1366775.0,78735,0.0379,,,0,0
Brazil,2020-07-21,2118646,10025.0,1409202.0,80120,0.0378,,,43522,1385
Brazil,2020-07-22,2166532,10252.0,1465970.0,81597,0.0377,,,47886,1477
Brazil,2020-07-23,2166532,10252.0,1465970.0,81597,0.0377,,,0,0
Brazil,2020-07-24,2242394,10611.0,1532138.0,83036,0.037000000000000005,,,75862,1439
Brazil,2020-07-25,2348200,11111.0,1592281.0,85385,0.0364,,,105806,2349
Brazil,2020-07-26,2396434,11339.0,1617480.0,86496,0.0361,,,48234,1111
Brazil,2020-07-27,2419901,11450.0,1634274.0,87052,0.036000000000000004,,,23467,556
Brazil,2020-07-28,2443480,11562.0,1667667.0,87679,0.0359,,,23579,627
Brazil,2020-07-29,2484649,11757.0,1721560.0,88634,0.0357,,,41169,955
Brazil,2020-07-30,2553265,12082.0,1721560.0,90134,0.0353,,,68616,1500
Brazil,2020-07-31,2556765,12098.0,1787419.0,90383,0.0354,,,3500,249
Brazil,2020-08-01,2666298,12616.0,1884051.0,92568,0.0347,,,109533,2185
Brazil,2020-08-02,2708876,12818.0,1884051.0,93616,0.0346,,,42578,1048
Brazil,2020-08-03,2733677,12935.0,1884051.0,94104,0.0344,,,24801,488
Brazil,2020-08-04,2750153,13013.0,1884051.0,94660,0.0344,,,16476,556
Brazil,2020-08-05,2751665,13020.0,1912319.0,94702,0.0344,,,1512,42
Brazil,2020-08-06,2858872,13528.0,1970767.0,97288,0.034,,,107207,2586
Brazil,2020-08-07,2862761,13546.0,2020637.0,97418,0.034,,,3889,130
Brazil,2020-08-08,2927807,13854.0,2047660.0,98844,0.0338,,,65046,1426
Brazil,2020-08-09,3013369,14259.0,2094293.0,100543,0.0334,,,85562,1699
Brazil,2020-08-10,3035582,14364.0,2118460.0,101136,0.0333,,,22213,593
Brazil,2020-08-11,3057470,14467.0,2118460.0,101752,0.0333,,,21888,616
Brazil,2020-08-12,3112393,14727.0,2243124.0,103099,0.0331,,,54923,1347
Brazil,2020-08-13,3164785,14975.0,2309477.0,104201,0.0329,,,52392,1102
Brazil,2020-08-14,3180758,15051.0,2309477.0,104528,0.0329,,,15973,327
Brazil,2020-08-15,3238216,15323.0,2356640.0,105791,0.0327,,,57458,1263
Brazil,2020-08-16,3275520,15499.0,2384302.0,106523,0.0325,,,37304,732
Brazil,2020-08-17,3340197,15805.0,2432456.0,107879,0.0323,,,64677,1356
Brazil,2020-08-18,3359570,15897.0,2478494.0,108536,0.0323,,,19373,657
Brazil,2020-08-19,3411872,16144.0,2554179.0,110019,0.0322,,,52302,1483
Brazil,2020-08-20,3460413,16374.0,2615254.0,111189,0.0321,,,48541,1170
Brazil,2020-08-22,3532330,16714.0,2670755.0,113358,0.0321,,,71917,2169
Brazil,2020-08-23,3582698,16953.0,2709638.0,114277,0.0319,,,50368,919
Brazil,2020-08-24,3605783,17062.0,2739035.0,114772,0.0318,,,23085,495
Brazil,2020-08-25,3605783,17062.0,2739035.0,114772,0.0318,,,0,0
Brazil,2020-08-26,3669995,17366.0,0.0,116580,0.0318,,,64212,1808
Brazil,2020-08-27,3717156,17589.0,2908848.0,117665,0.0317,,,47161,1085
Brazil,2020-08-28,3761391,17798.0,2947250.0,118649,0.0315,,,44235,984
Brazil,2020-08-29,3808663,18022.0,2976796.0,119594,0.0314,,,47272,945
Brazil,2020-08-30,3846153,18199.0,0.0,120262,0.0313,,,37490,668
Brazil,2020-08-31,3862311,18276.0,3031559.0,120828,0.0313,,,16158,566
Brazil,2020-09-01,3908272,18493.0,3097734.0,121381,0.0311,,,45961,553
Brazil,2020-09-02,3950931,18695.0,3159096.0,122596,0.031,,,42659,1215
Brazil,2020-09-03,3997865,18917.0,3210405.0,123780,0.031,,,46934,1184
Brazil,2020-09-04,4041638,19124.0,3247610.0,124614,0.0308,,,43773,834
Brazil,2020-09-05,4091801,19362.0,0.0,125502,0.0307,,,50163,888
Brazil,2020-09-07,4137521,19578.0,3317227.0,126686,0.0306,,,45720,1184
Brazil,2020-09-08,4147794,19626.0,3355564.0,127001,0.0306,,,10273,315
Brazil,2020-09-09,4162073,19694.0,3397234.0,127464,0.0306,,,14279,463
Brazil,2020-09-10,4197889,19864.0,0.0,128539,0.0306,,,35816,1075
Brazil,2020-09-11,4202191,19884.0,3453336.0,128694,0.0306,,,4302,155
Brazil,2020-09-12,4282164,20262.0,3530655.0,130396,0.0305,,,79973,1702
Brazil,2020-09-13,4315687,20421.0,3553421.0,131210,0.0304,,,33523,814
Brazil,2020-09-14,4330455,20491.0,3573958.0,131663,0.0304,,,14768,453
Brazil,2020-09-15,4349544,20581.0,3613184.0,132117,0.0304,,,19089,454
Brazil,2020-09-16,4382263,20736.0,3671128.0,133119,0.0304,,,32719,1002
Brazil,2020-09-17,4421686,20922.0,3720311.0,134174,0.0303,,,39423,1055
Brazil,2020-09-18,4455386,21082.0,3753082.0,134935,0.0303,,,33700,761
Brazil,2020-09-20,4528240,21427.0,0.0,136532,0.0302,,,72854,1597
Brazil,2020-09-21,4544629,21504.0,0.0,136895,0.0301,,,16389,363
Brazil,2020-09-22,4558068,21568.0,0.0,137272,0.0301,,,13439,377
Brazil,2020-09-23,4566123,21606.0,3887199.0,137445,0.0301,,,8055,173
Brazil,2020-09-24,4624885,0.0,,138977,0.03,21884.0,,58762,1532
Brazil,2020-09-25,4659909,0.0,,139883,0.03,22050.0,,35024,906
Brazil,2020-09-26,4689613,0.0,,140537,0.03,22190.0,,29704,654
Brazil,2020-09-27,4718115,0.0,,141441,0.03,22325.0,,28502,904
Brazil,2020-09-28,4732309,0.0,,141776,0.03,22392.0,,14194,335
Brazil,2020-09-29,4748327,0.0,,142161,0.0299,22468.0,,16018,385
Brazil,2020-09-30,4748327,0.0,,142161,0.0299,22468.0,,0,0
Brazil,2020-10-02,4813586,0.0,,143952,0.0299,22777.0,,65259,1791
Brazil,2020-10-03,4847092,0.0,,144680,0.0298,22935.0,,33506,728
Brazil,2020-10-04,4847092,0.0,,144680,0.0298,22935.0,,0,0
Brazil,2020-10-05,4906833,0.0,,145987,0.0298,23218.0,,59741,1307
Brazil,2020-10-06,4915289,0.0,,146352,0.0298,23258.0,,8456,365
Brazil,2020-10-08,4969141,0.0,,147494,0.0297,23513.0,,53852,1142
Brazil,2020-10-09,5000694,0.0,,148228,0.0296,23662.0,,31553,734
Brazil,2020-10-10,5028444,0.0,,148957,0.0296,23794.0,,27750,729
Brazil,2020-10-11,5055888,0.0,,149639,0.0296,23923.0,,27444,682
Brazil,2020-10-12,5055888,0.0,,149639,0.0296,23923.0,,0,0
Brazil,2020-10-13,5094979,0.0,,150488,0.0295,24108.0,,39091,849
Brazil,2020-10-14,5103408,0.0,,150689,0.0295,24148.0,,8429,201
Brazil,2020-10-15,5113628,0.0,,150998,0.0295,24197.0,,10220,309
Brazil,2020-10-18,5200300,0.0,,153214,0.0295,24607.0,,86672,2216
Brazil,2020-10-19,5224362,0.0,,153675,0.0294,24721.0,,24062,461
Brazil,2020-10-20,5224362,0.0,,153675,0.0294,24721.0,,0,0
Brazil,2020-10-22,5273954,0.0,,154837,0.0294,24955.0,,49592,1162
Brazil,2020-10-23,5298772,0.0,,155403,0.0293,25073.0,,24818,566
Brazil,2020-10-24,5323630,0.0,,155900,0.0293,25190.0,,24858,497
Brazil,2020-10-25,5353656,0.0,,156471,0.0292,25332.0,,30026,571
Brazil,2020-10-26,5380635,0.0,,156903,0.0292,25460.0,,26979,432
Brazil,2020-10-27,5380635,0.0,,156903,0.0292,25460.0,,0,0
Brazil,2020-10-28,5439641,25739.0,,157946,0.028999999999999998,,29787.0,59006,1043
Brazil,2020-10-29,5439641,25739.0,,157946,0.028999999999999998,,29787.0,0,0
Brazil,2020-10-30,5468270,25875.0,,158456,0.028999999999999998,,28629.0,28629,510
Brazil,2020-10-31,5494376,25998.0,,158969,0.0289,,26106.0,26106,513
Brazil,2020-11-01,5516658,26104.0,,159477,0.0289,,22282.0,22282,508
Brazil,2020-11-02,5535605,26193.0,,159884,0.0289,,18947.0,18947,407
Brazil,2020-11-03,5545705,26241.0,,160074,0.0289,,10100.0,10100,190
Brazil,2020-11-04,5554206,26281.0,,160253,0.0289,,8501.0,8501,179
Brazil,2020-11-05,5566049,26337.0,,160496,0.0288,,11843.0,11843,243
Brazil,2020-11-06,5590025,26451.0,,161106,0.0288,,23976.0,23976,610
Brazil,2020-11-07,5590025,26451.0,,161106,0.0288,,0.0,0,0
Brazil,2020-11-08,5631181,26646.0,,162015,0.0288,,41156.0,41156,909
Brazil,2020-11-09,5653561,26751.0,,162269,0.0287,,22380.0,22380,254
Brazil,2020-11-10,5664115,26801.0,,162397,0.0287,,10554.0,10554,128
Brazil,2020-11-11,5675032,26853.0,,162628,0.0287,,10917.0,10917,231
Brazil,2020-11-12,5699005,26966.0,,162802,0.0286,,23973.0,23973,174
Brazil,2020-11-13,5747660,27197.0,,163368,0.0284,,48655.0,48655,566
Brazil,2020-11-15,5810652,27495.0,,164737,0.0284,,29070.0,62992,1369
Brazil,2020-11-16,5848959,27676.0,,165658,0.0283,,38307.0,38307,921
Brazil,2020-11-17,5863093,27743.0,,165798,0.0283,,14134.0,14134,140
Brazil,2020-11-18,5876464,27806.0,,166014,0.0283,,13371.0,13371,216
Brazil,2020-11-19,5911758,27973.0,,166699,0.0282,,35294.0,35294,685
Brazil,2020-11-20,5945849,28134.0,,167455,0.0282,,34091.0,34091,756
Brazil,2020-11-21,5981767,28304.0,,168061,0.0281,,35918.0,35918,606
Brazil,2020-11-22,6020164,28486.0,,168613,0.027999999999999997,,38397.0,38397,552
Brazil,2020-11-23,6052786,28640.0,,168989,0.0279,,32622.0,32622,376
Brazil,2020-11-24,6071401,28729.0,,169183,0.0279,,18615.0,18615,194
Brazil,2020-11-25,6087608,28805.0,,169485,0.0278,,16207.0,16207,302
Brazil,2020-11-26,6118708,28952.0,,170115,0.0278,,31100.0,31100,630
Brazil,2020-11-27,6166606,29179.0,,170769,0.0277,,47898.0,47898,654
Brazil,2020-11-28,6204220,29357.0,,171460,0.0276,,37614.0,37614,691
Brazil,2020-11-29,6238350,29519.0,,171974,0.0276,,34130.0,34130,514
Brazil,2020-11-30,6290272,29764.0,,172561,0.0274,,51922.0,51922,587
Brazil,2020-12-01,6314740,29880.0,,172833,0.0274,,24468.0,24468,272
Brazil,2020-12-01,6314740,29880.0,,172833,0.0274,,24468.0,0,0
Brazil,2020-12-02,6335878,29980.0,,173120,0.0273,,21138.0,21138,287
Brazil,2020-12-03,6386787,30221.0,,173817,0.0272,,50909.0,50909,697
Brazil,2020-12-04,6436650,30457.0,,174515,0.0271,,49863.0,49863,698
