Location,Date,Confirmed,Case_Per_1M_people,Recovered,Deaths,Mortality,Cases per 1 million people,NewConfirmed,NewDeaths
Burkina Faso,2020-03-31,246.0,12.7,31.0,12.0,0.048780488,,0.0,0.0
Burkina Faso,2020-04-01,261.0,13.48,32.0,14.0,0.05363984674329502,,15.0,2.0
Burkina Faso,2020-04-02,282.0,14.56,46.0,16.0,0.056737588652482275,,21.0,2.0
Burkina Faso,2020-04-03,288.0,14.87,50.0,16.0,0.05555555555555555,,6.0,0.0
Burkina Faso,2020-04-07,364.0,17.44,108.0,18.0,0.04945054945054945,,76.0,2.0
Burkina Faso,2020-04-10,443.0,21.23,146.0,24.0,0.05417607223476298,,79.0,6.0
Burkina Faso,2020-04-11,448.0,21.47,159.0,26.0,0.05803571428571429,,5.0,2.0
Burkina Faso,2020-04-12,448.0,21.47,149.0,26.0,0.05803571428571429,,0.0,0.0
Burkina Faso,2020-04-14,515.0,24.68,170.0,28.0,0.05436893203883495,,67.0,2.0
Burkina Faso,2020-04-17,546.0,26.16,257.0,32.0,0.058608058608058615,,31.0,4.0
Burkina Faso,2020-04-18,557.0,26.69,294.0,35.0,0.06283662477558348,,11.0,3.0
Burkina Faso,2020-04-20,576.0,27.6,338.0,36.0,0.0625,,19.0,1.0
Burkina Faso,2020-04-22,600.0,28.75,362.0,38.0,0.06333333333333334,,24.0,2.0
Burkina Faso,2020-04-23,609.0,29.18,389.0,39.0,0.06403940886699508,,9.0,1.0
Burkina Faso,2020-04-24,616.0,29.52,410.0,41.0,0.06655844155844155,,7.0,2.0
Burkina Faso,2020-04-25,629.0,30.14,425.0,41.0,0.06518282988871224,,13.0,0.0
Burkina Faso,2020-04-26,629.0,30.14,442.0,41.0,0.06518282988871224,,0.0,0.0
Burkina Faso,2020-04-27,632.0,30.28,453.0,42.0,0.06645569620253164,,3.0,1.0
Burkina Faso,2020-04-28,632.0,30.28,453.0,42.0,0.06645569620253164,,0.0,0.0
Burkina Faso,2020-04-29,638.0,30.57,476.0,42.0,0.06583072100313479,,6.0,0.0
Burkina Faso,2020-04-30,638.0,30.57,476.0,42.0,0.06583072100313479,,0.0,0.0
Burkina Faso,2020-05-01,645.0,31.0,506.0,43.0,0.06666666666666668,,7.0,1.0
Burkina Faso,2020-05-02,649.0,31.0,517.0,44.0,0.06779661016949153,,4.0,1.0
Burkina Faso,2020-05-03,652.0,31.0,535.0,44.0,0.06748466257668713,,3.0,0.0
Burkina Faso,2020-05-04,652.0,31.0,535.0,44.0,0.06748466257668713,,0.0,0.0
Burkina Faso,2020-05-05,672.0,32.0,545.0,46.0,0.06845238095238096,,20.0,2.0
Burkina Faso,2020-05-06,688.0,33.0,548.0,48.0,0.06976744186046513,,16.0,2.0
Burkina Faso,2020-05-07,729.0,35.0,555.0,48.0,0.06584362139917696,,41.0,0.0
Burkina Faso,2020-05-08,736.0,35.0,562.0,48.0,0.06521739130434782,,7.0,0.0
Burkina Faso,2020-05-09,744.0,36.0,566.0,48.0,0.06451612903225806,,8.0,0.0
Burkina Faso,2020-05-10,748.0,36.0,569.0,48.0,0.06417112299465241,,4.0,0.0
Burkina Faso,2020-05-11,751.0,36.0,577.0,49.0,0.06524633821571238,,3.0,1.0
Burkina Faso,2020-05-12,760.0,36.0,584.0,50.0,0.06578947368421052,,9.0,1.0
Burkina Faso,2020-05-13,766.0,37.0,588.0,51.0,0.06657963446475196,,6.0,1.0
Burkina Faso,2020-05-15,773.0,37.0,592.0,51.0,0.06597671410090558,,7.0,0.0
Burkina Faso,2020-05-16,780.0,37.0,595.0,51.0,0.06538461538461539,,7.0,0.0
Burkina Faso,2020-05-17,780.0,37.0,595.0,51.0,0.06538461538461539,,0.0,0.0
Burkina Faso,2020-05-18,796.0,38.0,644.0,51.0,0.06407035175879397,,16.0,0.0
Burkina Faso,2020-05-19,796.0,38.0,652.0,51.0,0.06407035175879397,,0.0,0.0
Burkina Faso,2020-05-20,796.0,38.0,652.0,51.0,0.06407035175879397,,0.0,0.0
,2020-05-21,,,,,,,,
Burkina Faso,2020-05-22,812.0,39.0,669.0,52.0,0.06403940886699508,,,
Burkina Faso,2020-05-23,814.0,39.0,672.0,52.0,0.06388206388206387,,2.0,0.0
Burkina Faso,2020-05-24,814.0,39.0,672.0,52.0,0.06388206388206387,,0.0,0.0
Burkina Faso,2020-05-25,814.0,39.0,672.0,52.0,0.06388206388206387,,0.0,0.0
Burkina Faso,2020-05-26,832.0,40.0,672.0,52.0,0.0625,,18.0,0.0
Burkina Faso,2020-05-27,832.0,40.0,672.0,52.0,0.0625,,0.0,0.0
Burkina Faso,2020-05-28,845.0,40.0,672.0,53.0,0.06272189349112428,,13.0,1.0
Burkina Faso,2020-05-29,847.0,41.0,719.0,53.0,0.06257378984651712,,2.0,0.0
Burkina Faso,2020-05-30,847.0,41.0,719.0,53.0,0.06257378984651712,,0.0,0.0
Burkina Faso,2020-05-31,847.0,41.0,719.0,53.0,0.06257378984651712,,0.0,0.0
Burkina Faso,2020-06-01,847.0,41.0,719.0,53.0,0.06257378984651712,,0.0,0.0
Burkina Faso,2020-06-02,847.0,41.0,719.0,53.0,0.06257378984651712,,0.0,0.0
Burkina Faso,2020-06-03,884.0,42.0,720.0,53.0,0.06,,37.0,0.0
Burkina Faso,2020-06-04,884.0,42.0,753.0,53.0,0.06,,0.0,0.0
Burkina Faso,2020-06-05,885.0,42.0,760.0,53.0,0.0599,,1.0,0.0
Burkina Faso,2020-06-06,888.0,43.0,760.0,53.0,0.0597,,3.0,0.0
Burkina Faso,2020-06-07,888.0,43.0,760.0,53.0,0.0597,,0.0,0.0
Burkina Faso,2020-06-08,889.0,43.0,760.0,53.0,0.0596,,1.0,0.0
Burkina Faso,2020-06-09,890.0,43.0,765.0,53.0,0.0596,,1.0,0.0
Burkina Faso,2020-06-10,891.0,43.0,765.0,53.0,0.0595,,1.0,0.0
Burkina Faso,2020-06-12,892.0,43.0,790.0,53.0,0.0594,,1.0,0.0
Burkina Faso,2020-06-13,892.0,43.0,790.0,53.0,0.0594,,0.0,0.0
Burkina Faso,2020-06-14,892.0,43.0,790.0,53.0,0.0594,,0.0,0.0
Burkina Faso,2020-06-15,892.0,43.0,790.0,53.0,0.0594,,0.0,0.0
Burkina Faso,2020-06-16,894.0,43.0,804.0,53.0,0.0593,,2.0,0.0
Burkina Faso,2020-06-17,895.0,43.0,807.0,53.0,0.0592,,1.0,0.0
Burkina Faso,2020-06-18,899.0,43.0,809.0,53.0,0.059000000000000004,,4.0,0.0
Burkina Faso,2020-06-19,899.0,43.0,809.0,53.0,0.059000000000000004,,0.0,0.0
Burkina Faso,2020-06-20,900.0,43.0,810.0,53.0,0.0589,,1.0,0.0
Burkina Faso,2020-06-21,901.0,43.0,810.0,53.0,0.0588,,1.0,0.0
Burkina Faso,2020-06-22,901.0,43.0,810.0,53.0,0.0588,,0.0,0.0
Burkina Faso,2020-06-23,903.0,43.0,814.0,53.0,0.0587,,2.0,0.0
Burkina Faso,2020-06-24,907.0,43.0,823.0,53.0,0.0584,,4.0,0.0
Burkina Faso,2020-06-25,934.0,45.0,825.0,53.0,0.0567,,27.0,0.0
Burkina Faso,2020-06-26,941.0,45.0,826.0,53.0,0.0563,,7.0,0.0
Burkina Faso,2020-06-27,941.0,45.0,826.0,53.0,0.0563,,0.0,0.0
Burkina Faso,2020-06-28,941.0,45.0,826.0,53.0,0.0563,,0.0,0.0
Burkina Faso,2020-06-29,959.0,46.0,830.0,53.0,0.0553,,18.0,0.0
Burkina Faso,2020-06-30,959.0,46.0,830.0,53.0,0.0553,,0.0,0.0
Burkina Faso,2020-07-01,959.0,46.0,830.0,53.0,0.0553,,0.0,0.0
Burkina Faso,2020-07-02,959.0,46.0,830.0,53.0,0.0553,,0.0,0.0
Burkina Faso,2020-07-03,962.0,46.0,838.0,53.0,0.0551,,3.0,0.0
Burkina Faso,2020-07-04,987.0,47.0,852.0,53.0,0.0537,,25.0,0.0
Burkina Faso,2020-07-05,987.0,47.0,852.0,53.0,0.0537,,0.0,0.0
Burkina Faso,2020-07-06,987.0,47.0,852.0,53.0,0.0537,,0.0,0.0
Burkina Faso,2020-07-07,1000.0,48.0,858.0,53.0,0.053,,13.0,0.0
Burkina Faso,2020-07-09,1003.0,48.0,858.0,53.0,0.0528,,3.0,0.0
Burkina Faso,2020-07-10,1003.0,48.0,858.0,53.0,0.0528,,0.0,0.0
Burkina Faso,2020-07-11,1020.0,49.0,862.0,53.0,0.052000000000000005,,17.0,0.0
Burkina Faso,2020-07-12,1020.0,49.0,862.0,53.0,0.052000000000000005,,0.0,0.0
Burkina Faso,2020-07-13,1020.0,49.0,862.0,53.0,0.052000000000000005,,0.0,0.0
Burkina Faso,2020-07-14,1033.0,49.0,0.0,53.0,0.0513,,13.0,0.0
Burkina Faso,2020-07-15,1036.0,50.0,0.0,53.0,0.0512,,3.0,0.0
Burkina Faso,2020-07-16,1036.0,50.0,0.0,53.0,0.0512,,0.0,0.0
Burkina Faso,2020-07-18,1038.0,50.0,882.0,53.0,0.0511,,2.0,0.0
Burkina Faso,2020-07-19,1045.0,50.0,0.0,53.0,0.0507,,7.0,0.0
Burkina Faso,2020-07-19,1047.0,50.0,887.0,53.0,0.0506,,2.0,0.0
Burkina Faso,2020-07-21,1047.0,50.0,887.0,53.0,0.0506,,0.0,0.0
Burkina Faso,2020-07-22,1065.0,51.0,0.0,53.0,0.0498,,18.0,0.0
Burkina Faso,2020-07-23,1065.0,51.0,0.0,53.0,0.0498,,0.0,0.0
Burkina Faso,2020-07-24,1066.0,51.0,917.0,53.0,0.0497,,1.0,0.0
Burkina Faso,2020-07-25,1075.0,52.0,920.0,53.0,0.0493,,9.0,0.0
Burkina Faso,2020-07-26,1075.0,52.0,920.0,53.0,0.0493,,0.0,0.0
Burkina Faso,2020-07-27,1086.0,52.0,920.0,53.0,0.0488,,11.0,0.0
Burkina Faso,2020-07-28,1100.0,53.0,926.0,53.0,0.0482,,14.0,0.0
Burkina Faso,2020-07-29,1105.0,53.0,926.0,53.0,0.048,,5.0,0.0
Burkina Faso,2020-07-30,1105.0,53.0,926.0,53.0,0.048,,0.0,0.0
Burkina Faso,2020-07-31,1105.0,53.0,931.0,53.0,0.048,,0.0,0.0
Burkina Faso,2020-08-01,1117.0,54.0,0.0,53.0,0.0474,,12.0,0.0
Burkina Faso,2020-08-02,1143.0,55.0,935.0,53.0,0.0464,,26.0,0.0
Burkina Faso,2020-08-03,1143.0,55.0,935.0,53.0,0.0464,,0.0,0.0
Burkina Faso,2020-08-04,1143.0,55.0,935.0,53.0,0.0464,,0.0,0.0
Burkina Faso,2020-08-05,1150.0,55.0,947.0,53.0,0.0461,,7.0,0.0
Burkina Faso,2020-08-06,1153.0,55.0,947.0,54.0,0.0468,,3.0,1.0
Burkina Faso,2020-08-07,1153.0,55.0,947.0,54.0,0.0468,,0.0,0.0
Burkina Faso,2020-08-08,1158.0,55.0,961.0,54.0,0.0466,,5.0,0.0
Burkina Faso,2020-08-09,1162.0,56.0,0.0,54.0,0.0465,,4.0,0.0
Burkina Faso,2020-08-10,1175.0,56.0,974.0,54.0,0.046,,13.0,0.0
Burkina Faso,2020-08-11,1204.0,58.0,984.0,54.0,0.0449,,29.0,0.0
Burkina Faso,2020-08-12,1204.0,58.0,984.0,54.0,0.0449,,0.0,0.0
Burkina Faso,2020-08-13,1211.0,58.0,990.0,54.0,0.0446,,7.0,0.0
Burkina Faso,2020-08-14,1213.0,58.0,0.0,54.0,0.0445,,2.0,0.0
Burkina Faso,2020-08-15,1228.0,59.0,0.0,54.0,0.044000000000000004,,15.0,0.0
Burkina Faso,2020-08-16,1238.0,59.0,0.0,54.0,0.0436,,10.0,0.0
Burkina Faso,2020-08-17,1267.0,61.0,1013.0,55.0,0.0434,,29.0,1.0
Burkina Faso,2020-08-18,1267.0,61.0,1013.0,55.0,0.0434,,0.0,0.0
Burkina Faso,2020-08-19,1280.0,61.0,1018.0,55.0,0.043,,13.0,0.0
Burkina Faso,2020-08-20,1280.0,61.0,1018.0,55.0,0.043,,0.0,0.0
Burkina Faso,2020-08-22,1297.0,62.0,1034.0,55.0,0.0424,,17.0,0.0
Burkina Faso,2020-08-23,1297.0,62.0,1034.0,55.0,0.0424,,0.0,0.0
Burkina Faso,2020-08-24,1297.0,62.0,1034.0,55.0,0.0424,,0.0,0.0
Burkina Faso,2020-08-25,1297.0,62.0,1034.0,55.0,0.0424,,0.0,0.0
Burkina Faso,2020-08-26,1328.0,64.0,0.0,55.0,0.0414,,31.0,0.0
Burkina Faso,2020-08-27,1328.0,64.0,0.0,55.0,0.0414,,0.0,0.0
Burkina Faso,2020-08-28,1328.0,64.0,0.0,55.0,0.0414,,0.0,0.0
Burkina Faso,2020-08-29,1352.0,65.0,1058.0,55.0,0.0407,,24.0,0.0
Burkina Faso,2020-08-30,1352.0,65.0,1058.0,55.0,0.0407,,0.0,0.0
Burkina Faso,2020-08-31,1352.0,65.0,1058.0,55.0,0.0407,,0.0,0.0
Burkina Faso,2020-09-01,1352.0,65.0,1058.0,55.0,0.0407,,0.0,0.0
Burkina Faso,2020-09-02,1352.0,65.0,1058.0,55.0,0.0407,,0.0,0.0
Burkina Faso,2020-09-03,1352.0,65.0,1058.0,55.0,0.0407,,0.0,0.0
Burkina Faso,2020-09-04,1352.0,65.0,1058.0,55.0,0.0407,,0.0,0.0
Burkina Faso,2020-09-05,1375.0,66.0,1075.0,55.0,0.04,,23.0,0.0
Burkina Faso,2020-09-07,1378.0,66.0,0.0,55.0,0.0399,,3.0,0.0
Burkina Faso,2020-09-08,1378.0,66.0,0.0,55.0,0.0399,,0.0,0.0
Burkina Faso,2020-09-09,1452.0,70.0,1103.0,55.0,0.0379,,74.0,0.0
Burkina Faso,2020-09-10,1452.0,70.0,1103.0,55.0,0.0379,,0.0,0.0
Burkina Faso,2020-09-11,1452.0,70.0,1103.0,55.0,0.0379,,0.0,0.0
Burkina Faso,2020-09-12,1452.0,70.0,1103.0,55.0,0.0379,,0.0,0.0
Burkina Faso,2020-09-13,1476.0,71.0,0.0,56.0,0.0379,,24.0,1.0
Burkina Faso,2020-09-14,1476.0,71.0,0.0,56.0,0.0379,,0.0,0.0
Burkina Faso,2020-09-15,1476.0,71.0,0.0,56.0,0.0379,,0.0,0.0
Burkina Faso,2020-09-16,1476.0,71.0,0.0,56.0,0.0379,,0.0,0.0
Burkina Faso,2020-09-17,1692.0,81.0,0.0,56.0,0.0331,,216.0,0.0
Burkina Faso,2020-09-18,1692.0,81.0,0.0,56.0,0.0331,,0.0,0.0
Burkina Faso,2020-09-20,1748.0,84.0,0.0,56.0,0.032,,56.0,0.0
Burkina Faso,2020-09-21,1748.0,84.0,0.0,56.0,0.032,,0.0,0.0
Burkina Faso,2020-09-22,1748.0,84.0,0.0,56.0,0.032,,0.0,0.0
Burkina Faso,2020-09-23,1748.0,84.0,0.0,56.0,0.032,,0.0,0.0
Burkina Faso,2020-09-24,1896.0,0.0,,56.0,0.0295,91.0,148.0,0.0
Burkina Faso,2020-09-25,1896.0,0.0,,56.0,0.0295,91.0,0.0,0.0
Burkina Faso,2020-09-26,1950.0,0.0,,56.0,0.0287,93.0,54.0,0.0
Burkina Faso,2020-09-27,1950.0,0.0,,56.0,0.0287,93.0,0.0,0.0
Burkina Faso,2020-09-28,1950.0,0.0,,56.0,0.0287,93.0,0.0,0.0
Burkina Faso,2020-09-29,1950.0,0.0,,56.0,0.0287,93.0,0.0,0.0
Burkina Faso,2020-09-30,1950.0,0.0,,56.0,0.0287,93.0,0.0,0.0
Burkina Faso,2020-10-02,2056.0,0.0,,58.0,0.0282,99.0,106.0,2.0
Burkina Faso,2020-10-03,2088.0,0.0,,58.0,0.0278,100.0,32.0,0.0
Burkina Faso,2020-10-04,2123.0,0.0,,59.0,0.0278,102.0,35.0,1.0
Burkina Faso,2020-10-05,2154.0,0.0,,59.0,0.0274,103.0,31.0,0.0
Burkina Faso,2020-10-06,2167.0,0.0,,59.0,0.0272,104.0,13.0,0.0
Burkina Faso,2020-10-08,2197.0,0.0,,59.0,0.0269,105.0,30.0,0.0
Burkina Faso,2020-10-09,2222.0,0.0,,59.0,0.0266,106.0,25.0,0.0
Burkina Faso,2020-10-10,2241.0,0.0,,60.0,0.0268,107.0,19.0,1.0
Burkina Faso,2020-10-11,2254.0,0.0,,60.0,0.0266,108.0,13.0,0.0
Burkina Faso,2020-10-12,2271.0,0.0,,61.0,0.0269,109.0,17.0,1.0
Burkina Faso,2020-10-13,2271.0,0.0,,61.0,0.0269,109.0,0.0,0.0
Burkina Faso,2020-10-14,2294.0,0.0,,63.0,0.0275,110.0,23.0,2.0
Burkina Faso,2020-10-15,2305.0,0.0,,63.0,0.0273,110.0,11.0,0.0
