Location,Date,Confirmed,Case_Per_1M_people,Recovered,Deaths,Mortality,Cases per 1 million people,NewCases,NewConfirmed,NewDeaths
Cameroon,2020-03-31,139.0,5.7,5.0,6.0,0.043165468,,,0.0,0.0
Cameroon,2020-04-01,193.0,7.92,5.0,6.0,0.031088082901554407,,,54.0,0.0
Cameroon,2020-04-02,233.0,9.56,10.0,6.0,0.02575107296137339,,,40.0,0.0
Cameroon,2020-04-03,306.0,12.55,10.0,8.0,0.026143790849673203,,,73.0,2.0
Cameroon,2020-04-07,658.0,24.79,17.0,9.0,0.013677811550151976,,,352.0,1.0
Cameroon,2020-04-10,730.0,27.5,60.0,10.0,0.0136986301369863,,,72.0,1.0
Cameroon,2020-04-11,820.0,30.89,98.0,12.0,0.014634146341463415,,,90.0,2.0
Cameroon,2020-04-12,820.0,30.89,98.0,12.0,0.014634146341463415,,,0.0,0.0
Cameroon,2020-04-14,848.0,31.94,130.0,14.0,0.01650943396226415,,,28.0,2.0
Cameroon,2020-04-17,848.0,31.94,228.0,21.0,0.024764150943396228,,,0.0,7.0
Cameroon,2020-04-18,1017.0,38.31,168.0,21.0,0.02064896755162242,,,169.0,0.0
Cameroon,2020-04-20,1017.0,38.31,305.0,42.0,0.04129793510324484,,,0.0,21.0
Cameroon,2020-04-22,1163.0,43.81,329.0,43.0,0.03697334479793637,,,146.0,1.0
Cameroon,2020-04-23,1163.0,43.81,329.0,43.0,0.03697334479793637,,,0.0,0.0
Cameroon,2020-04-24,1430.0,53.87,668.0,43.0,0.03006993006993007,,,267.0,0.0
Cameroon,2020-04-25,1430.0,53.87,668.0,49.0,0.03426573426573427,,,0.0,6.0
Cameroon,2020-04-26,1518.0,57.18,697.0,53.0,0.03491436100131752,,,88.0,4.0
Cameroon,2020-04-27,1621.0,61.06,786.0,56.0,0.034546576187538564,,,103.0,3.0
Cameroon,2020-04-28,1705.0,64.23,805.0,58.0,0.03401759530791789,,,84.0,2.0
Cameroon,2020-04-29,1705.0,64.23,805.0,58.0,0.03401759530791789,,,0.0,0.0
Cameroon,2020-04-30,1705.0,64.23,805.0,58.0,0.03401759530791789,,,0.0,0.0
Cameroon,2020-05-01,1832.0,69.0,934.0,61.0,0.03329694323144105,,,127.0,3.0
Cameroon,2020-05-02,1832.0,69.0,934.0,61.0,0.03329694323144105,,,0.0,0.0
Cameroon,2020-05-03,2077.0,78.0,953.0,64.0,0.03081367356764564,,,245.0,3.0
Cameroon,2020-05-04,2077.0,78.0,953.0,64.0,0.03081367356764564,,,0.0,0.0
Cameroon,2020-05-05,2077.0,78.0,953.0,64.0,0.03081367356764564,,,0.0,0.0
Cameroon,2020-05-06,2104.0,79.0,953.0,64.0,0.030418250950570342,,,27.0,0.0
Cameroon,2020-05-07,2265.0,85.0,1016.0,108.0,0.04768211920529802,,,161.0,44.0
Cameroon,2020-05-08,2267.0,85.0,1221.0,108.0,0.04764005293339215,,,2.0,0.0
Cameroon,2020-05-09,2267.0,85.0,1221.0,108.0,0.04764005293339215,,,0.0,0.0
Cameroon,2020-05-10,2274.0,86.0,1232.0,108.0,0.0474934036939314,,,7.0,0.0
Cameroon,2020-05-11,2579.0,97.0,1465.0,114.0,0.04420317952694843,,,305.0,6.0
Cameroon,2020-05-12,2579.0,97.0,1465.0,114.0,0.04420317952694843,,,0.0,0.0
Cameroon,2020-05-13,2689.0,101.0,1524.0,125.0,0.046485682409817784,,,110.0,11.0
Cameroon,2020-05-15,2954.0,111.0,1555.0,139.0,0.04705484089370345,,,265.0,14.0
Cameroon,2020-05-16,2954.0,111.0,1555.0,139.0,0.04705484089370345,,,0.0,0.0
Cameroon,2020-05-17,3105.0,117.0,1567.0,140.0,0.04508856682769726,,,151.0,1.0
Cameroon,2020-05-18,3105.0,117.0,1567.0,140.0,0.04508856682769726,,,0.0,0.0
Cameroon,2020-05-19,3529.0,133.0,1567.0,140.0,0.03967129498441485,,,424.0,0.0
Cameroon,2020-05-20,3529.0,133.0,1567.0,140.0,0.03967129498441485,,,0.0,0.0
,2020-05-21,,,,,,,,,
Cameroon,2020-05-22,4288.0,162.0,1808.0,156.0,0.036380597014925374,,,,
Cameroon,2020-05-23,4400.0,166.0,1822.0,159.0,0.03613636363636363,,,112.0,3.0
Cameroon,2020-05-24,4400.0,166.0,1822.0,159.0,0.03613636363636363,,,0.0,0.0
Cameroon,2020-05-25,4400.0,166.0,1822.0,159.0,0.03613636363636363,,,0.0,0.0
Cameroon,2020-05-26,4890.0,184.0,1865.0,165.0,0.033742331288343565,,,490.0,6.0
Cameroon,2020-05-27,5436.0,205.0,1865.0,165.0,0.030353200883002206,,,546.0,0.0
Cameroon,2020-05-28,5436.0,205.0,1865.0,165.0,0.030353200883002206,,,0.0,0.0
Cameroon,2020-05-29,5436.0,205.0,1865.0,165.0,0.030353200883002206,,,0.0,0.0
Cameroon,2020-05-30,5436.0,205.0,3326.0,177.0,0.032560706401766004,,,0.0,12.0
Cameroon,2020-05-31,5904.0,222.0,3568.0,191.0,0.0323509485094851,,,468.0,14.0
Cameroon,2020-06-01,5904.0,222.0,3568.0,191.0,0.0323509485094851,,,0.0,0.0
Cameroon,2020-06-02,6397.0,241.0,3629.0,199.0,0.03110833203063936,,,493.0,8.0
Cameroon,2020-06-03,6585.0,248.0,3676.0,200.0,0.0304,,,188.0,1.0
Cameroon,2020-06-04,6585.0,248.0,3676.0,200.0,0.0304,,,0.0,0.0
Cameroon,2020-06-05,6789.0,256.0,3705.0,203.0,0.0299,,,204.0,3.0
Cameroon,2020-06-06,7392.0,278.0,4575.0,205.0,0.0277,,,603.0,2.0
Cameroon,2020-06-07,7599.0,286.0,4587.0,212.0,0.0279,,,207.0,7.0
Cameroon,2020-06-08,7908.0,298.0,4735.0,206.0,0.026000000000000002,,,309.0,0.0
Cameroon,2020-06-09,8060.0,304.0,4748.0,206.0,0.0256,,,152.0,0.0
Cameroon,2020-06-10,8312.0,313.0,4794.0,208.0,0.025,,,252.0,2.0
Cameroon,2020-06-12,8681.0,327.0,4836.0,208.0,0.024,,,369.0,0.0
Cameroon,2020-06-13,8681.0,327.0,4836.0,208.0,0.024,,,0.0,0.0
Cameroon,2020-06-14,8681.0,327.0,4836.0,208.0,0.024,,,0.0,0.0
Cameroon,2020-06-15,8681.0,327.0,4836.0,208.0,0.024,,,0.0,0.0
Cameroon,2020-06-16,9864.0,372.0,5570.0,276.0,0.027999999999999997,,,1183.0,68.0
Cameroon,2020-06-17,9864.0,372.0,5570.0,276.0,0.027999999999999997,,,0.0,0.0
Cameroon,2020-06-18,9864.0,372.0,5570.0,276.0,0.027999999999999997,,,0.0,0.0
Cameroon,2020-06-19,9864.0,372.0,5570.0,276.0,0.027999999999999997,,,0.0,0.0
Cameroon,2020-06-20,10638.0,401.0,7548.0,282.0,0.0265,,,774.0,6.0
Cameroon,2020-06-21,10638.0,401.0,7548.0,282.0,0.0265,,,0.0,0.0
Cameroon,2020-06-22,11610.0,437.0,7702.0,301.0,0.0259,,,972.0,19.0
Cameroon,2020-06-23,11892.0,448.0,7710.0,303.0,0.0255,,,282.0,2.0
Cameroon,2020-06-24,12270.0,462.0,7774.0,313.0,0.0255,,,378.0,10.0
Cameroon,2020-06-25,12592.0,474.0,10100.0,313.0,0.0249,,,322.0,0.0
Cameroon,2020-06-26,12592.0,474.0,10100.0,313.0,0.0249,,,0.0,0.0
Cameroon,2020-06-27,12592.0,474.0,10100.0,313.0,0.0249,,,0.0,0.0
Cameroon,2020-06-28,12592.0,474.0,10100.0,313.0,0.0249,,,0.0,0.0
Cameroon,2020-06-29,12592.0,474.0,10100.0,313.0,0.0249,,,0.0,0.0
Cameroon,2020-06-30,12592.0,474.0,10100.0,313.0,0.0249,,,0.0,0.0
Cameroon,2020-07-01,12592.0,474.0,10100.0,313.0,0.0249,,,0.0,0.0
Cameroon,2020-07-02,12592.0,474.0,10100.0,313.0,0.0249,,,0.0,0.0
Cameroon,2020-07-03,12592.0,474.0,10100.0,313.0,0.0249,,,0.0,0.0
Cameroon,2020-07-04,12592.0,474.0,10100.0,313.0,0.0249,,,0.0,0.0
Cameroon,2020-07-05,13711.0,517.0,11114.0,328.0,0.0239,,,1119.0,15.0
Cameroon,2020-07-06,13711.0,517.0,11114.0,328.0,0.0239,,,0.0,0.0
Cameroon,2020-07-07,14037.0,529.0,0.0,328.0,0.0234,,,326.0,0.0
Cameroon,2020-07-09,14916.0,562.0,11525.0,359.0,0.0241,,,879.0,31.0
Cameroon,2020-07-10,14916.0,562.0,11525.0,359.0,0.0241,,,0.0,0.0
Cameroon,2020-07-11,14916.0,562.0,11525.0,359.0,0.0241,,,0.0,0.0
Cameroon,2020-07-12,14916.0,562.0,11525.0,359.0,0.0241,,,0.0,0.0
Cameroon,2020-07-14,15173.0,572.0,11928.0,359.0,0.0237,,,257.0,0.0
Cameroon,2020-07-15,15173.0,572.0,11928.0,359.0,0.0237,,,0.0,0.0
Cameroon,2020-07-16,15173.0,572.0,11928.0,359.0,0.0237,,,0.0,0.0
Cameroon,2020-07-18,16157.0,609.0,13728.0,373.0,0.0231,,,984.0,14.0
Cameroon,2020-07-19,16157.0,609.0,13728.0,373.0,0.0231,,,0.0,0.0
Cameroon,2020-07-19,16157.0,609.0,13728.0,373.0,0.0231,,,0.0,0.0
Cameroon,2020-07-21,16157.0,609.0,13728.0,373.0,0.0231,,,0.0,0.0
Cameroon,2020-07-22,16157.0,609.0,13728.0,373.0,0.0231,,,0.0,0.0
Cameroon,2020-07-23,16157.0,609.0,13728.0,373.0,0.0231,,,0.0,0.0
Cameroon,2020-07-24,16522.0,622.0,13728.0,382.0,0.0231,,,365.0,9.0
Cameroon,2020-07-25,16708.0,629.0,14539.0,385.0,0.023,,,186.0,3.0
Cameroon,2020-07-26,16708.0,629.0,14539.0,385.0,0.023,,,0.0,0.0
Cameroon,2020-07-27,16708.0,629.0,14539.0,385.0,0.023,,,0.0,0.0
Cameroon,2020-07-28,17110.0,645.0,0.0,391.0,0.0229,,,402.0,6.0
Cameroon,2020-07-29,17179.0,647.0,0.0,391.0,0.0228,,,69.0,0.0
Cameroon,2020-07-30,17179.0,647.0,0.0,391.0,0.0228,,,0.0,0.0
Cameroon,2020-07-31,17255.0,650.0,15320.0,387.0,0.0224,,,76.0,0.0
Cameroon,2020-08-01,17255.0,650.0,15320.0,387.0,0.0224,,,0.0,0.0
Cameroon,2020-08-02,17255.0,650.0,15320.0,387.0,0.0224,,,0.0,0.0
Cameroon,2020-08-03,17255.0,650.0,15320.0,387.0,0.0224,,,0.0,0.0
Cameroon,2020-08-04,17255.0,650.0,15320.0,387.0,0.0224,,,0.0,0.0
Cameroon,2020-08-05,17255.0,650.0,15320.0,387.0,0.0224,,,0.0,0.0
Cameroon,2020-08-06,17255.0,650.0,15320.0,387.0,0.0224,,,0.0,0.0
Cameroon,2020-08-07,17255.0,650.0,15320.0,387.0,0.0224,,,0.0,0.0
Cameroon,2020-08-08,17255.0,650.0,15320.0,387.0,0.0224,,,0.0,0.0
Cameroon,2020-08-09,17255.0,650.0,15320.0,387.0,0.0224,,,0.0,0.0
Cameroon,2020-08-10,17255.0,650.0,15320.0,387.0,0.0224,,,0.0,0.0
Cameroon,2020-08-11,17255.0,650.0,15320.0,387.0,0.0224,,,0.0,0.0
Cameroon,2020-08-12,18042.0,680.0,15320.0,395.0,0.0219,,,787.0,8.0
Cameroon,2020-08-13,18042.0,680.0,15320.0,395.0,0.0219,,,0.0,0.0
Cameroon,2020-08-14,18042.0,680.0,15320.0,395.0,0.0219,,,0.0,0.0
Cameroon,2020-08-15,18042.0,680.0,15320.0,395.0,0.0219,,,0.0,0.0
Cameroon,2020-08-16,18042.0,680.0,15320.0,395.0,0.0219,,,0.0,0.0
Cameroon,2020-08-17,18042.0,680.0,15320.0,395.0,0.0219,,,0.0,0.0
Cameroon,2020-08-18,18042.0,680.0,15320.0,395.0,0.0219,,,0.0,0.0
Cameroon,2020-08-19,18042.0,680.0,15320.0,395.0,0.0219,,,0.0,0.0
Cameroon,2020-08-20,18599.0,701.0,0.0,406.0,0.0218,,,557.0,11.0
Cameroon,2020-08-22,18762.0,707.0,16540.0,408.0,0.0217,,,163.0,2.0
Cameroon,2020-08-23,18762.0,707.0,16540.0,408.0,0.0217,,,0.0,0.0
Cameroon,2020-08-24,18762.0,707.0,16540.0,408.0,0.0217,,,0.0,0.0
Cameroon,2020-08-25,18762.0,707.0,16540.0,408.0,0.0217,,,0.0,0.0
Cameroon,2020-08-26,18973.0,715.0,0.0,410.0,0.0216,,,211.0,2.0
Cameroon,2020-08-27,18973.0,715.0,0.0,410.0,0.0216,,,0.0,0.0
Cameroon,2020-08-28,18973.0,715.0,0.0,410.0,0.0216,,,0.0,0.0
Cameroon,2020-08-29,19142.0,721.0,17651.0,411.0,0.0215,,,169.0,1.0
Cameroon,2020-08-30,19142.0,721.0,17651.0,411.0,0.0215,,,0.0,0.0
Cameroon,2020-08-31,19142.0,721.0,17651.0,411.0,0.0215,,,0.0,0.0
Cameroon,2020-09-01,19142.0,721.0,17651.0,411.0,0.0215,,,0.0,0.0
Cameroon,2020-09-02,19142.0,721.0,17651.0,411.0,0.0215,,,0.0,0.0
Cameroon,2020-09-03,19142.0,721.0,17651.0,411.0,0.0215,,,0.0,0.0
Cameroon,2020-09-04,19604.0,738.0,18448.0,414.0,0.0211,,,462.0,3.0
Cameroon,2020-09-05,19604.0,738.0,18448.0,414.0,0.0211,,,0.0,0.0
Cameroon,2020-09-07,19604.0,738.0,18448.0,414.0,0.0211,,,0.0,0.0
Cameroon,2020-09-08,19604.0,738.0,18448.0,414.0,0.0211,,,0.0,0.0
Cameroon,2020-09-09,19604.0,738.0,18448.0,414.0,0.0211,,,0.0,0.0
Cameroon,2020-09-10,19604.0,738.0,18448.0,414.0,0.0211,,,0.0,0.0
Cameroon,2020-09-11,19848.0,748.0,0.0,415.0,0.0209,,,244.0,1.0
Cameroon,2020-09-12,19848.0,748.0,0.0,415.0,0.0209,,,0.0,0.0
Cameroon,2020-09-13,20009.0,754.0,18837.0,415.0,0.0207,,,161.0,0.0
Cameroon,2020-09-14,20009.0,754.0,18837.0,415.0,0.0207,,,0.0,0.0
Cameroon,2020-09-15,20009.0,754.0,18837.0,415.0,0.0207,,,0.0,0.0
Cameroon,2020-09-16,20009.0,754.0,18837.0,415.0,0.0207,,,0.0,0.0
Cameroon,2020-09-17,20271.0,764.0,0.0,415.0,0.0205,,,262.0,0.0
Cameroon,2020-09-18,20271.0,764.0,0.0,415.0,0.0205,,,0.0,0.0
Cameroon,2020-09-20,20303.0,765.0,0.0,415.0,0.0204,,,32.0,0.0
Cameroon,2020-09-21,20303.0,765.0,0.0,415.0,0.0204,,,0.0,0.0
Cameroon,2020-09-22,20431.0,770.0,19124.0,416.0,0.0204,,,128.0,1.0
Cameroon,2020-09-23,20431.0,770.0,19124.0,416.0,0.0204,,,0.0,0.0
Cameroon,2020-09-24,20598.0,0.0,,416.0,0.0202,776.0,,167.0,0.0
Cameroon,2020-09-25,20598.0,0.0,,416.0,0.0202,776.0,,0.0,0.0
Cameroon,2020-09-26,20712.0,0.0,,418.0,0.0202,780.0,,114.0,2.0
Cameroon,2020-09-27,20712.0,0.0,,418.0,0.0202,780.0,,0.0,0.0
Cameroon,2020-09-28,20712.0,0.0,,418.0,0.0202,780.0,,0.0,0.0
Cameroon,2020-09-29,20712.0,0.0,,418.0,0.0202,780.0,,0.0,0.0
Cameroon,2020-09-30,20712.0,0.0,,418.0,0.0202,780.0,,0.0,0.0
Cameroon,2020-10-02,20838.0,0.0,,418.0,0.0201,785.0,,126.0,0.0
Cameroon,2020-10-03,20838.0,0.0,,418.0,0.0201,785.0,,0.0,0.0
Cameroon,2020-10-04,20924.0,0.0,,420.0,0.0201,788.0,,86.0,2.0
Cameroon,2020-10-05,20924.0,0.0,,420.0,0.0201,788.0,,0.0,0.0
Cameroon,2020-10-06,20924.0,0.0,,420.0,0.0201,788.0,,0.0,0.0
Cameroon,2020-10-08,20924.0,0.0,,420.0,0.0201,788.0,,0.0,0.0
Cameroon,2020-10-09,20924.0,0.0,,420.0,0.0201,788.0,,0.0,0.0
Cameroon,2020-10-10,21203.0,0.0,,423.0,0.02,799.0,,279.0,3.0
Cameroon,2020-10-11,21203.0,0.0,,423.0,0.02,799.0,,0.0,0.0
Cameroon,2020-10-12,21203.0,0.0,,423.0,0.02,799.0,,0.0,0.0
Cameroon,2020-10-13,21203.0,0.0,,423.0,0.02,799.0,,0.0,0.0
Cameroon,2020-10-14,21203.0,0.0,,423.0,0.02,799.0,,0.0,0.0
Cameroon,2020-10-15,21203.0,0.0,,423.0,0.02,799.0,,0.0,0.0
Cameroon,2020-10-18,21441.0,0.0,,423.0,0.0197,808.0,,238.0,0.0
Cameroon,2020-10-19,21441.0,0.0,,423.0,0.0197,808.0,,0.0,0.0
Cameroon,2020-10-20,21441.0,0.0,,423.0,0.0197,808.0,,0.0,0.0
Cameroon,2020-10-22,21570.0,0.0,,425.0,0.0197,813.0,,129.0,2.0
Cameroon,2020-10-23,21570.0,0.0,,425.0,0.0197,813.0,,0.0,0.0
Cameroon,2020-10-24,21570.0,0.0,,425.0,0.0197,813.0,,0.0,0.0
Cameroon,2020-10-25,21570.0,0.0,,425.0,0.0197,813.0,,0.0,0.0
Cameroon,2020-10-26,21570.0,0.0,,425.0,0.0197,813.0,,0.0,0.0
Cameroon,2020-10-27,21570.0,0.0,,425.0,0.0197,813.0,,0.0,0.0
Cameroon,2020-10-28,21793.0,821.0,,426.0,0.0195,,0.0,223.0,1.0
Cameroon,2020-10-29,21793.0,821.0,,426.0,0.0195,,0.0,0.0,0.0
Cameroon,2020-10-30,21793.0,821.0,,426.0,0.0195,,0.0,0.0,0.0
Cameroon,2020-10-31,21793.0,821.0,,426.0,0.0195,,0.0,0.0,0.0
Cameroon,2020-11-01,21793.0,821.0,,426.0,0.0195,,0.0,0.0,0.0
Cameroon,2020-11-02,21793.0,821.0,,426.0,0.0195,,0.0,0.0,0.0
Cameroon,2020-11-03,22103.0,833.0,,429.0,0.0194,,310.0,310.0,3.0
Cameroon,2020-11-04,22103.0,833.0,,429.0,0.0194,,0.0,0.0,0.0
Cameroon,2020-11-05,22103.0,833.0,,429.0,0.0194,,0.0,0.0,0.0
Cameroon,2020-11-06,22103.0,833.0,,429.0,0.0194,,0.0,0.0,0.0
Cameroon,2020-11-07,22103.0,833.0,,429.0,0.0194,,0.0,0.0,0.0
Cameroon,2020-11-08,22103.0,833.0,,429.0,0.0194,,0.0,0.0,0.0
Cameroon,2020-11-09,22342.0,842.0,,429.0,0.0192,,239.0,239.0,0.0
Cameroon,2020-11-10,22421.0,845.0,,433.0,0.0193,,79.0,79.0,4.0
Cameroon,2020-11-11,22421.0,845.0,,433.0,0.0193,,0.0,0.0,0.0
Cameroon,2020-11-12,22421.0,845.0,,433.0,0.0193,,0.0,0.0,0.0
Cameroon,2020-11-13,22490.0,847.0,,433.0,0.0193,,69.0,69.0,0.0
Cameroon,2020-11-15,22583.0,851.0,,433.0,0.0192,,93.0,93.0,0.0
Cameroon,2020-11-16,22692.0,855.0,,433.0,0.0191,,109.0,109.0,0.0
Cameroon,2020-11-17,22692.0,855.0,,433.0,0.0191,,0.0,0.0,0.0
Cameroon,2020-11-18,22692.0,855.0,,433.0,0.0191,,0.0,0.0,0.0
Cameroon,2020-11-19,22896.0,863.0,,433.0,0.0189,,204.0,204.0,0.0
Cameroon,2020-11-20,22896.0,863.0,,433.0,0.0189,,0.0,0.0,0.0
Cameroon,2020-11-21,23528.0,886.0,,435.0,0.0185,,632.0,632.0,2.0
Cameroon,2020-11-22,23528.0,886.0,,435.0,0.0185,,0.0,0.0,0.0
Cameroon,2020-11-23,23528.0,886.0,,435.0,0.0185,,0.0,0.0,0.0
Cameroon,2020-11-24,23528.0,886.0,,435.0,0.0185,,0.0,0.0,0.0
Cameroon,2020-11-25,23842.0,898.0,,435.0,0.0182,,314.0,314.0,0.0
Cameroon,2020-11-26,23869.0,899.0,,436.0,0.0183,,27.0,27.0,1.0
Cameroon,2020-11-27,23915.0,901.0,,437.0,0.0183,,46.0,46.0,1.0
Cameroon,2020-11-28,24022.0,905.0,,437.0,0.0182,,107.0,107.0,0.0
Cameroon,2020-11-29,24117.0,909.0,,437.0,0.0181,,95.0,95.0,0.0
Cameroon,2020-11-30,24117.0,909.0,,437.0,0.0181,,0.0,0.0,0.0
Cameroon,2020-12-01,24117.0,909.0,,437.0,0.0181,,0.0,0.0,0.0
Cameroon,2020-12-01,24117.0,909.0,,437.0,0.0181,,0.0,0.0,0.0
Cameroon,2020-12-02,24445.0,921.0,,437.0,0.0179,,328.0,328.0,0.0
Cameroon,2020-12-03,24487.0,922.0,,441.0,0.018000000000000002,,42.0,42.0,4.0
Cameroon,2020-12-04,24487.0,922.0,,441.0,0.018000000000000002,,0.0,0.0,0.0
Cameroon,2020-12-05,24487.0,922.0,,441.0,0.018000000000000002,,0.0,0.0,0.0
