Location,Date,Confirmed,Case_Per_1M_people,Recovered,Deaths,Mortality,Cases per 1 million people,NewConfirmed,NewDeaths
Canada,2020-03-31,7435,215.18,1065.0,89,0.01197041,,0,0
Canada,2020-04-01,8579,248.29,1242.0,101,0.01177293390838093,,1144,12
Canada,2020-04-02,9713,281.11,1540.0,111,0.011427983115412332,,1134,10
Canada,2020-04-03,11268,326.11,1971.0,138,0.012247071352502662,,1555,27
Canada,2020-04-07,16652,438.45,3616.0,323,0.019397069421090558,,5384,185
Canada,2020-04-10,20748,546.3,5311.0,509,0.02453248505880085,,4096,186
Canada,2020-04-11,22148,583.16,0.0,569,0.02569080729636988,,1400,60
Canada,2020-04-12,23318,613.97,6458.0,653,0.028004116991165624,,1170,84
Canada,2020-04-14,25680,676.16,7758.0,780,0.03037383177570093,,2362,127
Canada,2020-04-17,29919,787.78,9701.0,1191,0.03980748019653063,,4239,411
Canada,2020-04-18,31927,840.65,10543.0,1310,0.04103110220189808,,2008,119
Canada,2020-04-20,35056,923.03,11843.0,1587,0.0452704244637152,,3129,277
Canada,2020-04-22,38422,1011.66,13188.0,1834,0.04773306959554422,,3366,247
Canada,2020-04-23,40190,1058.21,13986.0,1974,0.04911669569544663,,1768,140
Canada,2020-04-24,42110,1108.77,14761.0,2147,0.05098551412966041,,1920,173
Canada,2020-04-25,43888,1155.58,15541.0,2302,0.05245169522420707,,1778,155
Canada,2020-04-26,45354,1194.18,16425.0,2465,0.054350222692596026,,1466,163
Canada,2020-04-27,46895,1234.76,17321.0,2560,0.05459004158225824,,1541,95
Canada,2020-04-28,48500,1277.02,18268.0,2707,0.055814432989690715,,1605,147
Canada,2020-04-29,50026,1317.2,19231.0,2859,0.057150281853436215,,1526,152
Canada,2020-04-30,50026,1317.2,19231.0,2859,0.057150281853436215,,0,0
Canada,2020-05-01,53236,1402.0,21423.0,3184,0.05980915170185589,,3210,325
Canada,2020-05-02,55061,1450.0,22751.0,3391,0.06158624071484354,,1825,207
Canada,2020-05-03,56714,1493.0,23801.0,3566,0.06287689106746129,,1653,175
Canada,2020-05-04,56714,1493.0,23801.0,3566,0.06287689106746129,,0,0
Canada,2020-05-05,60772,1600.0,26017.0,3854,0.06341736325939577,,4058,288
Canada,2020-05-06,62046,1634.0,26993.0,4043,0.06516133191503079,,1274,189
Canada,2020-05-07,63496,1672.0,28171.0,4232,0.0666498677082021,,1450,189
Canada,2020-05-08,64922,1709.0,29247.0,4408,0.0678968608484027,,1426,176
Canada,2020-05-09,66434,1749.0,30406.0,4569,0.06877502483668001,,1512,161
Canada,2020-05-10,67702,1783.0,31249.0,4693,0.06931848394434434,,1268,124
Canada,2020-05-11,68848,1813.0,32096.0,4871,0.0707500580990007,,1146,178
Canada,2020-05-12,69981,1843.0,32994.0,4993,0.0713479372972664,,1133,122
Canada,2020-05-13,71157,1874.0,34042.0,5169,0.0726421855896117,,1176,176
Canada,2020-05-15,73401,1933.0,36091.0,5472,0.07454939306004005,,2244,303
Canada,2020-05-16,74613,1965.0,36895.0,5562,0.07454465039604359,,1212,90
Canada,2020-05-17,75792,1996.0,37759.0,5678,0.07491555837027655,,1179,116
Canada,2020-05-18,77002,2027.0,38550.0,5782,0.07508895872834473,,1210,104
Canada,2020-05-19,78072,2056.0,39228.0,5842,0.07482836356184035,,1070,60
Canada,2020-05-20,79112,2083.0,40050.0,5912,0.07472949742137729,,1040,70
Canada,2020-05-21,80102,2109.0,40697.0,6028,0.0752540510848668,,990,116
Canada,2020-05-22,81324,2141.0,41715.0,6152,0.07564802518321774,,1222,124
Canada,2020-05-23,82480,2172.0,42594.0,6250,0.07577594568380214,,1156,98
Canada,2020-05-24,83621,2202.0,43305.0,6355,0.07599765609117327,,1141,105
Canada,2020-05-25,84699,2230.0,43985.0,6424,0.07584505129930695,,1078,69
Canada,2020-05-26,85711,2257.0,44638.0,6545,0.0763612605149864,,1012,121
Canada,2020-05-27,86647,2281.0,45339.0,6639,0.07662123327985966,,936,94
Canada,2020-05-28,87519,2304.0,46164.0,6765,0.0772975011140438,,872,126
Canada,2020-05-29,88512,2331.0,46840.0,6877,0.07769567968185105,,993,112
Canada,2020-05-30,89418,2354.0,47518.0,6979,0.07804916236104588,,906,102
Canada,2020-05-31,90190,2375.0,48103.0,7073,0.07842332852866171,,772,94
Canada,2020-06-01,90947,2395.0,48879.0,7295,0.08021155178290652,,757,222
Canada,2020-06-02,91705,2415.0,49726.0,7326,0.07988659287934137,,758,31
Canada,2020-06-03,92410,2433.0,50357.0,7395,0.08,,705,69
Canada,2020-06-04,93085,2451.0,51048.0,7498,0.0806,,675,103
Canada,2020-06-05,93726,2468.0,51739.0,7637,0.0815,,641,139
Canada,2020-06-06,94335,2484.0,52561.0,7702,0.0816,,609,65
Canada,2020-06-07,95057,2503.0,53614.0,7773,0.0818,,722,71
Canada,2020-06-08,95699,2520.0,54233.0,7800,0.0815,,642,27
Canada,2020-06-09,96244,2534.0,54833.0,7835,0.0814,,545,35
Canada,2020-06-10,96653,2545.0,55571.0,7897,0.0817,,409,62
Canada,2020-06-12,97476,2567.0,57608.0,7996,0.08199999999999999,,823,99
Canada,2020-06-13,97943,2579.0,58523.0,8049,0.0822,,467,53
Canada,2020-06-14,98410,2591.0,59353.0,8107,0.0824,,467,58
Canada,2020-06-15,98735,2600.0,60241.0,8146,0.0825,,325,39
Canada,2020-06-16,99091,2609.0,61000.0,8174,0.0825,,356,28
Canada,2020-06-17,99467,2619.0,61443.0,8213,0.0826,,376,39
Canada,2020-06-18,99853,2629.0,62017.0,8254,0.0827,,386,41
Canada,2020-06-19,100220,2639.0,62496.0,8300,0.0828,,367,46
Canada,2020-06-20,100622,2649.0,62984.0,8346,0.0829,,402,46
Canada,2020-06-21,100961,2658.0,63450.0,8410,0.0833,,339,64
Canada,2020-06-22,101286,2667.0,63860.0,8430,0.0832,,325,20
Canada,2020-06-23,101573,2674.0,64284.0,8434,0.083,,287,4
Canada,2020-06-24,101963,2685.0,64704.0,8454,0.0829,,390,20
Canada,2020-06-25,102242,2692.0,65001.0,8484,0.083,,279,30
Canada,2020-06-26,102622,2702.0,65425.0,8504,0.0829,,380,20
Canada,2020-06-27,102794,2707.0,65726.0,8508,0.0828,,172,4
Canada,2020-06-28,103032,2713.0,65973.0,8516,0.0827,,238,8
Canada,2020-06-29,103250,2719.0,66191.0,8522,0.0825,,218,6
Canada,2020-06-30,103918,2736.0,67178.0,8566,0.0824,,668,44
Canada,2020-07-01,104151,2742.0,67528.0,8591,0.0825,,233,25
Canada,2020-07-02,104271,2745.0,67744.0,8615,0.0826,,120,24
Canada,2020-07-03,104771,2759.0,68347.0,8642,0.0825,,500,27
Canada,2020-07-04,105090,2767.0,68695.0,8663,0.0824,,319,21
Canada,2020-07-05,105316,2773.0,68989.0,8674,0.0824,,226,11
Canada,2020-07-06,105536,2779.0,69239.0,8684,0.0823,,220,10
Canada,2020-07-07,105935,2789.0,69549.0,8693,0.0821,,399,9
Canada,2020-07-09,106433,2802.0,70247.0,8737,0.0821,,498,44
Canada,2020-07-10,106840,2813.0,70574.0,8749,0.0819,,407,12
Canada,2020-07-11,107126,2821.0,70901.0,8759,0.0818,,286,10
Canada,2020-07-12,107347,2826.0,71266.0,8765,0.0817,,221,6
Canada,2020-07-13,107590,2833.0,71467.0,8783,0.0816,,243,18
Canada,2020-07-14,108155,2848.0,71841.0,8790,0.0813,,565,7
Canada,2020-07-15,108486,2856.0,72170.0,8798,0.0811,,331,8
Canada,2020-07-16,108724,2863.0,72383.0,8810,0.081,,238,12
Canada,2020-07-18,109667,2888.0,96689.0,8839,0.0806,,943,29
Canada,2020-07-19,109999,2896.0,96914.0,8848,0.0804,,332,9
Canada,2020-07-19,109999,2896.0,96914.0,8848,0.0804,,0,0
Canada,2020-07-21,111022,2923.0,97417.0,8858,0.0798,,1023,10
Canada,2020-07-22,111697,2941.0,97757.0,8862,0.0793,,675,4
Canada,2020-07-23,112206,2954.0,98127.0,8870,0.0791,,509,8
Canada,2020-07-24,112528,2963.0,98439.0,8871,0.0788,,322,1
Canada,2020-07-25,113206,2981.0,98873.0,8881,0.0784,,678,10
Canada,2020-07-26,113556,2990.0,99125.0,8885,0.0782,,350,4
Canada,2020-07-27,113911,2999.0,99355.0,8890,0.078,,355,5
Canada,2020-07-28,114597,3017.0,99860.0,8901,0.0777,,686,11
Canada,2020-07-29,114994,3028.0,100134.0,8912,0.0775,,397,11
Canada,2020-07-30,116298,3062.0,100335.0,8914,0.0766,,1304,2
Canada,2020-07-31,116470,3067.0,100465.0,8917,0.0766,,172,3
Canada,2020-08-01,116312,3063.0,101227.0,8935,0.0768,,0,18
Canada,2020-08-02,116599,3070.0,101436.0,8941,0.0767,,287,6
Canada,2020-08-03,116884,3078.0,101574.0,8945,0.0765,,285,4
Canada,2020-08-04,117021,3081.0,101597.0,8947,0.0765,,137,2
Canada,2020-08-05,117333,3089.0,101844.0,8953,0.0763,,312,6
Canada,2020-08-06,118140,3111.0,103266.0,8962,0.0759,,807,9
Canada,2020-08-07,118458,3119.0,102984.0,8964,0.0757,,318,2
Canada,2020-08-08,118797,3128.0,103282.0,8967,0.0755,,339,3
Canada,2020-08-09,119221,3139.0,103566.0,8976,0.0753,,424,9
Canada,2020-08-10,119674,3151.0,103715.0,8981,0.075,,453,5
Canada,2020-08-11,120132,3163.0,106355.0,8987,0.0748,,458,6
Canada,2020-08-12,121095,3188.0,106727.0,8991,0.0742,,963,4
Canada,2020-08-13,120844,3182.0,107148.0,9006,0.0745,,0,15
Canada,2020-08-14,121234,3192.0,107551.0,9015,0.0744,,390,9
Canada,2020-08-15,121568,3201.0,107910.0,9020,0.0742,,334,5
Canada,2020-08-16,121914,3210.0,108106.0,9024,0.07400000000000001,,346,4
Canada,2020-08-17,122087,3215.0,108484.0,9026,0.0739,,173,2
Canada,2020-08-18,122872,3235.0,109059.0,9032,0.0735,,785,6
Canada,2020-08-19,123154,3243.0,109357.0,9045,0.0734,,282,13
Canada,2020-08-20,123490,3252.0,109822.0,9049,0.0733,,336,4
Canada,2020-08-22,124372,3275.0,110648.0,9064,0.0729,,882,15
Canada,2020-08-23,124629,3282.0,110878.0,9071,0.0728,,257,7
Canada,2020-08-24,124896,3289.0,111112.0,9073,0.0726,,267,2
Canada,2020-08-25,125120,3294.0,111289.0,9078,0.0726,,224,5
Canada,2020-08-26,125969,3317.0,112050.0,9090,0.0722,,849,12
Canada,2020-08-27,126417,3329.0,112455.0,9094,0.0719,,448,4
Canada,2020-08-28,126848,3340.0,112834.0,9102,0.0718,,431,8
Canada,2020-08-29,127358,3353.0,113234.0,9108,0.0715,,510,6
Canada,2020-08-30,127673,3362.0,113501.0,9113,0.0714,,315,5
Canada,2020-08-31,127940,3369.0,113664.0,9117,0.0713,,267,4
Canada,2020-09-01,128948,3395.0,114227.0,9126,0.0708,,1008,9
Canada,2020-09-02,129425,3408.0,114607.0,9132,0.0706,,477,6
Canada,2020-09-03,129923,3421.0,114950.0,9135,0.0703,,498,3
Canada,2020-09-04,130493,3436.0,115444.0,9141,0.07,,570,6
Canada,2020-09-05,131003,3449.0,115864.0,9140,0.0698,,510,0
Canada,2020-09-07,131895,3473.0,116357.0,9145,0.0693,,892,5
Canada,2020-09-08,132142,3479.0,116459.0,9146,0.0692,,247,1
Canada,2020-09-09,133748,3522.0,117565.0,9153,0.0684,,1606,7
Canada,2020-09-10,134294,3536.0,118257.0,9155,0.0682,,546,2
Canada,2020-09-11,134672,3546.0,118687.0,9158,0.068,,378,3
Canada,2020-09-12,135626,3571.0,119689.0,9163,0.0676,,954,5
Canada,2020-09-13,136141,3585.0,120075.0,9170,0.0674,,515,7
Canada,2020-09-14,136659,3598.0,120431.0,9171,0.0671,,518,1
Canada,2020-09-15,138010,3634.0,121244.0,9179,0.0665,,1351,8
Canada,2020-09-16,138803,3655.0,121840.0,9188,0.0662,,793,9
Canada,2020-09-17,139747,3680.0,122449.0,9193,0.0658,,944,5
Canada,2020-09-18,140867,3709.0,123109.0,9200,0.0653,,1120,7
Canada,2020-09-20,142774,3759.0,124187.0,9211,0.0645,,1907,11
Canada,2020-09-21,143649,3782.0,124691.0,9217,0.0642,,875,6
Canada,2020-09-22,145418,3829.0,125539.0,9228,0.0635,,1769,11
Canada,2020-09-23,146417,3855.0,126245.0,9232,0.0631,,999,4
Canada,2020-09-24,147515,0.0,,9242,0.0627,3884.0,1098,10
Canada,2020-09-25,147515,0.0,,9242,0.0627,3884.0,0,0
Canada,2020-09-26,147515,0.0,,9242,0.0627,3884.0,0,0
Canada,2020-09-27,147515,0.0,,9242,0.0627,3884.0,0,0
Canada,2020-09-28,147515,0.0,,9242,0.0627,3884.0,0,0
Canada,2020-09-29,155301,0.0,,9278,0.0597,4089.0,7786,36
Canada,2020-09-30,156961,0.0,,9291,0.0592,4133.0,1660,13
Canada,2020-10-02,160535,0.0,,9319,0.057999999999999996,4227.0,3574,28
Canada,2020-10-03,0,0.0,,0,,0.0,0,0
Canada,2020-10-04,0,0.0,,0,,0.0,0,0
Canada,2020-10-05,0,0.0,,0,,0.0,0,0
Canada,2020-10-06,0,0.0,,0,,0.0,0,0
Canada,2020-10-08,173123,0.0,,9541,0.0551,4558.0,173123,9541
Canada,2020-10-09,175559,0.0,,9557,0.0544,4623.0,2436,16
Canada,2020-10-10,179117,0.0,,9585,0.0535,4716.0,3558,28
Canada,2020-10-11,180179,0.0,,9608,0.0533,4744.0,1062,23
Canada,2020-10-12,181864,0.0,,9613,0.0529,4789.0,1685,5
Canada,2020-10-13,182839,0.0,,9627,0.0527,4814.0,975,14
Canada,2020-10-14,186881,0.0,,9654,0.0517,4921.0,4042,27
Canada,2020-10-15,189385,0.0,,9664,0.051,4987.0,2504,10
Canada,2020-10-18,196321,0.0,,9746,0.0496,5169.0,6936,82
Canada,2020-10-19,198150,0.0,,9760,0.0493,5217.0,1829,14
Canada,2020-10-20,201435,0.0,,9778,0.0485,5304.0,3285,18
Canada,2020-10-22,206360,0.0,,9829,0.0476,5434.0,4925,51
