Location,Date,Confirmed,Case_Per_1M_people,Recovered,Deaths,Mortality,Cases per 1 million people,NewConfirmed,NewDeaths
Chad,2020-03-31,5.0,0.41,0.0,0.0,0.0,,0.0,0.0
Chad,2020-04-01,7.0,0.57,0.0,0.0,0.0,,2.0,0.0
Chad,2020-04-02,7.0,0.57,0.0,0.0,0.0,,0.0,0.0
Chad,2020-04-03,7.0,0.57,0.0,0.0,0.0,,0.0,0.0
Chad,2020-04-07,9.0,0.55,0.0,0.0,0.0,,2.0,0.0
Chad,2020-04-10,11.0,0.68,9.0,0.0,0.0,,2.0,0.0
Chad,2020-04-11,11.0,0.68,9.0,0.0,0.0,,0.0,0.0
Chad,2020-04-12,11.0,0.68,9.0,0.0,0.0,,0.0,0.0
Chad,2020-04-14,23.0,1.42,2.0,0.0,0.0,,12.0,0.0
Chad,2020-04-17,27.0,1.66,5.0,0.0,0.0,,4.0,0.0
Chad,2020-04-18,33.0,2.03,8.0,0.0,0.0,,6.0,0.0
Chad,2020-04-20,33.0,2.03,8.0,0.0,0.0,,0.0,0.0
Chad,2020-04-22,33.0,2.03,8.0,0.0,0.0,,0.0,0.0
Chad,2020-04-23,34.0,2.09,8.0,0.0,0.0,,1.0,0.0
Chad,2020-04-24,40.0,2.46,8.0,0.0,0.0,,6.0,0.0
Chad,2020-04-25,40.0,2.46,8.0,0.0,0.0,,0.0,0.0
Chad,2020-04-26,46.0,2.83,15.0,0.0,0.0,,6.0,0.0
Chad,2020-04-27,46.0,2.83,15.0,0.0,0.0,,0.0,0.0
Chad,2020-04-28,46.0,2.83,15.0,0.0,0.0,,0.0,0.0
Chad,2020-04-29,52.0,3.2,19.0,2.0,0.038461538461538464,,6.0,2.0
Chad,2020-04-30,52.0,3.2,19.0,2.0,0.038461538461538464,,0.0,0.0
Chad,2020-05-01,73.0,4.0,33.0,5.0,0.0684931506849315,,21.0,3.0
Chad,2020-05-02,73.0,4.0,33.0,5.0,0.0684931506849315,,0.0,0.0
Chad,2020-05-03,117.0,7.0,39.0,10.0,0.08547008547008547,,44.0,5.0
Chad,2020-05-04,117.0,7.0,39.0,10.0,0.08547008547008547,,0.0,0.0
Chad,2020-05-05,117.0,7.0,39.0,10.0,0.08547008547008547,,0.0,0.0
Chad,2020-05-06,170.0,10.0,43.0,17.0,0.1,,53.0,7.0
Chad,2020-05-07,170.0,10.0,43.0,17.0,0.1,,0.0,0.0
Chad,2020-05-08,170.0,10.0,43.0,17.0,0.1,,0.0,0.0
Chad,2020-05-09,260.0,16.0,50.0,28.0,0.1076923076923077,,90.0,11.0
Chad,2020-05-10,322.0,20.0,53.0,31.0,0.09627329192546584,,62.0,3.0
Chad,2020-05-11,322.0,20.0,53.0,31.0,0.09627329192546584,,0.0,0.0
Chad,2020-05-12,322.0,20.0,53.0,31.0,0.09627329192546584,,0.0,0.0
Chad,2020-05-13,357.0,22.0,76.0,40.0,0.11204481792717087,,35.0,9.0
Chad,2020-05-15,399.0,25.0,83.0,46.0,0.11528822055137845,,42.0,6.0
Chad,2020-05-16,428.0,26.0,88.0,48.0,0.11214953271028036,,29.0,2.0
Chad,2020-05-17,474.0,29.0,111.0,50.0,0.10548523206751056,,46.0,2.0
Chad,2020-05-18,503.0,31.0,117.0,53.0,0.10536779324055666,,29.0,3.0
Chad,2020-05-19,519.0,32.0,117.0,53.0,0.1021194605009634,,16.0,0.0
Chad,2020-05-20,545.0,34.0,139.0,56.0,0.10275229357798166,,26.0,3.0
,2020-05-21,,,,,,,,
Chad,2020-05-22,588.0,36.0,186.0,58.0,0.09863945578231292,,,
Chad,2020-05-23,611.0,38.0,196.0,58.0,0.09492635024549917,,23.0,0.0
Chad,2020-05-24,648.0,40.0,204.0,60.0,0.0925925925925926,,37.0,2.0
Chad,2020-05-25,675.0,42.0,215.0,60.0,0.08888888888888889,,27.0,0.0
Chad,2020-05-26,687.0,42.0,244.0,61.0,0.08879184861717612,,12.0,1.0
Chad,2020-05-27,700.0,43.0,303.0,62.0,0.08857142857142856,,13.0,1.0
Chad,2020-05-28,715.0,44.0,359.0,64.0,0.08951048951048951,,15.0,2.0
Chad,2020-05-29,726.0,45.0,413.0,65.0,0.08953168044077135,,11.0,1.0
Chad,2020-05-30,759.0,47.0,444.0,65.0,0.08563899868247694,,33.0,0.0
Chad,2020-05-31,759.0,47.0,470.0,65.0,0.08563899868247694,,0.0,0.0
Chad,2020-06-01,778.0,48.0,491.0,65.0,0.08354755784061697,,19.0,0.0
Chad,2020-06-02,790.0,49.0,539.0,66.0,0.08354430379746837,,12.0,1.0
Chad,2020-06-03,803.0,49.0,562.0,66.0,0.0822,,13.0,0.0
Chad,2020-06-04,820.0,50.0,590.0,66.0,0.0805,,17.0,0.0
Chad,2020-06-05,828.0,51.0,633.0,66.0,0.0797,,8.0,0.0
Chad,2020-06-06,836.0,51.0,657.0,668.0,0.799,,8.0,602.0
Chad,2020-06-07,836.0,51.0,657.0,668.0,0.799,,0.0,0.0
Chad,2020-06-08,837.0,52.0,672.0,69.0,0.0824,,1.0,0.0
Chad,2020-06-09,839.0,52.0,685.0,70.0,0.0834,,2.0,1.0
Chad,2020-06-10,844.0,52.0,706.0,71.0,0.0841,,5.0,1.0
Chad,2020-06-12,848.0,52.0,706.0,72.0,0.0849,,4.0,1.0
Chad,2020-06-13,848.0,52.0,711.0,72.0,0.0849,,0.0,0.0
Chad,2020-06-14,848.0,52.0,718.0,72.0,0.0849,,0.0,0.0
Chad,2020-06-15,848.0,52.0,718.0,72.0,0.0849,,0.0,0.0
Chad,2020-06-16,850.0,52.0,720.0,73.0,0.0859,,2.0,1.0
Chad,2020-06-17,853.0,53.0,720.0,74.0,0.0868,,3.0,1.0
Chad,2020-06-18,854.0,53.0,721.0,74.0,0.0867,,1.0,0.0
Chad,2020-06-19,854.0,53.0,733.0,74.0,0.0867,,0.0,0.0
Chad,2020-06-20,858.0,53.0,742.0,74.0,0.0862,,4.0,0.0
Chad,2020-06-21,858.0,53.0,746.0,74.0,0.0862,,0.0,0.0
Chad,2020-06-22,858.0,53.0,746.0,74.0,0.0862,,0.0,0.0
Chad,2020-06-23,858.0,53.0,752.0,74.0,0.0862,,0.0,0.0
Chad,2020-06-24,860.0,53.0,757.0,74.0,0.086,,2.0,0.0
Chad,2020-06-25,860.0,53.0,770.0,74.0,0.086,,0.0,0.0
Chad,2020-06-26,863.0,53.0,774.0,74.0,0.0857,,3.0,0.0
Chad,2020-06-27,865.0,53.0,778.0,74.0,0.0855,,2.0,0.0
Chad,2020-06-28,865.0,53.0,778.0,74.0,0.0855,,0.0,0.0
Chad,2020-06-29,866.0,53.0,780.0,74.0,0.0855,,1.0,0.0
Chad,2020-06-30,866.0,53.0,781.0,74.0,0.0855,,0.0,0.0
Chad,2020-07-01,866.0,53.0,781.0,74.0,0.0855,,0.0,0.0
Chad,2020-07-02,866.0,53.0,781.0,74.0,0.0855,,0.0,0.0
Chad,2020-07-03,866.0,53.0,785.0,74.0,0.0855,,0.0,0.0
Chad,2020-07-04,871.0,54.0,786.0,74.0,0.085,,5.0,0.0
Chad,2020-07-05,871.0,54.0,786.0,74.0,0.085,,0.0,0.0
Chad,2020-07-06,872.0,54.0,787.0,74.0,0.0849,,1.0,0.0
Chad,2020-07-07,872.0,54.0,787.0,74.0,0.0849,,0.0,0.0
Chad,2020-07-09,873.0,54.0,788.0,74.0,0.0848,,1.0,0.0
Chad,2020-07-10,873.0,54.0,788.0,74.0,0.0848,,0.0,0.0
Chad,2020-07-11,874.0,54.0,789.0,74.0,0.0847,,1.0,0.0
Chad,2020-07-12,874.0,54.0,789.0,74.0,0.0847,,0.0,0.0
Chad,2020-07-13,874.0,54.0,789.0,74.0,0.0847,,0.0,0.0
Chad,2020-07-14,880.0,54.0,0.0,75.0,0.0852,,6.0,1.0
Chad,2020-07-15,880.0,54.0,0.0,75.0,0.0852,,0.0,0.0
Chad,2020-07-16,880.0,54.0,0.0,75.0,0.0852,,0.0,0.0
Chad,2020-07-18,886.0,55.0,0.0,75.0,0.0847,,6.0,0.0
Chad,2020-07-19,887.0,55.0,0.0,75.0,0.0846,,1.0,0.0
Chad,2020-07-19,889.0,55.0,800.0,75.0,0.0844,,2.0,0.0
Chad,2020-07-21,889.0,55.0,800.0,75.0,0.0844,,0.0,0.0
Chad,2020-07-22,889.0,55.0,800.0,75.0,0.0844,,0.0,0.0
Chad,2020-07-23,889.0,55.0,805.0,75.0,0.0844,,0.0,0.0
Chad,2020-07-24,915.0,56.0,805.0,75.0,0.08199999999999999,,26.0,0.0
Chad,2020-07-25,915.0,56.0,805.0,75.0,0.08199999999999999,,0.0,0.0
Chad,2020-07-26,915.0,56.0,805.0,75.0,0.08199999999999999,,0.0,0.0
Chad,2020-07-27,915.0,56.0,810.0,75.0,0.08199999999999999,,0.0,0.0
Chad,2020-07-28,922.0,57.0,810.0,75.0,0.0813,,7.0,0.0
Chad,2020-07-29,926.0,57.0,810.0,75.0,0.081,,4.0,0.0
Chad,2020-07-30,926.0,57.0,810.0,75.0,0.081,,0.0,0.0
Chad,2020-07-31,926.0,57.0,813.0,75.0,0.081,,0.0,0.0
Chad,2020-08-01,936.0,58.0,813.0,75.0,0.0801,,10.0,0.0
Chad,2020-08-02,936.0,58.0,813.0,75.0,0.0801,,0.0,0.0
Chad,2020-08-03,936.0,58.0,813.0,75.0,0.0801,,0.0,0.0
Chad,2020-08-04,936.0,58.0,813.0,75.0,0.0801,,0.0,0.0
Chad,2020-08-05,936.0,58.0,813.0,75.0,0.0801,,0.0,0.0
Chad,2020-08-06,939.0,58.0,814.0,75.0,0.0799,,3.0,0.0
Chad,2020-08-07,939.0,58.0,835.0,75.0,0.0799,,0.0,0.0
Chad,2020-08-08,942.0,58.0,838.0,76.0,0.0807,,3.0,1.0
Chad,2020-08-09,942.0,58.0,838.0,76.0,0.0807,,0.0,0.0
Chad,2020-08-10,944.0,58.0,839.0,76.0,0.0805,,2.0,0.0
Chad,2020-08-11,945.0,58.0,843.0,76.0,0.0804,,1.0,0.0
Chad,2020-08-12,945.0,58.0,843.0,76.0,0.0804,,0.0,0.0
Chad,2020-08-13,946.0,58.0,0.0,76.0,0.0803,,1.0,0.0
Chad,2020-08-14,949.0,58.0,0.0,76.0,0.0801,,3.0,0.0
Chad,2020-08-15,949.0,58.0,0.0,76.0,0.0801,,0.0,0.0
Chad,2020-08-16,952.0,59.0,864.0,76.0,0.0798,,3.0,0.0
Chad,2020-08-17,956.0,59.0,865.0,76.0,0.0795,,4.0,0.0
Chad,2020-08-18,956.0,59.0,865.0,76.0,0.0795,,0.0,0.0
Chad,2020-08-19,970.0,60.0,865.0,76.0,0.0784,,14.0,0.0
Chad,2020-08-20,970.0,60.0,865.0,76.0,0.0784,,0.0,0.0
Chad,2020-08-22,981.0,60.0,869.0,76.0,0.0775,,11.0,0.0
Chad,2020-08-23,981.0,60.0,869.0,76.0,0.0775,,0.0,0.0
Chad,2020-08-24,986.0,61.0,870.0,76.0,0.0771,,5.0,0.0
Chad,2020-08-25,986.0,61.0,870.0,76.0,0.0771,,0.0,0.0
Chad,2020-08-26,987.0,61.0,870.0,76.0,0.077,,1.0,0.0
Chad,2020-08-27,995.0,61.0,871.0,77.0,0.0774,,8.0,1.0
Chad,2020-08-28,998.0,61.0,873.0,77.0,0.0772,,3.0,0.0
Chad,2020-08-29,1008.0,62.0,878.0,77.0,0.0764,,10.0,0.0
Chad,2020-08-30,1008.0,62.0,878.0,77.0,0.0764,,0.0,0.0
Chad,2020-08-31,1008.0,62.0,878.0,77.0,0.0764,,0.0,0.0
Chad,2020-09-01,1008.0,62.0,878.0,77.0,0.0764,,0.0,0.0
Chad,2020-09-02,1012.0,62.0,0.0,77.0,0.0761,,4.0,0.0
Chad,2020-09-03,1012.0,62.0,0.0,77.0,0.0761,,0.0,0.0
Chad,2020-09-04,1012.0,62.0,0.0,77.0,0.0761,,0.0,0.0
Chad,2020-09-05,1018.0,63.0,908.0,77.0,0.0756,,6.0,0.0
Chad,2020-09-07,1018.0,63.0,908.0,77.0,0.0756,,0.0,0.0
Chad,2020-09-08,1018.0,63.0,908.0,77.0,0.0756,,0.0,0.0
Chad,2020-09-09,1040.0,64.0,919.0,79.0,0.076,,22.0,2.0
Chad,2020-09-10,1040.0,64.0,919.0,79.0,0.076,,0.0,0.0
Chad,2020-09-11,1040.0,64.0,919.0,79.0,0.076,,0.0,0.0
Chad,2020-09-12,1040.0,64.0,919.0,79.0,0.076,,0.0,0.0
Chad,2020-09-13,1051.0,65.0,0.0,79.0,0.0752,,11.0,0.0
Chad,2020-09-14,1051.0,65.0,0.0,79.0,0.0752,,0.0,0.0
Chad,2020-09-15,1051.0,65.0,0.0,79.0,0.0752,,0.0,0.0
Chad,2020-09-16,1087.0,67.0,944.0,81.0,0.0745,,36.0,2.0
Chad,2020-09-17,1087.0,67.0,944.0,81.0,0.0745,,0.0,0.0
Chad,2020-09-18,1087.0,67.0,944.0,81.0,0.0745,,0.0,0.0
Chad,2020-09-20,1115.0,69.0,0.0,81.0,0.0726,,28.0,0.0
Chad,2020-09-21,1115.0,69.0,0.0,81.0,0.0726,,0.0,0.0
Chad,2020-09-22,1115.0,69.0,0.0,81.0,0.0726,,0.0,0.0
Chad,2020-09-23,1115.0,69.0,0.0,81.0,0.0726,,0.0,0.0
Chad,2020-09-24,1153.0,0.0,,81.0,0.0703,71.0,38.0,0.0
Chad,2020-09-25,1153.0,0.0,,82.0,0.0711,71.0,0.0,1.0
Chad,2020-09-26,1175.0,0.0,,83.0,0.0706,72.0,22.0,1.0
Chad,2020-09-27,1175.0,0.0,,83.0,0.0706,72.0,0.0,0.0
Chad,2020-09-28,1175.0,0.0,,83.0,0.0706,72.0,0.0,0.0
Chad,2020-09-29,1175.0,0.0,,83.0,0.0706,72.0,0.0,0.0
Chad,2020-09-30,1175.0,0.0,,83.0,0.0706,72.0,0.0,0.0
Chad,2020-10-02,1200.0,0.0,,85.0,0.0708,74.0,25.0,2.0
Chad,2020-10-03,1203.0,0.0,,85.0,0.0707,74.0,3.0,0.0
Chad,2020-10-04,1211.0,0.0,,85.0,0.0702,75.0,8.0,0.0
Chad,2020-10-05,1214.0,0.0,,85.0,0.07,75.0,3.0,0.0
Chad,2020-10-06,1217.0,0.0,,86.0,0.0707,75.0,3.0,1.0
Chad,2020-10-08,1238.0,0.0,,88.0,0.0711,76.0,21.0,2.0
Chad,2020-10-09,1251.0,0.0,,89.0,0.0711,77.0,13.0,1.0
Chad,2020-10-10,1262.0,0.0,,89.0,0.0705,78.0,11.0,0.0
Chad,2020-10-11,1274.0,0.0,,90.0,0.0706,78.0,12.0,1.0
Chad,2020-10-12,1291.0,0.0,,92.0,0.0713,79.0,17.0,2.0
Chad,2020-10-13,1304.0,0.0,,92.0,0.0706,80.0,13.0,0.0
Chad,2020-10-14,1308.0,0.0,,92.0,0.0703,81.0,4.0,0.0
Chad,2020-10-15,1321.0,0.0,,92.0,0.0696,81.0,13.0,0.0
Chad,2020-10-18,1361.0,0.0,,93.0,0.0683,84.0,40.0,1.0
Chad,2020-10-19,1365.0,0.0,,93.0,0.0681,84.0,4.0,0.0
Chad,2020-10-20,1379.0,0.0,,93.0,0.0674,85.0,14.0,0.0
