Location,Date,Confirmed,Case_Per_1M_people,Recovered,Deaths,Mortality,Cases per 1 million people,NewCases,NewConfirmed,NewDeaths
Chile,2020-03-31,2139,122.37,75.0,7,0.003272557,,,0,0
Chile,2020-04-01,2449,140.11,156.0,8,0.0032666394446712946,,,310,1
Chile,2020-04-02,3031,173.41,234.0,16,0.005278785879247773,,,582,8
Chile,2020-04-03,3404,194.75,373.0,18,0.005287896592244419,,,373,2
Chile,2020-04-07,4815,252.0,728.0,37,0.007684319833852544,,,1411,19
Chile,2020-04-10,5972,312.55,1274.0,57,0.009544541192230407,,,1157,20
Chile,2020-04-11,6501,340.24,1571.0,65,0.009998461775111522,,,529,8
Chile,2020-04-12,6927,362.53,1864.0,73,0.01053847264327992,,,426,8
Chile,2020-04-14,7525,393.83,2367.0,82,0.010897009966777407,,,598,9
Chile,2020-04-17,8807,460.93,3299.0,105,0.011922334506642443,,,1282,23
Chile,2020-04-18,9252,484.21,3621.0,116,0.012537829658452229,,,445,11
Chile,2020-04-20,10088,527.97,4338.0,133,0.013183980967486122,,,836,17
Chile,2020-04-22,10832,566.91,4969.0,147,0.013570901033973412,,,744,14
Chile,2020-04-23,11296,591.19,5386.0,160,0.0141643059490085,,,464,13
Chile,2020-04-24,11812,618.2,5804.0,168,0.014222824246528954,,,516,8
Chile,2020-04-25,12306,644.05,6327.0,174,0.014139444173573866,,,494,6
Chile,2020-04-26,12858,672.94,6746.0,181,0.014076839321822987,,,552,7
Chile,2020-04-27,13331,697.69,7024.0,189,0.014177481059185357,,,473,8
Chile,2020-04-28,13813,722.92,7327.0,198,0.014334322739448346,,,482,9
Chile,2020-04-29,14365,751.81,7710.0,207,0.014410024364775497,,,552,9
Chile,2020-04-30,14365,751.81,7710.0,207,0.014410024364775497,,,0,0
Chile,2020-05-01,16023,839.0,8580.0,227,0.01416713474380578,,,1658,20
Chile,2020-05-02,17008,890.0,9018.0,234,0.013758231420507996,,,985,7
Chile,2020-05-03,18435,965.0,9572.0,247,0.013398426905343095,,,1427,13
Chile,2020-05-04,18435,965.0,9572.0,247,0.013398426905343095,,,0,0
Chile,2020-05-05,20643,1080.0,10415.0,270,0.013079494259555298,,,2208,23
Chile,2020-05-06,22016,1152.0,10710.0,275,0.012490915697674418,,,1373,5
Chile,2020-05-07,23048,1206.0,11189.0,281,0.012191947240541479,,,1032,6
Chile,2020-05-08,24581,1286.0,11664.0,285,0.011594320816891095,,,1533,4
Chile,2020-05-09,25972,1359.0,12160.0,294,0.011319882950870169,,,1391,9
Chile,2020-05-10,27219,1425.0,12667.0,304,0.011168668944487307,,,1247,10
Chile,2020-05-11,28866,1511.0,13112.0,312,0.010808563708168779,,,1647,8
Chile,2020-05-12,30063,1573.0,13605.0,323,0.010744104048165521,,,1197,11
Chile,2020-05-13,31721,1660.0,14125.0,335,0.010560827212256865,,,1658,12
Chile,2020-05-15,37040,1939.0,15655.0,368,0.009935205183585313,,,5319,33
Chile,2020-05-16,39542,2069.0,16614.0,394,0.009964088816954124,,,2502,26
Chile,2020-05-17,41428,2168.0,18014.0,421,0.010162209133919088,,,1886,27
Chile,2020-05-18,43781,2291.0,19213.0,450,0.010278431282976636,,,2353,29
Chile,2020-05-19,46059,2411.0,20165.0,478,0.010377993443192427,,,2278,28
Chile,2020-05-20,49579,2595.0,21507.0,509,0.010266443453881684,,,3520,31
Chile,2020-05-21,53616,2806.0,22504.0,544,0.01014622500746046,,,4037,35
Chile,2020-05-22,57581,3014.0,23992.0,589,0.010229068616383877,,,3965,45
Chile,2020-05-23,61857,3237.0,25342.0,630,0.010184781027207915,,,4276,41
Chile,2020-05-24,65393,3422.0,26546.0,673,0.010291621427369902,,,3536,43
Chile,2020-05-25,69102,3617.0,28148.0,718,0.010390437324534743,,,3709,45
Chile,2020-05-26,73997,3873.0,29302.0,761,0.010284200710839629,,,4895,43
Chile,2020-05-27,77961,4080.0,30915.0,806,0.010338502584625646,,,3964,45
Chile,2020-05-28,82289,4307.0,33540.0,841,0.010220078017718045,,,4328,35
Chile,2020-05-29,86943,4550.0,36150.0,890,0.010236591790023349,,,4654,49
Chile,2020-05-30,90638,4744.0,38598.0,944,0.010415057702067566,,,3695,54
Chile,2020-05-31,94858,4965.0,40431.0,997,0.010510447194754264,,,4220,53
Chile,2020-06-01,99688,5217.0,42727.0,1054,0.010572987721691678,,,4830,57
Chile,2020-06-02,105159,5504.0,44946.0,1113,0.010583972841126294,,,5471,59
Chile,2020-06-03,108686,5688.0,0.0,1188,0.0109,,,3527,75
Chile,2020-06-04,113628,5947.0,0.0,1275,0.0112,,,4942,87
Chile,2020-06-05,118292,6191.0,0.0,1356,0.0115,,,4664,81
Chile,2020-06-06,122499,6411.0,0.0,1448,0.0118,,,4207,92
Chile,2020-06-07,127745,6686.0,0.0,1541,0.0121,,,5246,93
Chile,2020-06-08,134150,7021.0,0.0,2190,0.0163,,,6405,649
Chile,2020-06-09,138846,7267.0,0.0,2264,0.0163,,,4696,74
Chile,2020-06-10,142759,7471.0,0.0,2283,0.016,,,3913,19
Chile,2020-06-12,154092,8065.0,0.0,2648,0.0172,,,11333,365
Chile,2020-06-13,160846,8418.0,0.0,2870,0.0178,,,6754,222
Chile,2020-06-14,167355,8759.0,0.0,3101,0.0185,,,6509,231
Chile,2020-06-15,174293,9122.0,0.0,3323,0.0191,,,6938,222
Chile,2020-06-16,179436,9391.0,0.0,3362,0.0187,,,5143,39
Chile,2020-06-17,184449,9653.0,0.0,3383,0.0183,,,5013,21
Chile,2020-06-18,220628,11547.0,0.0,3615,0.0164,,,36179,232
Chile,2020-06-19,225103,11781.0,0.0,3841,0.0171,,,4475,226
Chile,2020-06-20,231393,12110.0,0.0,4093,0.0177,,,6290,252
Chile,2020-06-21,236748,12391.0,0.0,4295,0.0181,,,5355,202
Chile,2020-06-22,242355,12684.0,0.0,4479,0.0185,,,5607,184
Chile,2020-06-23,246963,12925.0,0.0,4502,0.0182,,,4608,23
Chile,2020-06-24,250767,13124.0,0.0,4505,0.018000000000000002,,,3804,3
Chile,2020-06-25,254416,13315.0,0.0,4731,0.0186,,,3649,226
Chile,2020-06-26,259064,13558.0,0.0,4903,0.0189,,,4648,172
Chile,2020-06-27,263360,13783.0,0.0,5068,0.0192,,,4296,165
Chile,2020-06-28,267766,14014.0,0.0,5347,0.02,,,4406,279
Chile,2020-06-29,271982,14235.0,0.0,5509,0.0203,,,4216,162
Chile,2020-06-30,275999,14445.0,236154.0,5575,0.0202,,,4017,66
Chile,2020-07-01,279393,14622.0,241229.0,5688,0.0204,,,3394,113
Chile,2020-07-02,282043,14761.0,245443.0,5753,0.0204,,,2650,65
Chile,2020-07-03,284541,14892.0,249247.0,5920,0.0208,,,2498,167
Chile,2020-07-04,288089,15077.0,253343.0,6051,0.021,,,3548,131
Chile,2020-07-05,291847,15274.0,257445.0,6192,0.0212,,,3758,141
Chile,2020-07-06,295532,15467.0,261032.0,6308,0.0213,,,3685,116
Chile,2020-07-07,298557,15625.0,264371.0,6384,0.0214,,,3025,76
Chile,2020-07-09,303083,15862.0,271703.0,6573,0.0217,,,4526,189
Chile,2020-07-10,306216,16026.0,274992.0,6682,0.0218,,,3133,109
Chile,2020-07-11,309274,16186.0,278053.0,6781,0.0219,,,3058,99
Chile,2020-07-12,312029,16330.0,281114.0,6881,0.0221,,,2755,100
Chile,2020-07-14,317657,16625.0,286556.0,7024,0.0221,,,5628,143
Chile,2020-07-15,319493,16721.0,289220.0,7069,0.0221,,,1836,45
Chile,2020-07-16,321205,16811.0,292085.0,7186,0.0224,,,1712,117
Chile,2020-07-18,326539,17090.0,296814.0,8347,0.0256,,,5334,1161
Chile,2020-07-19,328846,17211.0,299499.0,8445,0.0257,,,2307,98
Chile,2020-07-19,328846,17211.0,299499.0,8445,0.0257,,,0,0
Chile,2020-07-21,333029,17429.0,303992.0,8633,0.0259,,,4183,188
Chile,2020-07-22,334683,17516.0,0.0,8677,0.0259,,,1654,44
Chile,2020-07-23,334683,17516.0,0.0,8677,0.0259,,,0,0
Chile,2020-07-24,336402,17606.0,309241.0,8722,0.0259,,,1719,45
Chile,2020-07-25,341304,17863.0,313696.0,8914,0.0261,,,4902,192
Chile,2020-07-26,343592,17982.0,316169.0,9020,0.0263,,,2288,106
Chile,2020-07-27,345790,18097.0,318095.0,9112,0.0264,,,2198,92
Chile,2020-07-28,347923,18209.0,319954.0,9187,0.0264,,,2133,75
Chile,2020-07-29,349800,18307.0,322332.0,9240,0.0264,,,1877,53
Chile,2020-07-30,351575,18400.0,324557.0,9278,0.0264,,,1775,38
Chile,2020-07-31,353536,18503.0,326628.0,9377,0.0265,,,1961,99
Chile,2020-08-01,355667,18614.0,328327.0,9457,0.0266,,,2131,80
Chile,2020-08-02,357658,18718.0,330507.0,9533,0.0267,,,1991,76
Chile,2020-08-03,359731,18827.0,332411.0,9608,0.0267,,,2073,75
Chile,2020-08-04,361493,18919.0,333976.0,9707,0.0269,,,1762,99
Chile,2020-08-05,362962,18996.0,336330.0,9745,0.0268,,,1469,38
Chile,2020-08-06,364723,19088.0,338291.0,9792,0.0268,,,1761,47
Chile,2020-08-07,366671,19190.0,340168.0,9889,0.027000000000000003,,,1948,97
Chile,2020-08-08,368825,19303.0,342168.0,9958,0.027000000000000003,,,2154,69
Chile,2020-08-09,371023,19418.0,344133.0,10011,0.027000000000000003,,,2198,53
Chile,2020-08-10,373056,19524.0,345826.0,10077,0.027000000000000003,,,2033,66
Chile,2020-08-11,375044,19628.0,347342.0,10139,0.027000000000000003,,,1988,62
Chile,2020-08-12,376616,19711.0,349541.0,10178,0.027000000000000003,,,1572,39
Chile,2020-08-13,378168,19792.0,351419.0,10205,0.027000000000000003,,,1552,27
Chile,2020-08-14,380034,19890.0,353131.0,10299,0.0271,,,1866,94
Chile,2020-08-15,382111,19998.0,355037.0,10340,0.0271,,,2077,41
Chile,2020-08-16,383902,20092.0,356951.0,10395,0.0271,,,1791,55
Chile,2020-08-17,385946,20199.0,358828.0,10452,0.0271,,,2044,57
Chile,2020-08-18,387502,20280.0,360385.0,10513,0.0271,,,1556,61
Chile,2020-08-19,388855,20351.0,362440.0,10546,0.0271,,,1353,33
Chile,2020-08-20,390037,20413.0,364285.0,10578,0.0271,,,1182,32
Chile,2020-08-22,393769,20608.0,367897.0,10723,0.0272,,,3732,145
Chile,2020-08-23,395708,20710.0,369730.0,10792,0.0273,,,1939,69
Chile,2020-08-24,397665,20812.0,371179.0,10852,0.0273,,,1957,60
Chile,2020-08-25,399568,20912.0,372464.0,10916,0.0273,,,1903,64
Chile,2020-08-26,400985,20986.0,374463.0,10958,0.0273,,,1417,42
Chile,2020-08-27,402365,21058.0,376268.0,10990,0.0273,,,1380,32
Chile,2020-08-28,404102,21149.0,377922.0,11072,0.0274,,,1737,82
Chile,2020-08-29,405972,21247.0,379452.0,11132,0.0274,,,1870,60
Chile,2020-08-30,408009,21354.0,381183.0,11181,0.0274,,,2037,49
Chile,2020-08-31,409974,21457.0,382584.0,11244,0.0274,,,1965,63
Chile,2020-09-01,411726,21548.0,383879.0,11289,0.0274,,,1752,45
Chile,2020-09-02,413145,21622.0,385790.0,11321,0.0274,,,1419,32
Chile,2020-09-03,414739,21706.0,387683.0,11344,0.0274,,,1594,23
Chile,2020-09-04,416501,21798.0,389409.0,11422,0.0274,,,1762,78
Chile,2020-09-05,418469,21901.0,391248.0,11494,0.0275,,,1968,72
Chile,2020-09-07,422510,22113.0,394399.0,11592,0.0274,,,4041,98
Chile,2020-09-08,424274,22205.0,395717.0,11652,0.0275,,,1764,60
Chile,2020-09-09,425541,22271.0,397730.0,11682,0.0275,,,1267,30
Chile,2020-09-10,427027,22349.0,399555.0,11702,0.0274,,,1486,20
Chile,2020-09-11,428669,22435.0,401356.0,11781,0.0275,,,1642,79
Chile,2020-09-12,430535,22533.0,403064.0,11850,0.0275,,,1866,69
Chile,2020-09-13,432666,22644.0,404919.0,11895,0.0275,,,2131,45
Chile,2020-09-14,434748,22753.0,406326.0,11949,0.0275,,,2082,54
Chile,2020-09-15,436433,22841.0,407725.0,12013,0.0275,,,1685,64
Chile,2020-09-16,437983,22922.0,409944.0,12040,0.0275,,,1550,27
Chile,2020-09-17,439287,22991.0,411853.0,12058,0.0274,,,1304,18
Chile,2020-09-18,441150,23088.0,413928.0,12142,0.0275,,,1863,84
Chile,2020-09-20,444674,23273.0,418101.0,12254,0.0276,,,3524,112
Chile,2020-09-21,446274,23356.0,419746.0,12286,0.0275,,,1600,32
Chile,2020-09-22,447468,23419.0,421111.0,12298,0.0275,,,1194,12
Chile,2020-09-23,448523,23474.0,423176.0,12321,0.0275,,,1055,23
Chile,2020-09-24,449903,0.0,,12345,0.0274,23546.0,,1380,24
Chile,2020-09-25,451634,0.0,,12469,0.0276,23637.0,,1731,124
Chile,2020-09-26,453868,0.0,,12527,0.0276,23754.0,,2234,58
Chile,2020-09-27,455979,0.0,,12591,0.0276,23864.0,,2111,64
Chile,2020-09-28,457901,0.0,,12641,0.0276,23965.0,,1922,50
Chile,2020-09-29,459671,0.0,,12698,0.0276,24057.0,,1770,57
Chile,2020-09-30,461300,0.0,,12725,0.0276,24143.0,,1629,27
Chile,2020-10-02,464750,0.0,,12822,0.0276,24323.0,,3450,97
Chile,2020-10-03,464750,0.0,,12822,0.0276,24323.0,,0,0
Chile,2020-10-04,466590,0.0,,12867,0.0276,24420.0,,1840,45
Chile,2020-10-05,468471,0.0,,12919,0.0276,24518.0,,1881,52
Chile,2020-10-06,470179,0.0,,12979,0.0276,24607.0,,1708,60
Chile,2020-10-08,473306,0.0,,13070,0.0276,24771.0,,3127,91
Chile,2020-10-09,474440,0.0,,13090,0.0276,24830.0,,1134,20
Chile,2020-10-10,476016,0.0,,13167,0.0277,24913.0,,1576,77
Chile,2020-10-11,477769,0.0,,13220,0.0277,25005.0,,1753,53
Chile,2020-10-12,479595,0.0,,13272,0.0277,25100.0,,1826,52
Chile,2020-10-13,481371,0.0,,13318,0.0277,25193.0,,1776,46
Chile,2020-10-14,482832,0.0,,13376,0.0277,25270.0,,1461,58
Chile,2020-10-15,484280,0.0,,13396,0.0277,25345.0,,1448,20
Chile,2020-10-18,488190,0.0,,13529,0.0277,25550.0,,3910,133
Chile,2020-10-19,490003,0.0,,13588,0.0277,25645.0,,1813,59
Chile,2020-10-20,491760,0.0,,13635,0.0277,25737.0,,1757,47
Chile,2020-10-22,494478,0.0,,13702,0.0277,25879.0,,2718,67
Chile,2020-10-23,495637,0.0,,13719,0.0277,25940.0,,1159,17
Chile,2020-10-24,497131,0.0,,13792,0.0277,26018.0,,1494,73
Chile,2020-10-25,498906,0.0,,13844,0.0277,26111.0,,1775,52
Chile,2020-10-26,500542,0.0,,13892,0.0278,26196.0,,1636,48
Chile,2020-10-27,502063,0.0,,13944,0.0278,26276.0,,1521,52
Chile,2020-10-28,504525,26405.0,,14026,0.0278,,927.0,2462,82
Chile,2020-10-29,504525,26405.0,,14026,0.0278,,927.0,0,0
Chile,2020-10-30,505530,26458.0,,14032,0.0278,,1005.0,1005,6
Chile,2020-10-31,507050,26537.0,,14118,0.0278,,1520.0,1520,86
Chile,2020-11-01,508571,26617.0,,14158,0.0278,,1521.0,1521,40
Chile,2020-11-02,510256,26705.0,,14207,0.0278,,1685.0,1685,49
Chile,2020-11-03,511864,26789.0,,14247,0.0278,,1608.0,1608,40
Chile,2020-11-04,513140,26856.0,,14302,0.0279,,1276.0,1276,55
Chile,2020-11-05,514202,26911.0,,14319,0.0278,,1062.0,1062,17
Chile,2020-11-06,515042,26955.0,,14340,0.0278,,840.0,840,21
Chile,2020-11-07,516582,27036.0,,14404,0.0279,,1540.0,1540,64
Chile,2020-11-08,518390,27131.0,,14450,0.0279,,1808.0,1808,46
Chile,2020-11-09,519977,27214.0,,14499,0.0279,,1587.0,1587,49
Chile,2020-11-10,521558,27296.0,,14543,0.0279,,1581.0,1581,44
Chile,2020-11-11,522879,27366.0,,14588,0.0279,,1321.0,1321,45
Chile,2020-11-12,523907,27419.0,,14611,0.0279,,1028.0,1028,23
Chile,2020-11-13,524804,27466.0,,14633,0.0279,,897.0,897,22
Chile,2020-11-15,528030,27635.0,,14738,0.0279,,1592.0,3226,105
Chile,2020-11-16,529676,27721.0,,14777,0.0279,,1646.0,1646,39
Chile,2020-11-17,531273,27805.0,,14819,0.0279,,1597.0,1597,42
Chile,2020-11-18,532604,27874.0,,14863,0.0279,,1331.0,1331,44
Chile,2020-11-19,533610,27927.0,,14883,0.0279,,1006.0,1006,20
Chile,2020-11-20,534558,27977.0,,14897,0.0279,,948.0,948,14
Chile,2020-11-21,536012,28053.0,,14955,0.0279,,1454.0,1454,58
Chile,2020-11-22,537585,28135.0,,15003,0.0279,,1573.0,1573,48
Chile,2020-11-23,539143,28217.0,,15030,0.0279,,1558.0,1558,27
Chile,2020-11-24,540640,28295.0,,15069,0.0279,,1497.0,1497,39
Chile,2020-11-25,542080,28370.0,,15106,0.0279,,1440.0,1440,37
Chile,2020-11-26,543087,28423.0,,15131,0.0279,,1007.0,1007,25
Chile,2020-11-27,544092,28476.0,,15138,0.0278,,1005.0,1005,7
Chile,2020-11-28,545662,28558.0,,15235,0.0279,,1570.0,1570,97
Chile,2020-11-29,547243,28641.0,,15278,0.0279,,1581.0,1581,43
Chile,2020-11-30,548941,28730.0,,15322,0.0279,,1698.0,1698,44
Chile,2020-12-01,550430,28807.0,,15356,0.0279,,1489.0,1489,34
Chile,2020-12-02,551743,28876.0,,15410,0.0279,,1313.0,1313,54
Chile,2020-12-03,552864,28935.0,,15430,0.0279,,1121.0,1121,20
Chile,2020-12-04,553898,28989.0,,15438,0.0279,,1034.0,1034,8
Chile,2020-12-05,555406,29068.0,,15519,0.0279,,1508.0,1508,81
Chile,2020-12-06,557135,29158.0,,15558,0.0279,,1729.0,1729,39
Chile,2020-12-07,558668,29239.0,,15592,0.0279,,1533.0,1533,34
Chile,2020-12-08,560382,29328.0,,15628,0.0279,,1714.0,1714,36
Chile,2020-12-09,562142,29420.0,,15663,0.0279,,1760.0,1760,35
Chile,2020-12-10,563534,29493.0,,15680,0.0278,,1392.0,1392,17
Chile,2020-12-11,564778,29558.0,,15690,0.0278,,1244.0,1244,10
Chile,2020-12-12,566440,29645.0,,15774,0.0278,,1662.0,1662,84
Chile,2020-12-13,567974,29726.0,,15782,0.0278,,1534.0,1534,8
Chile,2020-12-14,569781,29820.0,,15846,0.0278,,1807.0,1807,64
Chile,2020-12-15,571919,29932.0,,15886,0.0278,,2138.0,2138,40
Chile,2020-12-16,575329,30111.0,,15949,0.0277,,1499.0,3410,63
Chile,2020-12-17,575329,30111.0,,15949,0.0277,,1499.0,0,0
Chile,2020-12-18,576731,30184.0,,15959,0.0277,,1402.0,1402,10
Chile,2020-12-19,578732,30289.0,,16007,0.0277,,2001.0,2001,48
Chile,2020-12-20,581135,30414.0,,16051,0.0276,,2403.0,2403,44
Chile,2020-12-21,583355,30531.0,,16101,0.0276,,2220.0,2220,50
Chile,2020-12-22,585546,30645.0,,16154,0.0276,,2191.0,2191,53
Chile,2020-12-23,587993,30773.0,,16197,0.0275,,2447.0,2447,43
Chile,2020-12-24,589189,30836.0,,16217,0.0275,,1196.0,1196,20
Chile,2020-12-25,594152,31096.0,,16303,0.0274,,3238.0,4963,86
Chile,2020-12-26,594152,31096.0,,16303,0.0274,,3238.0,0,0
Chile,2020-12-27,595831,31184.0,,16358,0.0275,,1679.0,1679,55
Chile,2020-12-28,598394,31318.0,,16404,0.0274,,2563.0,2563,46
Chile,2020-12-29,600105,31407.0,,16443,0.0274,,1711.0,1711,39
Chile,2020-12-30,602028,31508.0,,16443,0.0273,,1923.0,1923,0
Chile,2020-12-31,603986,31610.0,,16488,0.0273,,1958.0,1958,45
Chile,2021-01-01,606950,31765.0,,16499,0.0272,,2964.0,2964,11
Chile,2021-01-02,608973,31871.0,,16608,0.0273,,2023.0,2023,109
Chile,2021-01-03,612564,32059.0,,16660,0.0272,,3591.0,3591,52
Chile,2021-01-04,615902,32234.0,,16724,0.0272,,3338.0,3338,64
Chile,2021-01-05,618191,32354.0,,16767,0.0271,,2289.0,2289,43
Chile,2021-01-06,620641,32482.0,,16767,0.027000000000000003,,2450.0,2450,0
Chile,2021-01-07,623101,32611.0,,16788,0.0269,,2460.0,2460,21
Chile,2021-01-08,625483,32735.0,,16816,0.0269,,2382.0,2382,28
Chile,2021-01-09,629176,32929.0,,16913,0.0269,,3693.0,3693,97
Chile,2021-01-10,633381,33149.0,,16974,0.0268,,4205.0,4205,61
Chile,2021-01-11,637742,33377.0,,17037,0.0267,,4361.0,4361,63
Chile,2021-01-12,641923,33596.0,,17096,0.0266,,4181.0,4181,59
Chile,2021-01-13,645892,33804.0,,17162,0.0266,,3969.0,3969,66
Chile,2021-01-14,649135,33973.0,,17182,0.0265,,3243.0,3243,20
Chile,2021-01-14,652525,34151.0,,17204,0.0264,,3390.0,3390,22
Chile,2021-01-15,652525,34151.0,,17204,0.0264,,3390.0,0,0
Chile,2021-01-16,656712,34370.0,,17294,0.0263,,4187.0,4187,90
Chile,2021-01-17,661180,34604.0,,17369,0.0263,,4468.0,4468,75
Chile,2021-01-18,665493,34829.0,,17435,0.0262,,4313.0,4313,66
Chile,2021-01-19,669832,35056.0,,17477,0.0261,,4339.0,4339,42
Chile,2021-01-20,673750,35262.0,,17547,0.026000000000000002,,3918.0,3918,70
