Location,Date,Confirmed,Case_Per_1M_people,Recovered,Deaths,Mortality,Cases per 1 million people,NewCases,NewConfirmed,NewDeaths
Colombia,2020-03-31,798,16.88,15.0,14,0.01754386,,,0,0
Colombia,2020-04-01,906,19.17,31.0,16,0.017660044150110375,,,108,2
Colombia,2020-04-02,1065,22.53,39.0,17,0.01596244131455399,,,159,1
Colombia,2020-04-03,1161,24.57,55.0,19,0.01636520241171404,,,96,2
Colombia,2020-04-07,1579,31.97,88.0,46,0.02913236225459152,,,418,27
Colombia,2020-04-10,2223,45.0,174.0,69,0.0310391363022942,,,644,23
Colombia,2020-04-11,2473,50.07,197.0,80,0.03234937323089365,,,250,11
Colombia,2020-04-12,2473,50.07,197.0,80,0.03234937323089365,,,0,0
Colombia,2020-04-14,2852,57.74,319.0,112,0.03927068723702665,,,379,32
Colombia,2020-04-17,3233,65.45,550.0,144,0.044540674296319215,,,381,32
Colombia,2020-04-18,3439,69.62,634.0,153,0.04448967723175341,,,206,9
Colombia,2020-04-20,3792,76.77,711.0,179,0.04720464135021097,,,353,26
Colombia,2020-04-22,4149,84.0,804.0,196,0.04724029886719691,,,357,17
Colombia,2020-04-23,4356,88.19,870.0,206,0.0472910927456382,,,207,10
Colombia,2020-04-24,4561,92.34,927.0,215,0.04713878535408902,,,205,9
Colombia,2020-04-25,4881,98.81,1003.0,225,0.046097111247695145,,,320,10
Colombia,2020-04-26,5142,104.1,1067.0,233,0.045313107740178916,,,261,8
Colombia,2020-04-27,5379,108.9,1133.0,244,0.04536159137386131,,,237,11
Colombia,2020-04-28,5597,113.31,1210.0,253,0.04520278720743255,,,218,9
Colombia,2020-04-29,5949,120.44,1268.0,269,0.04521768364430997,,,352,16
Colombia,2020-04-30,5949,120.44,1268.0,269,0.04521768364430997,,,0,0
Colombia,2020-05-01,6211,126.0,1411.0,278,0.04475929801964257,,,262,9
Colombia,2020-05-02,7006,142.0,1551.0,314,0.044818726805595205,,,795,36
Colombia,2020-05-03,7285,147.0,1666.0,324,0.044474948524365135,,,279,10
Colombia,2020-05-04,7285,147.0,1666.0,324,0.044474948524365135,,,0,0
Colombia,2020-05-05,7973,161.0,1807.0,358,0.044901542706634885,,,688,34
Colombia,2020-05-06,8613,174.0,2013.0,378,0.0438871473354232,,,640,20
Colombia,2020-05-07,8959,181.0,2148.0,397,0.044312981359526736,,,346,19
Colombia,2020-05-08,8959,181.0,2148.0,397,0.044312981359526736,,,0,0
Colombia,2020-05-09,10051,203.0,2424.0,428,0.04258282757934534,,,1092,31
Colombia,2020-05-10,10495,212.0,2569.0,445,0.042401143401619816,,,444,17
Colombia,2020-05-11,11063,224.0,2705.0,463,0.041851215764259236,,,568,18
Colombia,2020-05-12,11613,235.0,2825.0,479,0.04124687849823474,,,550,16
Colombia,2020-05-13,12272,248.0,2971.0,493,0.040172750977835715,,,659,14
Colombia,2020-05-15,13610,276.0,3358.0,525,0.03857457751653196,,,1338,32
Colombia,2020-05-16,14216,288.0,3460.0,546,0.038407428249859314,,,606,21
Colombia,2020-05-17,14216,288.0,3460.0,546,0.038407428249859314,,,0,0
Colombia,2020-05-18,15574,315.0,3751.0,574,0.0368562989598048,,,1358,28
Colombia,2020-05-19,16295,330.0,3903.0,592,0.03633016262657257,,,721,18
Colombia,2020-05-20,16935,343.0,4050.0,613,0.03619722468260998,,,640,21
Colombia,2020-05-21,16935,343.0,4050.0,613,0.03619722468260998,,,0,0
Colombia,2020-05-22,18330,371.0,4431.0,652,0.03557010365521004,,,1395,39
Colombia,2020-05-23,19131,387.0,4575.0,682,0.035648946735664634,,,801,30
Colombia,2020-05-24,20177,408.0,4718.0,705,0.03494077414878327,,,1046,23
Colombia,2020-05-25,21175,429.0,45016.0,727,0.034332939787485243,,,998,22
Colombia,2020-05-26,21981,445.0,5265.0,750,0.03412037668895865,,,806,23
Colombia,2020-05-27,23003,466.0,5511.0,776,0.03373473025257575,,,1022,26
Colombia,2020-05-28,24104,488.0,6111.0,803,0.03331397278460007,,,1101,27
Colombia,2020-05-29,25366,514.0,6665.0,822,0.03240558227548687,,,1262,19
Colombia,2020-05-30,26688,540.0,6913.0,853,0.031961930455635494,,,1322,31
Colombia,2020-05-31,28236,572.0,7121.0,890,0.03152004533220003,,,1548,37
Colombia,2020-06-01,29383,595.0,8543.0,939,0.03195725419460232,,,1147,49
Colombia,2020-06-02,30493,617.0,9661.0,969,0.03177778506542485,,,1110,30
Colombia,2020-06-03,31833,644.0,11142.0,1009,0.0317,,,1340,40
Colombia,2020-06-04,33354,675.0,12288.0,1045,0.0313,,,1521,36
Colombia,2020-06-05,35120,711.0,12921.0,1087,0.031,,,1766,42
Colombia,2020-06-06,36635,742.0,13638.0,1145,0.0313,,,1515,58
Colombia,2020-06-07,38027,770.0,14382.0,1205,0.0317,,,1392,60
Colombia,2020-06-08,39236,794.0,15322.0,1259,0.0321,,,1209,54
Colombia,2020-06-09,40719,824.0,16427.0,1308,0.0321,,,1483,49
Colombia,2020-06-10,42078,852.0,16534.0,1372,0.0326,,,1359,64
Colombia,2020-06-12,43682,884.0,17333.0,1433,0.0328,,,1604,61
Colombia,2020-06-13,46858,949.0,18715.0,1545,0.033,,,3176,112
Colombia,2020-06-14,48746,987.0,19426.0,1592,0.0327,,,1888,47
Colombia,2020-06-15,48746,987.0,19426.0,1592,0.0327,,,0,0
Colombia,2020-06-16,50939,1031.0,19822.0,1667,0.0327,,,2193,75
Colombia,2020-06-17,54931,1112.0,20366.0,1801,0.0328,,,3992,134
Colombia,2020-06-18,57046,1155.0,21326.0,1864,0.0327,,,2115,63
Colombia,2020-06-19,60217,1219.0,22680.0,1950,0.0324,,,3171,86
Colombia,2020-06-20,63276,1281.0,23988.0,2045,0.0323,,,3059,95
Colombia,2020-06-21,65633,1329.0,25499.0,2126,0.0324,,,2357,81
Colombia,2020-06-22,65633,1329.0,25499.0,2126,0.0324,,,0,0
Colombia,2020-06-23,68652,1390.0,27360.0,2237,0.0326,,,3019,111
Colombia,2020-06-24,73572,1489.0,30459.0,2404,0.0327,,,4920,167
Colombia,2020-06-25,77113,1561.0,31671.0,2491,0.0323,,,3541,87
Colombia,2020-06-26,80599,1632.0,33349.0,2654,0.0329,,,3486,163
Colombia,2020-06-27,84442,1710.0,34937.0,2811,0.0333,,,3843,157
Colombia,2020-06-28,88591,1793.0,36273.0,2939,0.0332,,,4149,128
Colombia,2020-06-29,91769,1858.0,38280.0,3106,0.0338,,,3178,167
Colombia,2020-06-30,95043,1924.0,39954.0,3223,0.0339,,,3274,117
Colombia,2020-07-01,97846,1981.0,42073.0,3334,0.0341,,,2803,111
Colombia,2020-07-02,97846,1981.0,42073.0,3334,0.0341,,,0,0
Colombia,2020-07-03,106110,2148.0,44531.0,3641,0.0343,,,8264,307
Colombia,2020-07-04,109505,2217.0,45334.0,3777,0.0345,,,3395,136
Colombia,2020-07-05,109505,2217.0,45334.0,3777,0.0345,,,0,0
Colombia,2020-07-06,117110,2371.0,47881.0,4064,0.0347,,,7605,287
Colombia,2020-07-07,120281,2435.0,50370.0,4210,0.035,,,3171,146
Colombia,2020-07-09,128638,2604.0,53634.0,4527,0.0352,,,8357,317
Colombia,2020-07-10,133973,2712.0,0.0,4714,0.0352,,,5335,187
Colombia,2020-07-11,140776,2850.0,58800.0,4925,0.035,,,6803,211
Colombia,2020-07-12,145362,2943.0,0.0,5119,0.0352,,,4586,194
Colombia,2020-07-14,154277,3123.0,65809.0,5455,0.0354,,,8915,336
Colombia,2020-07-15,159898,3237.0,65809.0,5625,0.0352,,,5621,170
Colombia,2020-07-16,159898,3237.0,68806.0,5625,0.0352,,,0,0
Colombia,2020-07-18,182140,3687.0,76164.0,6288,0.0345,,,22242,663
Colombia,2020-07-19,190700,3861.0,85836.0,6516,0.0342,,,8560,228
Colombia,2020-07-19,190700,3861.0,85836.0,6516,0.0342,,,0,0
Colombia,2020-07-21,204005,4130.0,95804.0,6929,0.034,,,13305,413
Colombia,2020-07-22,211038,4272.0,98840.0,7166,0.034,,,7033,237
Colombia,2020-07-23,211038,4272.0,98840.0,7166,0.034,,,0,0
Colombia,2020-07-24,218428,4422.0,101613.0,7373,0.0338,,,7390,207
Colombia,2020-07-25,233541,4728.0,113864.0,7975,0.0341,,,15113,602
Colombia,2020-07-26,240795,4875.0,119667.0,8269,0.0343,,,7254,294
Colombia,2020-07-27,248976,5040.0,125037.0,8525,0.0342,,,8181,256
Colombia,2020-07-28,257101,5205.0,131161.0,8777,0.0341,,,8125,252
Colombia,2020-07-29,267385,5413.0,136690.0,9074,0.0339,,,10284,297
Colombia,2020-07-30,267385,5413.0,136690.0,9074,0.0339,,,0,0
Colombia,2020-07-31,276055,5589.0,142777.0,9454,0.0342,,,8670,380
Colombia,2020-08-01,295508,5982.0,154387.0,10105,0.0342,,,19453,651
Colombia,2020-08-02,306181,6199.0,160708.0,10330,0.0337,,,10673,225
Colombia,2020-08-03,306181,6199.0,160708.0,10330,0.0337,,,0,0
Colombia,2020-08-04,317651,6431.0,167239.0,10650,0.0335,,,11470,320
Colombia,2020-08-05,327850,6637.0,173727.0,11017,0.0336,,,10199,367
Colombia,2020-08-06,334979,6782.0,180258.0,11315,0.0338,,,7129,298
Colombia,2020-08-07,345714,6999.0,186317.0,11624,0.0336,,,10735,309
Colombia,2020-08-08,357710,7242.0,192355.0,11939,0.0334,,,11996,315
Colombia,2020-08-09,376870,7630.0,204591.0,12540,0.0333,,,19160,601
Colombia,2020-08-10,387481,7844.0,212688.0,12842,0.0331,,,10611,302
Colombia,2020-08-11,387481,7844.0,212688.0,12842,0.0331,,,0,0
Colombia,2020-08-12,410453,8309.0,230427.0,13475,0.0328,,,22972,633
Colombia,2020-08-13,422519,8554.0,239785.0,13837,0.0327,,,12066,362
Colombia,2020-08-14,422519,8554.0,239785.0,13837,0.0327,,,0,0
Colombia,2020-08-15,433805,8782.0,250494.0,14145,0.0326,,,11286,308
Colombia,2020-08-16,445111,9011.0,261296.0,14492,0.0326,,,11306,347
Colombia,2020-08-17,468332,9481.0,287436.0,15097,0.0322,,,23221,605
Colombia,2020-08-18,476660,9650.0,301525.0,15372,0.0322,,,8328,275
Colombia,2020-08-19,489122,9902.0,312323.0,15619,0.0319,,,12462,247
Colombia,2020-08-20,502178,10166.0,326298.0,15979,0.0318,,,13056,360
Colombia,2020-08-22,522138,10571.0,348940.0,16568,0.0317,,,19960,589
Colombia,2020-08-23,533103,10793.0,359792.0,16968,0.0318,,,10965,400
Colombia,2020-08-24,541147,10955.0,374030.0,17316,0.032,,,8044,348
Colombia,2020-08-25,541147,10955.0,374030.0,17316,0.032,,,0,0
Colombia,2020-08-26,562128,11380.0,395470.0,17889,0.0318,,,20981,573
Colombia,2020-08-27,562128,11380.0,395470.0,17889,0.0318,,,0,0
Colombia,2020-08-28,582022,11783.0,417793.0,18468,0.0317,,,19894,579
Colombia,2020-08-29,590520,11955.0,429620.0,18767,0.0318,,,8498,299
Colombia,2020-08-30,599914,12145.0,440574.0,19064,0.0318,,,9394,297
Colombia,2020-08-31,607938,12308.0,450621.0,19364,0.0319,,,8024,300
Colombia,2020-09-01,615168,12454.0,459475.0,19663,0.032,,,7230,299
Colombia,2020-09-02,624069,12634.0,469557.0,20052,0.0321,,,8901,389
Colombia,2020-09-03,633339,12822.0,479568.0,20348,0.0321,,,9270,296
Colombia,2020-09-04,641574,12988.0,489151.0,20618,0.0321,,,8235,270
Colombia,2020-09-05,641574,12988.0,489151.0,20618,0.0321,,,0,0
Colombia,2020-09-07,666521,13494.0,518229.0,21412,0.0321,,,24947,794
Colombia,2020-09-08,671848,13601.0,529279.0,21615,0.0322,,,5327,203
Colombia,2020-09-09,679513,13757.0,541462.0,21817,0.0321,,,7665,202
Colombia,2020-09-10,679513,13757.0,541462.0,21817,0.0321,,,0,0
Colombia,2020-09-11,686851,13905.0,552885.0,22053,0.0321,,,7338,236
Colombia,2020-09-12,702088,14214.0,582694.0,22518,0.0321,,,15237,465
Colombia,2020-09-13,708964,14353.0,592820.0,22734,0.0321,,,6876,216
Colombia,2020-09-14,716319,14502.0,599385.0,22924,0.032,,,7355,190
Colombia,2020-09-15,721892,14614.0,606925.0,23123,0.032,,,5573,199
Colombia,2020-09-16,728590,14750.0,607978.0,23288,0.032,,,6698,165
Colombia,2020-09-17,736377,14908.0,610078.0,23478,0.0319,,,7787,190
Colombia,2020-09-18,743945,15061.0,615457.0,23665,0.0318,,,7568,187
Colombia,2020-09-20,758398,15354.0,627685.0,24039,0.0317,,,14453,374
Colombia,2020-09-21,758398,15354.0,627685.0,24039,0.0317,,,0,0
Colombia,2020-09-22,770435,15597.0,640900.0,24397,0.0317,,,12037,358
Colombia,2020-09-23,770435,15597.0,640900.0,24397,0.0317,,,0,0
Colombia,2020-09-24,777537,0.0,,24570,0.0316,15741.0,,7102,173
Colombia,2020-09-25,790823,0.0,,24924,0.0315,16010.0,,13286,354
Colombia,2020-09-26,790823,0.0,,24924,0.0315,16010.0,,0,0
Colombia,2020-09-27,806038,0.0,,25296,0.0314,16318.0,,15215,372
Colombia,2020-09-28,813056,0.0,,25488,0.0313,16460.0,,7018,192
Colombia,2020-09-29,818203,0.0,,25641,0.0313,16564.0,,5147,153
Colombia,2020-09-30,818203,0.0,,25641,0.0313,16564.0,,0,0
Colombia,2020-10-02,829679,0.0,,25998,0.0313,16797.0,,11476,357
Colombia,2020-10-03,835339,0.0,,26196,0.0314,16911.0,,5660,198
Colombia,2020-10-04,841532,0.0,,26397,0.0314,17037.0,,6193,201
Colombia,2020-10-05,848147,0.0,,26556,0.0313,17170.0,,6615,159
Colombia,2020-10-06,855052,0.0,,26712,0.0312,17310.0,,6905,156
Colombia,2020-10-08,869808,0.0,,27017,0.0311,17609.0,,14756,305
Colombia,2020-10-09,877684,0.0,,27180,0.031,17768.0,,7876,163
Colombia,2020-10-10,886179,0.0,,27180,0.0307,17940.0,,8495,0
Colombia,2020-10-11,894300,0.0,,27495,0.0307,18105.0,,8121,315
Colombia,2020-10-12,902747,0.0,,27660,0.0306,18276.0,,8447,165
Colombia,2020-10-13,911316,0.0,,27834,0.0305,18449.0,,8569,174
Colombia,2020-10-14,919084,0.0,,27985,0.0304,18607.0,,7768,151
Colombia,2020-10-15,924098,0.0,,28141,0.0305,18708.0,,5014,156
Colombia,2020-10-18,945354,0.0,,28616,0.0303,19138.0,,21256,475
Colombia,2020-10-19,952371,0.0,,28803,0.0302,19280.0,,7017,187
Colombia,2020-10-20,959572,0.0,,28970,0.0302,19426.0,,7201,167
Colombia,2020-10-22,974139,0.0,,29272,0.03,19721.0,,14567,302
Colombia,2020-10-23,981700,0.0,,29464,0.03,19874.0,,7561,192
Colombia,2020-10-24,990373,0.0,,29637,0.0299,20050.0,,8673,173
Colombia,2020-10-25,998942,0.0,,29802,0.0298,20223.0,,8569,165
Colombia,2020-10-26,1007711,0.0,,30000,0.0298,20401.0,,8769,198
Colombia,2020-10-27,1015885,0.0,,30000,0.0295,20566.0,,8174,0
Colombia,2020-10-28,1033218,20917.0,,30565,0.0296,,8166.0,17333,565
Colombia,2020-10-29,1033218,20917.0,,30565,0.0296,,8166.0,0,0
Colombia,2020-10-30,1041936,21094.0,,30753,0.0295,,8718.0,8718,188
Colombia,2020-10-31,1048055,21218.0,,30926,0.0295,,6119.0,6119,173
Colombia,2020-11-01,1053122,21320.0,,31421,0.0298,,5067.0,5067,495
