Location,Date,Confirmed,Case_Per_1M_people,Recovered,Deaths,Mortality,Cases per 1 million people,NewConfirmed,NewDeaths
Costa Rica,2020-03-31,330.0,65.47,4.0,2.0,0.006060606,,0.0,0.0
Costa Rica,2020-04-01,347.0,68.85,4.0,2.0,0.005763688760806916,,17.0,0.0
Costa Rica,2020-04-02,375.0,74.4,4.0,2.0,0.005333333333333333,,28.0,0.0
Costa Rica,2020-04-03,396.0,78.57,6.0,2.0,0.005050505050505051,,21.0,0.0
Costa Rica,2020-04-07,467.0,92.33,16.0,2.0,0.004282655246252678,,71.0,0.0
Costa Rica,2020-04-10,539.0,106.56,30.0,3.0,0.005565862708719851,,72.0,1.0
Costa Rica,2020-04-11,558.0,110.32,42.0,3.0,0.005376344086021507,,19.0,0.0
Costa Rica,2020-04-12,577.0,114.08,49.0,3.0,0.005199306759098786,,19.0,0.0
Costa Rica,2020-04-14,612.0,121.0,62.0,3.0,0.004901960784313725,,35.0,0.0
Costa Rica,2020-04-17,642.0,126.93,67.0,4.0,0.006230529595015576,,30.0,1.0
Costa Rica,2020-04-18,649.0,128.31,88.0,4.0,0.006163328197226503,,7.0,0.0
Costa Rica,2020-04-20,660.0,130.49,112.0,5.0,0.007575757575757577,,11.0,1.0
Costa Rica,2020-04-22,669.0,132.27,150.0,6.0,0.008968609865470852,,9.0,1.0
Costa Rica,2020-04-23,681.0,134.64,180.0,6.0,0.00881057268722467,,12.0,0.0
Costa Rica,2020-04-24,681.0,134.64,180.0,6.0,0.00881057268722467,,0.0,0.0
Costa Rica,2020-04-25,687.0,135.82,196.0,6.0,0.008733624454148471,,6.0,0.0
Costa Rica,2020-04-26,693.0,137.01,242.0,6.0,0.008658008658008658,,6.0,0.0
Costa Rica,2020-04-27,695.0,137.41,264.0,6.0,0.008633093525179856,,2.0,0.0
Costa Rica,2020-04-28,697.0,137.8,287.0,6.0,0.00860832137733142,,2.0,0.0
Costa Rica,2020-04-29,705.0,139.38,306.0,6.0,0.00851063829787234,,8.0,0.0
Costa Rica,2020-04-30,705.0,139.38,306.0,6.0,0.00851063829787234,,0.0,0.0
Costa Rica,2020-05-01,719.0,142.0,323.0,6.0,0.008344923504867872,,14.0,0.0
Costa Rica,2020-05-02,725.0,143.0,355.0,6.0,0.008275862068965517,,6.0,0.0
Costa Rica,2020-05-03,733.0,145.0,372.0,6.0,0.008185538881309686,,8.0,0.0
Costa Rica,2020-05-04,733.0,145.0,372.0,6.0,0.008185538881309686,,0.0,0.0
Costa Rica,2020-05-05,742.0,147.0,399.0,6.0,0.008086253369272238,,9.0,0.0
Costa Rica,2020-05-06,755.0,149.0,413.0,6.0,0.007947019867549669,,13.0,0.0
Costa Rica,2020-05-07,761.0,150.0,428.0,6.0,0.007884362680683309,,6.0,0.0
Costa Rica,2020-05-08,765.0,151.0,445.0,6.0,0.007843137254901959,,4.0,0.0
Costa Rica,2020-05-09,773.0,153.0,461.0,6.0,0.0077619663648124185,,8.0,0.0
Costa Rica,2020-05-10,780.0,154.0,480.0,6.0,0.007692307692307694,,7.0,0.0
Costa Rica,2020-05-11,792.0,157.0,501.0,6.0,0.007575757575757577,,12.0,0.0
Costa Rica,2020-05-12,801.0,158.0,517.0,7.0,0.008739076154806492,,9.0,1.0
Costa Rica,2020-05-13,804.0,159.0,520.0,7.0,0.008706467661691544,,3.0,0.0
Costa Rica,2020-05-15,830.0,164.0,535.0,8.0,0.00963855421686747,,26.0,1.0
Costa Rica,2020-05-16,843.0,167.0,542.0,8.0,0.009489916963226572,,13.0,0.0
Costa Rica,2020-05-17,853.0,169.0,551.0,10.0,0.011723329425556858,,10.0,2.0
Costa Rica,2020-05-18,863.0,171.0,565.0,10.0,0.011587485515643106,,10.0,0.0
Costa Rica,2020-05-19,866.0,171.0,575.0,10.0,0.011547344110854505,,3.0,0.0
Costa Rica,2020-05-20,882.0,174.0,577.0,10.0,0.011337868480725623,,16.0,0.0
,2020-05-21,,,,,,,,
Costa Rica,2020-05-22,903.0,179.0,592.0,10.0,0.01107419712070875,,,
Costa Rica,2020-05-23,911.0,180.0,600.0,10.0,0.010976948408342482,,8.0,0.0
Costa Rica,2020-05-24,918.0,181.0,607.0,10.0,0.010893246187363837,,7.0,0.0
Costa Rica,2020-05-25,930.0,184.0,620.0,10.0,0.010752688172043013,,12.0,0.0
Costa Rica,2020-05-26,951.0,188.0,628.0,10.0,0.010515247108307046,,21.0,0.0
Costa Rica,2020-05-27,956.0,189.0,634.0,10.0,0.010460251046025104,,5.0,0.0
Costa Rica,2020-05-28,984.0,195.0,639.0,10.0,0.01016260162601626,,28.0,0.0
Costa Rica,2020-05-29,1000.0,198.0,646.0,10.0,0.01,,16.0,0.0
Costa Rica,2020-05-30,1022.0,202.0,653.0,10.0,0.009784735812133072,,22.0,0.0
Costa Rica,2020-05-31,1047.0,207.0,658.0,10.0,0.009551098376313277,,25.0,0.0
Costa Rica,2020-06-01,1056.0,209.0,669.0,10.0,0.00946969696969697,,9.0,0.0
Costa Rica,2020-06-02,1056.0,209.0,669.0,10.0,0.00946969696969697,,0.0,0.0
Costa Rica,2020-06-03,1105.0,218.0,682.0,10.0,0.009000000000000001,,49.0,0.0
Costa Rica,2020-06-04,1157.0,229.0,685.0,10.0,0.0086,,52.0,0.0
Costa Rica,2020-06-05,1194.0,236.0,687.0,10.0,0.0084,,37.0,0.0
Costa Rica,2020-06-06,1228.0,243.0,695.0,10.0,0.0081,,34.0,0.0
Costa Rica,2020-06-07,1263.0,250.0,701.0,10.0,0.0079,,35.0,0.0
Costa Rica,2020-06-08,1318.0,261.0,704.0,10.0,0.0076,,55.0,0.0
Costa Rica,2020-06-09,1342.0,265.0,712.0,10.0,0.0075,,24.0,0.0
Costa Rica,2020-06-10,1375.0,272.0,717.0,11.0,0.008,,33.0,1.0
Costa Rica,2020-06-12,1538.0,304.0,722.0,12.0,0.0078,,163.0,1.0
Costa Rica,2020-06-13,1612.0,319.0,731.0,12.0,0.0074,,74.0,0.0
Costa Rica,2020-06-14,1662.0,329.0,743.0,12.0,0.0072,,50.0,0.0
Costa Rica,2020-06-15,1662.0,329.0,743.0,12.0,0.0072,,0.0,0.0
Costa Rica,2020-06-16,1744.0,345.0,771.0,12.0,0.0069,,82.0,0.0
Costa Rica,2020-06-17,1796.0,355.0,794.0,12.0,0.0067,,52.0,0.0
Costa Rica,2020-06-18,1871.0,370.0,899.0,12.0,0.0064,,75.0,0.0
Costa Rica,2020-06-19,1939.0,383.0,937.0,12.0,0.0062,,68.0,0.0
Costa Rica,2020-06-20,2058.0,407.0,982.0,12.0,0.0058,,119.0,0.0
Costa Rica,2020-06-21,2127.0,421.0,1014.0,12.0,0.0056,,69.0,0.0
Costa Rica,2020-06-22,2213.0,438.0,1032.0,12.0,0.0054,,86.0,0.0
Costa Rica,2020-06-23,2213.0,438.0,1032.0,12.0,0.0054,,0.0,0.0
Costa Rica,2020-06-24,2368.0,468.0,1129.0,12.0,0.0051,,155.0,0.0
Costa Rica,2020-06-25,2515.0,497.0,1210.0,12.0,0.0048,,147.0,0.0
Costa Rica,2020-06-26,2684.0,531.0,1227.0,12.0,0.0045,,169.0,0.0
Costa Rica,2020-06-27,2836.0,561.0,1280.0,12.0,0.0042,,152.0,0.0
Costa Rica,2020-06-28,2836.0,561.0,1280.0,12.0,0.0042,,0.0,0.0
Costa Rica,2020-06-29,3130.0,619.0,1366.0,125.0,0.0399,,294.0,113.0
Costa Rica,2020-06-30,3269.0,646.0,1394.0,15.0,0.0046,,139.0,0.0
Costa Rica,2020-07-01,3269.0,646.0,1394.0,15.0,0.0046,,0.0,0.0
Costa Rica,2020-07-02,3753.0,742.0,1516.0,16.0,0.0043,,484.0,1.0
Costa Rica,2020-07-03,3753.0,742.0,1516.0,16.0,0.0043,,0.0,0.0
Costa Rica,2020-07-04,4311.0,852.0,1657.0,18.0,0.0042,,558.0,2.0
Costa Rica,2020-07-05,4311.0,852.0,1657.0,18.0,0.0042,,0.0,0.0
Costa Rica,2020-07-06,4996.0,988.0,1745.0,19.0,0.0038,,685.0,1.0
Costa Rica,2020-07-07,5241.0,1036.0,1776.0,23.0,0.0044,,245.0,4.0
Costa Rica,2020-07-09,5241.0,1036.0,1776.0,23.0,0.0044,,0.0,0.0
Costa Rica,2020-07-10,5836.0,1154.0,1929.0,24.0,0.0041,,595.0,1.0
Costa Rica,2020-07-11,6845.0,1353.0,2110.0,26.0,0.0038,,1009.0,2.0
Costa Rica,2020-07-12,6845.0,1353.0,2110.0,26.0,0.0038,,0.0,0.0
Costa Rica,2020-07-13,6845.0,1353.0,2110.0,26.0,0.0038,,0.0,0.0
Costa Rica,2020-07-14,8036.0,1589.0,2304.0,31.0,0.0039,,1191.0,5.0
Costa Rica,2020-07-15,8482.0,1677.0,0.0,36.0,0.0042,,446.0,5.0
Costa Rica,2020-07-16,8482.0,1677.0,0.0,36.0,0.0042,,0.0,0.0
Costa Rica,2020-07-18,9969.0,1971.0,0.0,47.0,0.0047,,1487.0,11.0
Costa Rica,2020-07-19,10551.0,2086.0,2902.0,454.0,0.043,,582.0,407.0
Costa Rica,2020-07-19,10551.0,2086.0,2902.0,454.0,0.043,,0.0,0.0
Costa Rica,2020-07-21,10551.0,2086.0,2902.0,54.0,0.0051,,0.0,0.0
Costa Rica,2020-07-22,11811.0,2335.0,3194.0,68.0,0.0058,,1260.0,14.0
Costa Rica,2020-07-23,11811.0,2335.0,3194.0,68.0,0.0058,,0.0,0.0
Costa Rica,2020-07-24,12361.0,2444.0,3322.0,71.0,0.0057,,550.0,3.0
Costa Rica,2020-07-25,13669.0,2702.0,3505.0,87.0,0.0064,,1308.0,16.0
Costa Rica,2020-07-26,14600.0,2887.0,3640.0,98.0,0.0067,,931.0,11.0
Costa Rica,2020-07-27,15229.0,3011.0,3736.0,104.0,0.0068,,629.0,6.0
Costa Rica,2020-07-28,15841.0,3132.0,3824.0,115.0,0.0073,,612.0,11.0
Costa Rica,2020-07-29,16344.0,3231.0,3920.0,125.0,0.0076,,503.0,10.0
Costa Rica,2020-07-30,16344.0,3231.0,3920.0,125.0,0.0076,,0.0,0.0
Costa Rica,2020-07-31,17290.0,3418.0,4280.0,140.0,0.0081,,946.0,15.0
Costa Rica,2020-08-01,17820.0,3523.0,4404.0,150.0,0.0084,,530.0,10.0
Costa Rica,2020-08-02,18187.0,3596.0,4531.0,154.0,0.0085,,367.0,4.0
Costa Rica,2020-08-03,18975.0,3751.0,4585.0,162.0,0.0085,,788.0,8.0
Costa Rica,2020-08-04,18975.0,3751.0,4585.0,162.0,0.0085,,0.0,0.0
Costa Rica,2020-08-05,19402.0,3836.0,4689.0,171.0,0.0088,,427.0,9.0
Costa Rica,2020-08-06,19837.0,3922.0,6590.0,181.0,0.0091,,435.0,10.0
Costa Rica,2020-08-07,20417.0,4037.0,6851.0,191.0,0.0094,,580.0,10.0
Costa Rica,2020-08-08,21070.0,4166.0,7038.0,200.0,0.0095,,653.0,9.0
Costa Rica,2020-08-09,22802.0,4508.0,7589.0,228.0,0.01,,1732.0,28.0
Costa Rica,2020-08-10,23286.0,4604.0,7730.0,235.0,0.0101,,484.0,7.0
Costa Rica,2020-08-11,23872.0,4720.0,7823.0,244.0,0.0102,,586.0,9.0
Costa Rica,2020-08-12,24508.0,4845.0,7971.0,255.0,0.0104,,636.0,11.0
Costa Rica,2020-08-13,24508.0,4845.0,7971.0,255.0,0.0104,,0.0,0.0
Costa Rica,2020-08-14,25057.0,4954.0,8189.0,263.0,0.0105,,549.0,8.0
Costa Rica,2020-08-15,26129.0,5166.0,8412.0,272.0,0.0104,,1072.0,9.0
Costa Rica,2020-08-16,26931.0,5324.0,8785.0,281.0,0.0104,,802.0,9.0
Costa Rica,2020-08-17,28465.0,5628.0,9062.0,294.0,0.0103,,1534.0,13.0
Costa Rica,2020-08-18,29084.0,5750.0,9233.0,303.0,0.0104,,619.0,9.0
Costa Rica,2020-08-19,29643.0,5861.0,9462.0,314.0,0.0106,,559.0,11.0
Costa Rica,2020-08-20,30409.0,6012.0,9660.0,321.0,0.0106,,766.0,7.0
Costa Rica,2020-08-22,32134.0,6353.0,10159.0,340.0,0.0106,,1725.0,19.0
Costa Rica,2020-08-23,32134.0,6353.0,10159.0,340.0,0.0106,,0.0,0.0
Costa Rica,2020-08-24,33820.0,6686.0,10518.0,355.0,0.0105,,1686.0,15.0
Costa Rica,2020-08-25,33820.0,6686.0,10518.0,355.0,0.0105,,0.0,0.0
Costa Rica,2020-08-26,34463.0,6814.0,12758.0,362.0,0.0105,,643.0,7.0
Costa Rica,2020-08-27,36307.0,7178.0,13317.0,386.0,0.0106,,1844.0,24.0
Costa Rica,2020-08-28,37292.0,7373.0,13471.0,397.0,0.0106,,985.0,11.0
Costa Rica,2020-08-29,38485.0,7609.0,14664.0,407.0,0.0106,,1193.0,10.0
Costa Rica,2020-08-30,39699.0,7849.0,15737.0,418.0,0.0105,,1214.0,11.0
Costa Rica,2020-08-31,39699.0,7849.0,15737.0,418.0,0.0105,,0.0,0.0
Costa Rica,2020-09-01,39699.0,7849.0,15737.0,418.0,0.0105,,0.0,0.0
Costa Rica,2020-09-02,41287.0,8163.0,16056.0,436.0,0.0106,,1588.0,18.0
Costa Rica,2020-09-03,42184.0,8340.0,16270.0,443.0,0.0105,,897.0,7.0
Costa Rica,2020-09-04,44458.0,8790.0,17855.0,460.0,0.0103,,2274.0,17.0
Costa Rica,2020-09-05,44458.0,8790.0,17855.0,460.0,0.0103,,0.0,0.0
Costa Rica,2020-09-07,46920.0,9276.0,18211.0,478.0,0.0102,,2462.0,18.0
Costa Rica,2020-09-08,48780.0,9644.0,19083.0,510.0,0.0105,,1860.0,32.0
Costa Rica,2020-09-09,49897.0,9865.0,19285.0,531.0,0.0106,,1117.0,21.0
Costa Rica,2020-09-10,49897.0,9865.0,19285.0,531.0,0.0106,,0.0,0.0
Costa Rica,2020-09-11,51224.0,10127.0,19544.0,543.0,0.0106,,1327.0,12.0
Costa Rica,2020-09-12,52549.0,10389.0,20322.0,567.0,0.0108,,1325.0,24.0
Costa Rica,2020-09-13,53969.0,10670.0,20710.0,583.0,0.0108,,1420.0,16.0
Costa Rica,2020-09-14,55454.0,10964.0,20928.0,590.0,0.0106,,1485.0,7.0
Costa Rica,2020-09-15,57361.0,11341.0,21206.0,621.0,0.0108,,1907.0,31.0
Costa Rica,2020-09-16,58138.0,11494.0,21536.0,633.0,0.0109,,777.0,12.0
Costa Rica,2020-09-17,59516.0,11767.0,21752.0,649.0,0.0109,,1378.0,16.0
Costa Rica,2020-09-18,60818.0,12024.0,22662.0,666.0,0.011000000000000001,,1302.0,17.0
Costa Rica,2020-09-20,62374.0,12332.0,23160.0,686.0,0.011000000000000001,,1556.0,20.0
Costa Rica,2020-09-21,63712.0,12596.0,23552.0,706.0,0.0111,,1338.0,20.0
Costa Rica,2020-09-22,65602.0,12970.0,25127.0,745.0,0.0114,,1890.0,39.0
Costa Rica,2020-09-23,65602.0,12970.0,25127.0,745.0,0.0114,,0.0,0.0
Costa Rica,2020-09-24,66689.0,0.0,,760.0,0.0114,13185.0,1087.0,15.0
Costa Rica,2020-09-25,68059.0,0.0,,781.0,0.0115,13456.0,1370.0,21.0
Costa Rica,2020-09-26,70816.0,0.0,,812.0,0.0115,14001.0,2757.0,31.0
Costa Rica,2020-09-27,70816.0,0.0,,812.0,0.0115,14001.0,0.0,0.0
Costa Rica,2020-09-28,72049.0,0.0,,828.0,0.0115,14245.0,1233.0,16.0
Costa Rica,2020-09-29,73714.0,0.0,,861.0,0.0117,14574.0,1665.0,33.0
Costa Rica,2020-09-30,73714.0,0.0,,861.0,0.0117,14574.0,0.0,0.0
Costa Rica,2020-10-02,75760.0,0.0,,904.0,0.0119,14978.0,2046.0,43.0
Costa Rica,2020-10-03,76828.0,0.0,,917.0,0.0119,15189.0,1068.0,13.0
Costa Rica,2020-10-04,77829.0,0.0,,930.0,0.0119,15387.0,1001.0,13.0
Costa Rica,2020-10-05,79182.0,0.0,,950.0,0.012,15655.0,1353.0,20.0
Costa Rica,2020-10-06,79182.0,0.0,,950.0,0.012,15655.0,0.0,0.0
Costa Rica,2020-10-08,82142.0,0.0,,1004.0,0.0122,16240.0,2960.0,54.0
Costa Rica,2020-10-09,83497.0,0.0,,1024.0,0.0123,16508.0,1355.0,20.0
