Location,Date,Confirmed,Case_Per_1M_people,Recovered,Deaths,Mortality,Cases per 1 million people,NewCases,NewConfirmed,NewDeaths
Cyprus,2020-03-31,225.0,182.11,18.0,6.0,0.026666667,,,0.0,0.0
Cyprus,2020-04-01,225.0,182.11,18.0,6.0,0.02666666666666667,,,0.0,0.0
Cyprus,2020-04-02,315.0,254.95,18.0,9.0,0.028571428571428567,,,90.0,3.0
Cyprus,2020-04-03,315.0,254.95,18.0,9.0,0.028571428571428567,,,0.0,0.0
Cyprus,2020-04-07,455.0,519.47,37.0,14.0,0.030769230769230767,,,140.0,5.0
Cyprus,2020-04-10,554.0,632.49,53.0,10.0,0.018050541516245487,,,99.0,0.0
Cyprus,2020-04-11,585.0,667.88,58.0,10.0,0.017094017094017096,,,31.0,0.0
Cyprus,2020-04-12,606.0,691.86,58.0,10.0,0.0165016501650165,,,21.0,0.0
Cyprus,2020-04-14,652.0,744.38,65.0,12.0,0.018404907975460124,,,46.0,2.0
Cyprus,2020-04-17,725.0,827.72,77.0,12.0,0.01655172413793104,,,73.0,0.0
Cyprus,2020-04-18,750.0,856.26,77.0,12.0,0.016,,,25.0,0.0
Cyprus,2020-04-20,767.0,875.67,79.0,12.0,0.01564537157757497,,,17.0,0.0
Cyprus,2020-04-22,784.0,895.08,98.0,12.0,0.015306122448979591,,,17.0,0.0
Cyprus,2020-04-23,790.0,901.93,98.0,17.0,0.021518987341772152,,,6.0,5.0
Cyprus,2020-04-24,795.0,907.64,98.0,17.0,0.021383647798742137,,,5.0,0.0
Cyprus,2020-04-25,804.0,917.91,98.0,17.0,0.02114427860696517,,,9.0,0.0
Cyprus,2020-04-26,810.0,924.76,148.0,17.0,0.020987654320987655,,,6.0,0.0
Cyprus,2020-04-27,817.0,932.75,148.0,17.0,0.0208078335373317,,,7.0,0.0
Cyprus,2020-04-28,822.0,938.46,148.0,17.0,0.02068126520681265,,,5.0,0.0
Cyprus,2020-04-29,837.0,955.59,148.0,20.0,0.023894862604540025,,,15.0,3.0
Cyprus,2020-04-30,837.0,955.59,148.0,20.0,0.023894862604540025,,,0.0,0.0
Cyprus,2020-05-01,850.0,970.0,148.0,20.0,0.023529411764705882,,,13.0,0.0
Cyprus,2020-05-02,857.0,978.0,296.0,20.0,0.023337222870478413,,,7.0,0.0
Cyprus,2020-05-03,864.0,986.0,296.0,20.0,0.023148148148148147,,,7.0,0.0
Cyprus,2020-05-04,864.0,986.0,296.0,20.0,0.023148148148148147,,,0.0,0.0
Cyprus,2020-05-05,874.0,998.0,296.0,20.0,0.02288329519450801,,,10.0,0.0
Cyprus,2020-05-06,878.0,1002.0,296.0,15.0,0.017084282460136675,,,4.0,0.0
Cyprus,2020-05-07,883.0,1008.0,296.0,15.0,0.01698754246885617,,,5.0,0.0
Cyprus,2020-05-08,889.0,1015.0,400.0,15.0,0.016872890888638917,,,6.0,0.0
Cyprus,2020-05-09,891.0,1017.0,400.0,15.0,0.016835016835016838,,,2.0,0.0
Cyprus,2020-05-10,892.0,1018.0,401.0,15.0,0.016816143497757848,,,1.0,0.0
Cyprus,2020-05-11,898.0,1025.0,401.0,16.0,0.017817371937639197,,,6.0,1.0
Cyprus,2020-05-12,901.0,1029.0,401.0,16.0,0.01775804661487236,,,3.0,0.0
Cyprus,2020-05-13,903.0,1031.0,449.0,16.0,0.017718715393133997,,,2.0,0.0
Cyprus,2020-05-15,907.0,1036.0,449.0,17.0,0.018743109151047408,,,4.0,1.0
Cyprus,2020-05-16,910.0,1039.0,481.0,17.0,0.01868131868131868,,,3.0,0.0
Cyprus,2020-05-17,914.0,1043.0,515.0,17.0,0.018599562363238512,,,4.0,0.0
Cyprus,2020-05-18,916.0,1046.0,515.0,17.0,0.018558951965065504,,,2.0,0.0
Cyprus,2020-05-19,917.0,1047.0,515.0,17.0,0.018538713195201745,,,1.0,0.0
Cyprus,2020-05-20,918.0,1048.0,515.0,17.0,0.018518518518518517,,,1.0,0.0
,2020-05-21,,,,,,,,,
Cyprus,2020-05-22,923.0,1054.0,561.0,17.0,0.018418201516793062,,,,
Cyprus,2020-05-23,927.0,1058.0,561.0,17.0,0.018338727076591156,,,4.0,0.0
Cyprus,2020-05-24,927.0,1058.0,594.0,17.0,0.018338727076591156,,,0.0,0.0
Cyprus,2020-05-25,935.0,1067.0,594.0,17.0,0.01818181818181818,,,8.0,0.0
Cyprus,2020-05-26,937.0,1070.0,594.0,17.0,0.01814300960512273,,,2.0,0.0
Cyprus,2020-05-27,939.0,1072.0,594.0,17.0,0.01810436634717785,,,2.0,0.0
Cyprus,2020-05-28,939.0,1072.0,594.0,17.0,0.01810436634717785,,,0.0,0.0
Cyprus,2020-05-29,941.0,1074.0,784.0,17.0,0.018065887353878853,,,2.0,0.0
Cyprus,2020-05-30,942.0,1075.0,784.0,17.0,0.01804670912951168,,,1.0,0.0
Cyprus,2020-05-31,944.0,1078.0,790.0,17.0,0.018008474576271187,,,2.0,0.0
Cyprus,2020-06-01,944.0,1078.0,790.0,17.0,0.018008474576271187,,,0.0,0.0
Cyprus,2020-06-02,949.0,1083.0,790.0,17.0,0.01791359325605901,,,5.0,0.0
Cyprus,2020-06-03,952.0,1087.0,790.0,17.0,0.0179,,,3.0,0.0
Cyprus,2020-06-04,958.0,1094.0,790.0,17.0,0.0177,,,6.0,0.0
Cyprus,2020-06-05,958.0,1094.0,790.0,17.0,0.0177,,,0.0,0.0
Cyprus,2020-06-06,960.0,1096.0,807.0,17.0,0.0177,,,2.0,0.0
Cyprus,2020-06-07,960.0,1096.0,807.0,17.0,0.0177,,,0.0,0.0
Cyprus,2020-06-08,964.0,1101.0,807.0,18.0,0.0187,,,4.0,1.0
Cyprus,2020-06-09,970.0,1107.0,807.0,18.0,0.0186,,,6.0,0.0
Cyprus,2020-06-10,972.0,1110.0,807.0,18.0,0.0185,,,2.0,0.0
Cyprus,2020-06-12,975.0,1113.0,807.0,18.0,0.0185,,,3.0,0.0
Cyprus,2020-06-13,980.0,1119.0,807.0,18.0,0.0184,,,5.0,0.0
Cyprus,2020-06-14,980.0,1119.0,807.0,18.0,0.0184,,,0.0,0.0
Cyprus,2020-06-15,980.0,1119.0,807.0,18.0,0.0184,,,0.0,0.0
Cyprus,2020-06-16,985.0,1125.0,807.0,18.0,0.0183,,,5.0,0.0
Cyprus,2020-06-17,985.0,1125.0,816.0,18.0,0.0183,,,0.0,0.0
Cyprus,2020-06-18,985.0,1125.0,816.0,18.0,0.0183,,,0.0,0.0
Cyprus,2020-06-19,985.0,1125.0,818.0,19.0,0.0193,,,0.0,1.0
Cyprus,2020-06-20,985.0,1125.0,818.0,19.0,0.0193,,,0.0,0.0
Cyprus,2020-06-21,985.0,1125.0,818.0,19.0,0.0193,,,0.0,0.0
Cyprus,2020-06-22,986.0,1126.0,824.0,19.0,0.0193,,,1.0,0.0
Cyprus,2020-06-23,986.0,1126.0,824.0,19.0,0.0193,,,0.0,0.0
Cyprus,2020-06-24,990.0,1130.0,824.0,19.0,0.0192,,,4.0,0.0
Cyprus,2020-06-25,991.0,1131.0,824.0,19.0,0.0192,,,1.0,0.0
Cyprus,2020-06-26,992.0,1133.0,824.0,19.0,0.0192,,,1.0,0.0
Cyprus,2020-06-27,992.0,1133.0,824.0,19.0,0.0192,,,0.0,0.0
Cyprus,2020-06-28,992.0,1133.0,824.0,19.0,0.0192,,,0.0,0.0
Cyprus,2020-06-29,992.0,1133.0,824.0,19.0,0.0192,,,0.0,0.0
Cyprus,2020-06-30,996.0,1137.0,833.0,19.0,0.0191,,,4.0,0.0
Cyprus,2020-07-01,996.0,1137.0,833.0,19.0,0.0191,,,0.0,0.0
Cyprus,2020-07-02,996.0,1137.0,833.0,19.0,0.0191,,,0.0,0.0
Cyprus,2020-07-03,999.0,1141.0,833.0,19.0,0.019,,,3.0,0.0
Cyprus,2020-07-04,999.0,1141.0,833.0,19.0,0.019,,,0.0,0.0
Cyprus,2020-07-05,999.0,1141.0,833.0,19.0,0.019,,,0.0,0.0
Cyprus,2020-07-06,1003.0,1145.0,839.0,19.0,0.0189,,,4.0,0.0
Cyprus,2020-07-07,1004.0,1146.0,839.0,19.0,0.0189,,,1.0,0.0
Cyprus,2020-07-09,1008.0,1151.0,839.0,19.0,0.0188,,,4.0,0.0
Cyprus,2020-07-10,1008.0,1151.0,839.0,19.0,0.0188,,,0.0,0.0
Cyprus,2020-07-11,1013.0,1157.0,839.0,19.0,0.0188,,,5.0,0.0
Cyprus,2020-07-12,1013.0,1157.0,839.0,19.0,0.0188,,,0.0,0.0
Cyprus,2020-07-14,1021.0,1166.0,0.0,19.0,0.0186,,,8.0,0.0
Cyprus,2020-07-15,1022.0,1167.0,0.0,19.0,0.0186,,,1.0,0.0
Cyprus,2020-07-16,1022.0,1167.0,0.0,19.0,0.0186,,,0.0,0.0
Cyprus,2020-07-18,1031.0,1177.0,0.0,19.0,0.0184,,,9.0,0.0
Cyprus,2020-07-19,1031.0,1177.0,0.0,19.0,0.0184,,,0.0,0.0
Cyprus,2020-07-19,1037.0,1184.0,845.0,19.0,0.0183,,,6.0,0.0
Cyprus,2020-07-21,1037.0,1184.0,845.0,19.0,0.0183,,,0.0,0.0
Cyprus,2020-07-22,1038.0,1185.0,0.0,19.0,0.0183,,,1.0,0.0
Cyprus,2020-07-23,1040.0,1187.0,0.0,19.0,0.0183,,,2.0,0.0
Cyprus,2020-07-24,1040.0,1187.0,847.0,19.0,0.0183,,,0.0,0.0
Cyprus,2020-07-25,1047.0,1195.0,847.0,19.0,0.0181,,,7.0,0.0
Cyprus,2020-07-26,1047.0,1195.0,847.0,19.0,0.0181,,,0.0,0.0
Cyprus,2020-07-27,1057.0,1207.0,847.0,19.0,0.018000000000000002,,,10.0,0.0
Cyprus,2020-07-28,1060.0,1210.0,852.0,19.0,0.0179,,,3.0,0.0
Cyprus,2020-07-29,1067.0,1218.0,852.0,19.0,0.0178,,,7.0,0.0
Cyprus,2020-07-30,1067.0,1218.0,852.0,19.0,0.0178,,,0.0,0.0
Cyprus,2020-07-31,1080.0,1233.0,852.0,19.0,0.0176,,,13.0,0.0
Cyprus,2020-08-01,1114.0,1272.0,852.0,19.0,0.0171,,,34.0,0.0
Cyprus,2020-08-02,1124.0,1283.0,852.0,19.0,0.0169,,,10.0,0.0
Cyprus,2020-08-03,1124.0,1283.0,852.0,19.0,0.0169,,,0.0,0.0
Cyprus,2020-08-04,1150.0,1313.0,856.0,19.0,0.0165,,,26.0,0.0
Cyprus,2020-08-05,1155.0,1319.0,856.0,19.0,0.0165,,,5.0,0.0
Cyprus,2020-08-06,1180.0,1347.0,856.0,19.0,0.0161,,,25.0,0.0
Cyprus,2020-08-07,1195.0,1364.0,856.0,19.0,0.0159,,,15.0,0.0
Cyprus,2020-08-08,1208.0,1379.0,856.0,19.0,0.0157,,,13.0,0.0
Cyprus,2020-08-09,1222.0,1395.0,856.0,19.0,0.0155,,,14.0,0.0
Cyprus,2020-08-10,1242.0,1418.0,870.0,19.0,0.0153,,,20.0,0.0
Cyprus,2020-08-11,1252.0,1429.0,870.0,19.0,0.0152,,,10.0,0.0
Cyprus,2020-08-12,1252.0,1429.0,870.0,19.0,0.0152,,,0.0,0.0
Cyprus,2020-08-13,1277.0,1458.0,870.0,20.0,0.0157,,,25.0,1.0
Cyprus,2020-08-14,1291.0,1474.0,0.0,20.0,0.0155,,,14.0,0.0
Cyprus,2020-08-15,1291.0,1474.0,0.0,20.0,0.0155,,,0.0,0.0
Cyprus,2020-08-16,1318.0,1505.0,0.0,20.0,0.0152,,,27.0,0.0
Cyprus,2020-08-17,1339.0,1529.0,870.0,20.0,0.0149,,,21.0,0.0
Cyprus,2020-08-18,1339.0,1529.0,870.0,20.0,0.0149,,,0.0,0.0
Cyprus,2020-08-19,1359.0,1552.0,870.0,20.0,0.0147,,,20.0,0.0
Cyprus,2020-08-20,1359.0,1552.0,870.0,20.0,0.0147,,,0.0,0.0
Cyprus,2020-08-22,1359.0,1552.0,870.0,20.0,0.0147,,,0.0,0.0
Cyprus,2020-08-23,1395.0,1593.0,0.0,21.0,0.0151,,,36.0,1.0
Cyprus,2020-08-24,1395.0,1593.0,0.0,21.0,0.0151,,,0.0,0.0
Cyprus,2020-08-25,1395.0,1593.0,0.0,21.0,0.0151,,,0.0,0.0
Cyprus,2020-08-26,1460.0,1667.0,0.0,21.0,0.0144,,,65.0,0.0
Cyprus,2020-08-27,1460.0,1667.0,0.0,21.0,0.0144,,,0.0,0.0
Cyprus,2020-08-28,1460.0,1667.0,0.0,21.0,0.0144,,,0.0,0.0
Cyprus,2020-08-29,1481.0,1691.0,935.0,20.0,0.0135,,,21.0,0.0
Cyprus,2020-08-30,1484.0,1694.0,0.0,21.0,0.0142,,,3.0,1.0
Cyprus,2020-08-31,1484.0,1694.0,0.0,21.0,0.0142,,,0.0,0.0
Cyprus,2020-09-01,1484.0,1694.0,0.0,21.0,0.0142,,,0.0,0.0
Cyprus,2020-09-02,1487.0,1698.0,0.0,21.0,0.0141,,,3.0,0.0
Cyprus,2020-09-03,1487.0,1698.0,0.0,21.0,0.0141,,,0.0,0.0
Cyprus,2020-09-04,1487.0,1698.0,0.0,21.0,0.0141,,,0.0,0.0
Cyprus,2020-09-05,1498.0,1710.0,1139.0,21.0,0.013999999999999999,,,11.0,0.0
Cyprus,2020-09-07,1498.0,1710.0,1139.0,21.0,0.013999999999999999,,,0.0,0.0
Cyprus,2020-09-08,1498.0,1710.0,1139.0,21.0,0.013999999999999999,,,0.0,0.0
Cyprus,2020-09-09,1510.0,1724.0,1237.0,22.0,0.0146,,,12.0,1.0
Cyprus,2020-09-10,1510.0,1724.0,1237.0,22.0,0.0146,,,0.0,0.0
Cyprus,2020-09-11,1510.0,1724.0,1237.0,22.0,0.0146,,,0.0,0.0
Cyprus,2020-09-12,1510.0,1724.0,1237.0,22.0,0.0146,,,0.0,0.0
Cyprus,2020-09-13,1517.0,1732.0,0.0,21.0,0.0138,,,7.0,0.0
Cyprus,2020-09-14,1517.0,1732.0,0.0,21.0,0.0138,,,0.0,0.0
Cyprus,2020-09-15,1526.0,1742.0,1237.0,22.0,0.0144,,,9.0,1.0
Cyprus,2020-09-16,1526.0,1742.0,1237.0,22.0,0.0144,,,0.0,0.0
Cyprus,2020-09-17,1534.0,1751.0,0.0,22.0,0.0143,,,8.0,0.0
Cyprus,2020-09-18,1534.0,1751.0,0.0,22.0,0.0143,,,0.0,0.0
Cyprus,2020-09-20,1558.0,1779.0,0.0,22.0,0.0141,,,24.0,0.0
Cyprus,2020-09-21,1558.0,1779.0,0.0,22.0,0.0141,,,0.0,0.0
Cyprus,2020-09-22,1558.0,1779.0,0.0,22.0,0.0141,,,0.0,0.0
Cyprus,2020-09-23,1558.0,1779.0,0.0,22.0,0.0141,,,0.0,0.0
Cyprus,2020-09-24,1603.0,0.0,,22.0,0.0137,1830.0,,45.0,0.0
Cyprus,2020-09-25,1603.0,0.0,,22.0,0.0137,1830.0,,0.0,0.0
Cyprus,2020-09-26,1671.0,0.0,,22.0,0.0132,1908.0,,68.0,0.0
Cyprus,2020-09-27,1671.0,0.0,,22.0,0.0132,1908.0,,0.0,0.0
Cyprus,2020-09-28,1671.0,0.0,,22.0,0.0132,1908.0,,0.0,0.0
Cyprus,2020-09-29,1671.0,0.0,,22.0,0.0132,1908.0,,0.0,0.0
Cyprus,2020-09-30,1671.0,0.0,,22.0,0.0132,1908.0,,0.0,0.0
Cyprus,2020-10-02,1755.0,0.0,,22.0,0.0125,2004.0,,84.0,0.0
Cyprus,2020-10-03,1772.0,0.0,,22.0,0.0124,2023.0,,17.0,0.0
Cyprus,2020-10-04,1789.0,0.0,,22.0,0.0123,2042.0,,17.0,0.0
Cyprus,2020-10-05,1811.0,0.0,,22.0,0.0121,2068.0,,22.0,0.0
Cyprus,2020-10-06,1824.0,0.0,,22.0,0.0121,2082.0,,13.0,0.0
Cyprus,2020-10-08,1876.0,0.0,,23.0,0.0123,2142.0,,52.0,1.0
Cyprus,2020-10-09,1897.0,0.0,,24.0,0.0127,2166.0,,21.0,1.0
Cyprus,2020-10-10,1918.0,0.0,,24.0,0.0125,2190.0,,21.0,0.0
Cyprus,2020-10-11,1951.0,0.0,,25.0,0.0128,2227.0,,33.0,1.0
Cyprus,2020-10-12,1986.0,0.0,,25.0,0.0126,2267.0,,35.0,0.0
Cyprus,2020-10-13,2006.0,0.0,,25.0,0.0125,2290.0,,20.0,0.0
Cyprus,2020-10-14,2047.0,0.0,,25.0,0.0122,2337.0,,41.0,0.0
Cyprus,2020-10-15,2130.0,0.0,,25.0,0.0117,2432.0,,83.0,0.0
Cyprus,2020-10-18,2379.0,0.0,,25.0,0.0105,2716.0,,249.0,0.0
Cyprus,2020-10-19,2581.0,0.0,,25.0,0.0097,2947.0,,202.0,0.0
Cyprus,2020-10-20,2644.0,0.0,,25.0,0.0095,3019.0,,63.0,0.0
Cyprus,2020-10-22,2839.0,0.0,,25.0,0.0088,3241.0,,195.0,0.0
Cyprus,2020-10-23,2966.0,0.0,,25.0,0.0084,3386.0,,127.0,0.0
Cyprus,2020-10-24,3154.0,0.0,,25.0,0.0079,3601.0,,188.0,0.0
Cyprus,2020-10-25,3314.0,0.0,,25.0,0.0075,3784.0,,160.0,0.0
Cyprus,2020-10-26,3444.0,0.0,,25.0,0.0073,3932.0,,130.0,0.0
Cyprus,2020-10-27,3545.0,0.0,,25.0,0.0071,4047.0,,101.0,0.0
Cyprus,2020-10-28,3817.0,4358.0,,25.0,0.0065,,181.0,272.0,0.0
Cyprus,2020-10-29,3817.0,4358.0,,25.0,0.0065,,181.0,0.0,0.0
Cyprus,2020-10-30,3930.0,4487.0,,25.0,0.0064,,113.0,113.0,0.0
Cyprus,2020-10-31,4051.0,4625.0,,25.0,0.0062,,121.0,121.0,0.0
Cyprus,2020-11-01,4217.0,4814.0,,25.0,0.0059,,166.0,166.0,0.0
Cyprus,2020-11-02,4366.0,4985.0,,26.0,0.006,,149.0,149.0,1.0
Cyprus,2020-11-03,4563.0,5209.0,,26.0,0.0057,,197.0,197.0,0.0
Cyprus,2020-11-04,4760.0,5434.0,,27.0,0.0057,,197.0,197.0,1.0
Cyprus,2020-11-05,4934.0,5633.0,,27.0,0.0055,,174.0,174.0,0.0
Cyprus,2020-11-06,5100.0,5823.0,,27.0,0.0053,,166.0,166.0,0.0
Cyprus,2020-11-07,5333.0,6089.0,,27.0,0.0051,,233.0,233.0,0.0
Cyprus,2020-11-08,5557.0,6344.0,,27.0,0.0049,,224.0,224.0,0.0
Cyprus,2020-11-09,5871.0,6703.0,,35.0,0.006,,314.0,314.0,8.0
Cyprus,2020-11-10,5987.0,6835.0,,28.0,0.0047,,116.0,116.0,0.0
Cyprus,2020-11-11,6098.0,6962.0,,28.0,0.0046,,111.0,111.0,0.0
Cyprus,2020-11-12,6296.0,7188.0,,29.0,0.0046,,198.0,198.0,1.0
Cyprus,2020-11-13,6461.0,7376.0,,33.0,0.0051,,165.0,165.0,4.0
Cyprus,2020-11-15,6853.0,7824.0,,38.0,0.0055,,207.0,392.0,5.0
Cyprus,2020-11-16,7051.0,8050.0,,39.0,0.0055,,198.0,198.0,1.0
Cyprus,2020-11-17,7178.0,8195.0,,39.0,0.0054,,127.0,127.0,0.0
Cyprus,2020-11-18,7285.0,8317.0,,40.0,0.0055,,107.0,107.0,1.0
Cyprus,2020-11-19,7513.0,8577.0,,40.0,0.0053,,228.0,228.0,0.0
Cyprus,2020-11-20,7711.0,8804.0,,41.0,0.0053,,198.0,198.0,1.0
Cyprus,2020-11-21,7979.0,9109.0,,41.0,0.0051,,268.0,268.0,0.0
Cyprus,2020-11-22,8211.0,9374.0,,43.0,0.0052,,232.0,232.0,2.0
