Location,Date,Confirmed,Case_Per_1M_people,Recovered,Deaths,Mortality,Cases per 1 million people,NewCases,NewConfirmed,NewDeaths
Democratic Republic of the Congo,2020-03-31,81.0,0.92,2.0,8.0,0.09876543199999999,,,0.0,0.0
Democratic Republic of the Congo,2020-04-01,98.0,1.12,2.0,8.0,0.08163265306122447,,,17.0,0.0
Democratic Republic of the Congo,2020-04-02,109.0,1.24,3.0,9.0,0.08256880733944955,,,11.0,1.0
Democratic Republic of the Congo,2020-04-03,134.0,1.53,3.0,13.0,0.09701492537313433,,,25.0,4.0
Democratic Republic of the Congo,2020-04-07,161.0,1.8,5.0,18.0,0.11180124223602483,,,27.0,5.0
Democratic Republic of the Congo,2020-04-10,180.0,2.01,9.0,18.0,0.1,,,19.0,0.0
Democratic Republic of the Congo,2020-04-11,215.0,2.4,13.0,20.0,0.09302325581395347,,,35.0,2.0
Democratic Republic of the Congo,2020-04-12,223.0,2.49,16.0,20.0,0.08968609865470853,,,8.0,0.0
Democratic Republic of the Congo,2020-04-14,235.0,2.62,17.0,20.0,0.0851063829787234,,,12.0,0.0
Democratic Republic of the Congo,2020-04-17,267.0,2.98,23.0,22.0,0.08239700374531835,,,32.0,2.0
Democratic Republic of the Congo,2020-04-18,287.0,3.2,25.0,23.0,0.08013937282229965,,,20.0,1.0
Democratic Republic of the Congo,2020-04-20,327.0,3.65,26.0,25.0,0.0764525993883792,,,40.0,2.0
Democratic Republic of the Congo,2020-04-22,350.0,3.91,35.0,25.0,0.07142857142857142,,,23.0,0.0
Democratic Republic of the Congo,2020-04-23,359.0,4.01,45.0,25.0,0.06963788300835655,,,9.0,0.0
Democratic Republic of the Congo,2020-04-24,394.0,4.4,51.0,25.0,0.06345177664974619,,,35.0,0.0
Democratic Republic of the Congo,2020-04-25,394.0,4.4,52.0,25.0,0.06345177664974619,,,0.0,0.0
Democratic Republic of the Congo,2020-04-26,416.0,4.64,49.0,28.0,0.0673076923076923,,,22.0,3.0
Democratic Republic of the Congo,2020-04-27,442.0,4.94,50.0,28.0,0.06334841628959276,,,26.0,0.0
Democratic Republic of the Congo,2020-04-28,459.0,5.12,50.0,28.0,0.06100217864923747,,,17.0,0.0
Democratic Republic of the Congo,2020-04-29,471.0,5.26,56.0,30.0,0.06369426751592358,,,12.0,2.0
Democratic Republic of the Congo,2020-04-30,471.0,5.26,56.0,30.0,0.06369426751592358,,,0.0,0.0
Democratic Republic of the Congo,2020-05-01,500.0,6.0,65.0,31.0,0.062,,,29.0,1.0
Democratic Republic of the Congo,2020-05-02,575.0,6.0,73.0,31.0,0.05391304347826087,,,75.0,0.0
Democratic Republic of the Congo,2020-05-03,604.0,7.0,75.0,32.0,0.052980132450331126,,,29.0,1.0
Democratic Republic of the Congo,2020-05-04,674.0,8.0,75.0,32.0,0.04747774480712166,,,70.0,0.0
Democratic Republic of the Congo,2020-05-05,682.0,8.0,80.0,34.0,0.049853372434017586,,,8.0,2.0
Democratic Republic of the Congo,2020-05-06,705.0,8.0,90.0,34.0,0.04822695035460993,,,23.0,0.0
Democratic Republic of the Congo,2020-05-07,797.0,9.0,92.0,35.0,0.043914680050188205,,,92.0,1.0
Democratic Republic of the Congo,2020-05-08,863.0,10.0,103.0,36.0,0.04171494785631518,,,66.0,1.0
Democratic Republic of the Congo,2020-05-09,897.0,10.0,119.0,36.0,0.04013377926421405,,,34.0,0.0
Democratic Republic of the Congo,2020-05-10,937.0,10.0,130.0,39.0,0.0416221985058698,,,40.0,3.0
Democratic Republic of the Congo,2020-05-11,991.0,11.0,136.0,41.0,0.041372351160443986,,,54.0,2.0
Democratic Republic of the Congo,2020-05-12,1024.0,11.0,141.0,41.0,0.0400390625,,,33.0,0.0
Democratic Republic of the Congo,2020-05-13,1102.0,12.0,146.0,44.0,0.039927404718693285,,,78.0,3.0
Democratic Republic of the Congo,2020-05-15,1242.0,14.0,157.0,50.0,0.040257648953301126,,,140.0,6.0
Democratic Republic of the Congo,2020-05-16,1298.0,14.0,212.0,50.0,0.03852080123266564,,,56.0,0.0
Democratic Republic of the Congo,2020-05-17,1369.0,15.0,229.0,61.0,0.04455807158509861,,,71.0,11.0
Democratic Republic of the Congo,2020-05-18,1454.0,16.0,270.0,61.0,0.041953232462173314,,,85.0,0.0
Democratic Republic of the Congo,2020-05-19,1537.0,17.0,272.0,61.0,0.03968770331815225,,,83.0,0.0
Democratic Republic of the Congo,2020-05-20,1628.0,18.0,290.0,61.0,0.03746928746928747,,,91.0,0.0
,2020-05-21,,,,,,,,,
Democratic Republic of the Congo,2020-05-22,1834.0,20.0,302.0,61.0,0.03326063249727372,,,,
Democratic Republic of the Congo,2020-05-23,1944.0,22.0,312.0,62.0,0.03189300411522634,,,110.0,1.0
Democratic Republic of the Congo,2020-05-24,2024.0,23.0,312.0,62.0,0.030632411067193683,,,80.0,0.0
Democratic Republic of the Congo,2020-05-25,2140.0,24.0,312.0,62.0,0.02897196261682243,,,116.0,0.0
Democratic Republic of the Congo,2020-05-26,2296.0,26.0,337.0,67.0,0.02918118466898955,,,156.0,5.0
Democratic Republic of the Congo,2020-05-27,2296.0,26.0,337.0,67.0,0.02918118466898955,,,0.0,0.0
Democratic Republic of the Congo,2020-05-28,2545.0,28.0,365.0,68.0,0.02671905697445973,,,249.0,1.0
Democratic Republic of the Congo,2020-05-29,2659.0,30.0,381.0,69.0,0.025949605114704774,,,114.0,1.0
Democratic Republic of the Congo,2020-05-30,2832.0,32.0,400.0,71.0,0.025070621468926555,,,173.0,2.0
Democratic Republic of the Congo,2020-05-31,2965.0,33.0,428.0,71.0,0.023946037099494097,,,133.0,0.0
Democratic Republic of the Congo,2020-06-01,3046.0,34.0,448.0,72.0,0.023637557452396585,,,81.0,1.0
Democratic Republic of the Congo,2020-06-02,3194.0,36.0,454.0,72.0,0.022542266750156543,,,148.0,0.0
Democratic Republic of the Congo,2020-06-03,3325.0,37.0,482.0,72.0,0.0217,,,131.0,0.0
Democratic Republic of the Congo,2020-06-04,3494.0,39.0,492.0,74.0,0.0212,,,169.0,2.0
Democratic Republic of the Congo,2020-06-05,3643.0,41.0,495.0,77.0,0.0211,,,149.0,3.0
Democratic Republic of the Congo,2020-06-06,3763.0,42.0,512.0,81.0,0.0215,,,120.0,4.0
Democratic Republic of the Congo,2020-06-07,3878.0,43.0,537.0,82.0,0.0211,,,115.0,1.0
Democratic Republic of the Congo,2020-06-08,4015.0,45.0,537.0,85.0,0.0212,,,137.0,3.0
Democratic Republic of the Congo,2020-06-09,4106.0,46.0,537.0,88.0,0.0214,,,91.0,3.0
Democratic Republic of the Congo,2020-06-10,4259.0,48.0,539.0,90.0,0.0211,,,153.0,2.0
Democratic Republic of the Congo,2020-06-12,4515.0,50.0,567.0,98.0,0.0217,,,256.0,8.0
Democratic Republic of the Congo,2020-06-13,4637.0,52.0,580.0,101.0,0.0218,,,122.0,3.0
Democratic Republic of the Congo,2020-06-14,4724.0,53.0,595.0,106.0,0.0224,,,87.0,5.0
Democratic Republic of the Congo,2020-06-15,4778.0,53.0,600.0,107.0,0.0224,,,54.0,1.0
Democratic Republic of the Congo,2020-06-16,4837.0,54.0,613.0,112.0,0.0232,,,59.0,5.0
Democratic Republic of the Congo,2020-06-17,4974.0,56.0,628.0,112.0,0.0225,,,137.0,0.0
Democratic Republic of the Congo,2020-06-18,5100.0,57.0,640.0,115.0,0.0225,,,126.0,3.0
Democratic Republic of the Congo,2020-06-19,5283.0,59.0,685.0,117.0,0.0221,,,183.0,2.0
Democratic Republic of the Congo,2020-06-20,5477.0,61.0,719.0,122.0,0.0223,,,194.0,5.0
Democratic Republic of the Congo,2020-06-21,5672.0,63.0,807.0,125.0,0.022000000000000002,,,195.0,3.0
Democratic Republic of the Congo,2020-06-22,5826.0,65.0,841.0,130.0,0.0223,,,154.0,5.0
Democratic Republic of the Congo,2020-06-23,5826.0,65.0,841.0,130.0,0.0223,,,0.0,0.0
Democratic Republic of the Congo,2020-06-24,6027.0,67.0,861.0,135.0,0.0224,,,201.0,5.0
Democratic Republic of the Congo,2020-06-25,6213.0,69.0,870.0,142.0,0.0229,,,186.0,7.0
Democratic Republic of the Congo,2020-06-26,6411.0,72.0,885.0,142.0,0.0221,,,198.0,0.0
Democratic Republic of the Congo,2020-06-27,6552.0,73.0,900.0,149.0,0.0227,,,141.0,7.0
Democratic Republic of the Congo,2020-06-28,6552.0,73.0,900.0,149.0,0.0227,,,0.0,0.0
Democratic Republic of the Congo,2020-06-29,6827.0,76.0,985.0,157.0,0.023,,,275.0,8.0
Democratic Republic of the Congo,2020-06-30,6939.0,77.0,1050.0,167.0,0.0241,,,112.0,10.0
Democratic Republic of the Congo,2020-07-01,7039.0,79.0,1426.0,170.0,0.0242,,,100.0,3.0
Democratic Republic of the Congo,2020-07-02,7122.0,80.0,1785.0,175.0,0.0246,,,83.0,5.0
Democratic Republic of the Congo,2020-07-03,7122.0,80.0,1785.0,175.0,0.0246,,,0.0,0.0
Democratic Republic of the Congo,2020-07-04,7311.0,82.0,2684.0,179.0,0.0245,,,189.0,4.0
Democratic Republic of the Congo,2020-07-05,7379.0,82.0,2961.0,182.0,0.0247,,,68.0,3.0
Democratic Republic of the Congo,2020-07-06,7411.0,83.0,3184.0,182.0,0.0246,,,32.0,0.0
Democratic Republic of the Congo,2020-07-07,7432.0,83.0,3226.0,182.0,0.0245,,,21.0,0.0
Democratic Republic of the Congo,2020-07-09,7659.0,86.0,0.0,182.0,0.0238,,,227.0,0.0
Democratic Republic of the Congo,2020-07-10,7736.0,86.0,0.0,184.0,0.0238,,,77.0,2.0
Democratic Republic of the Congo,2020-07-11,7905.0,88.0,3513.0,189.0,0.0239,,,169.0,5.0
Democratic Republic of the Congo,2020-07-12,7905.0,88.0,3513.0,189.0,0.0239,,,0.0,0.0
Democratic Republic of the Congo,2020-07-14,8075.0,90.0,3620.0,190.0,0.0235,,,170.0,1.0
Democratic Republic of the Congo,2020-07-15,8075.0,90.0,3620.0,190.0,0.0235,,,0.0,0.0
Democratic Republic of the Congo,2020-07-16,8075.0,90.0,3620.0,190.0,0.0235,,,0.0,0.0
Democratic Republic of the Congo,2020-07-18,8199.0,92.0,4248.0,193.0,0.0235,,,124.0,3.0
Democratic Republic of the Congo,2020-07-19,8324.0,93.0,4313.0,193.0,0.0232,,,125.0,0.0
Democratic Republic of the Congo,2020-07-19,8324.0,93.0,4313.0,193.0,0.0232,,,0.0,0.0
Democratic Republic of the Congo,2020-07-21,8324.0,93.0,4313.0,193.0,0.0232,,,0.0,0.0
Democratic Republic of the Congo,2020-07-22,8443.0,94.0,4335.0,194.0,0.023,,,119.0,1.0
Democratic Republic of the Congo,2020-07-23,8533.0,95.0,0.0,195.0,0.0229,,,90.0,1.0
Democratic Republic of the Congo,2020-07-24,8720.0,97.0,5105.0,201.0,0.0231,,,187.0,6.0
Democratic Republic of the Congo,2020-07-25,8767.0,98.0,5109.0,201.0,0.0229,,,47.0,0.0
Democratic Republic of the Congo,2020-07-26,8801.0,98.0,5305.0,204.0,0.0232,,,34.0,3.0
Democratic Republic of the Congo,2020-07-27,8831.0,99.0,5510.0,204.0,0.0231,,,30.0,0.0
Democratic Republic of the Congo,2020-07-28,8844.0,99.0,5700.0,208.0,0.0235,,,13.0,4.0
Democratic Republic of the Congo,2020-07-29,8873.0,99.0,5930.0,208.0,0.0234,,,29.0,0.0
Democratic Republic of the Congo,2020-07-30,8873.0,99.0,5930.0,208.0,0.0234,,,0.0,0.0
Democratic Republic of the Congo,2020-07-31,8931.0,100.0,6095.0,210.0,0.0235,,,58.0,2.0
Democratic Republic of the Congo,2020-08-01,9070.0,101.0,6796.0,215.0,0.0237,,,139.0,5.0
Democratic Republic of the Congo,2020-08-02,9084.0,101.0,7030.0,215.0,0.0237,,,14.0,0.0
Democratic Republic of the Congo,2020-08-03,9115.0,102.0,7319.0,215.0,0.0236,,,31.0,0.0
Democratic Republic of the Congo,2020-08-04,9115.0,102.0,7319.0,215.0,0.0236,,,0.0,0.0
Democratic Republic of the Congo,2020-08-05,9133.0,102.0,7424.0,215.0,0.0235,,,18.0,0.0
Democratic Republic of the Congo,2020-08-06,9178.0,102.0,7727.0,215.0,0.0234,,,45.0,0.0
Democratic Republic of the Congo,2020-08-07,9253.0,103.0,7821.0,215.0,0.0232,,,75.0,0.0
Democratic Republic of the Congo,2020-08-08,9355.0,104.0,8174.0,218.0,0.0233,,,102.0,3.0
Democratic Republic of the Congo,2020-08-09,9436.0,105.0,8275.0,218.0,0.0231,,,81.0,0.0
Democratic Republic of the Congo,2020-08-10,9454.0,106.0,8324.0,224.0,0.0237,,,18.0,6.0
Democratic Republic of the Congo,2020-08-11,9489.0,106.0,8363.0,224.0,0.0236,,,35.0,0.0
Democratic Republic of the Congo,2020-08-12,9499.0,106.0,8375.0,225.0,0.0237,,,10.0,1.0
Democratic Republic of the Congo,2020-08-13,9538.0,106.0,8421.0,225.0,0.0236,,,39.0,0.0
Democratic Republic of the Congo,2020-08-14,9589.0,107.0,8480.0,234.0,0.0244,,,51.0,9.0
Democratic Republic of the Congo,2020-08-15,9605.0,107.0,8512.0,238.0,0.0248,,,16.0,4.0
Democratic Republic of the Congo,2020-08-16,9638.0,108.0,8597.0,239.0,0.0248,,,33.0,1.0
Democratic Republic of the Congo,2020-08-17,9676.0,108.0,8705.0,240.0,0.0248,,,38.0,1.0
Democratic Republic of the Congo,2020-08-18,9676.0,108.0,8705.0,240.0,0.0248,,,0.0,0.0
Democratic Republic of the Congo,2020-08-19,9721.0,109.0,8882.0,243.0,0.025,,,45.0,3.0
Democratic Republic of the Congo,2020-08-20,9741.0,109.0,8895.0,246.0,0.0253,,,20.0,3.0
Democratic Republic of the Congo,2020-08-22,9802.0,109.0,8920.0,248.0,0.0253,,,61.0,2.0
Democratic Republic of the Congo,2020-08-23,9811.0,110.0,8920.0,251.0,0.0256,,,9.0,3.0
Democratic Republic of the Congo,2020-08-24,9830.0,110.0,8934.0,251.0,0.0255,,,19.0,0.0
Democratic Republic of the Congo,2020-08-25,9842.0,110.0,8953.0,251.0,0.0255,,,12.0,0.0
Democratic Republic of the Congo,2020-08-26,9891.0,110.0,8972.0,251.0,0.0254,,,49.0,0.0
Democratic Republic of the Congo,2020-08-27,9912.0,111.0,8987.0,254.0,0.0256,,,21.0,3.0
Democratic Republic of the Congo,2020-08-28,9915.0,111.0,9020.0,255.0,0.0257,,,3.0,1.0
Democratic Republic of the Congo,2020-08-29,9994.0,112.0,9035.0,255.0,0.0255,,,79.0,0.0
Democratic Republic of the Congo,2020-08-30,9994.0,112.0,9035.0,255.0,0.0255,,,0.0,0.0
Democratic Republic of the Congo,2020-08-31,10045.0,112.0,9103.0,258.0,0.0257,,,51.0,3.0
Democratic Republic of the Congo,2020-09-01,10097.0,113.0,9133.0,258.0,0.0256,,,52.0,0.0
Democratic Republic of the Congo,2020-09-02,10104.0,113.0,9322.0,259.0,0.0256,,,7.0,1.0
Democratic Republic of the Congo,2020-09-03,10114.0,113.0,9347.0,259.0,0.0256,,,10.0,0.0
Democratic Republic of the Congo,2020-09-04,10125.0,113.0,9367.0,259.0,0.0256,,,11.0,0.0
Democratic Republic of the Congo,2020-09-05,10125.0,113.0,9367.0,259.0,0.0256,,,0.0,0.0
Democratic Republic of the Congo,2020-09-07,10210.0,114.0,9439.0,260.0,0.0255,,,85.0,1.0
Democratic Republic of the Congo,2020-09-08,10210.0,114.0,9439.0,260.0,0.0255,,,0.0,0.0
Democratic Republic of the Congo,2020-09-09,10292.0,115.0,9501.0,260.0,0.0253,,,82.0,0.0
Democratic Republic of the Congo,2020-09-10,10292.0,115.0,9501.0,260.0,0.0253,,,0.0,0.0
Democratic Republic of the Congo,2020-09-11,10343.0,115.0,9533.0,262.0,0.0253,,,51.0,2.0
Democratic Republic of the Congo,2020-09-12,10361.0,116.0,9622.0,262.0,0.0253,,,18.0,0.0
Democratic Republic of the Congo,2020-09-13,10385.0,116.0,9719.0,262.0,0.0252,,,24.0,0.0
Democratic Republic of the Congo,2020-09-14,10390.0,116.0,9756.0,264.0,0.0254,,,5.0,2.0
Democratic Republic of the Congo,2020-09-15,10390.0,116.0,9756.0,264.0,0.0254,,,0.0,0.0
Democratic Republic of the Congo,2020-09-16,10401.0,116.0,9817.0,267.0,0.0257,,,11.0,3.0
Democratic Republic of the Congo,2020-09-17,10414.0,116.0,9827.0,267.0,0.0256,,,13.0,0.0
Democratic Republic of the Congo,2020-09-18,10442.0,117.0,9840.0,267.0,0.0256,,,28.0,0.0
Democratic Republic of the Congo,2020-09-20,10488.0,117.0,9891.0,268.0,0.0256,,,46.0,1.0
Democratic Republic of the Congo,2020-09-21,10488.0,117.0,9891.0,268.0,0.0256,,,0.0,0.0
Democratic Republic of the Congo,2020-09-22,10488.0,117.0,9891.0,268.0,0.0256,,,0.0,0.0
Democratic Republic of the Congo,2020-09-23,10519.0,117.0,9952.0,271.0,0.0258,,,31.0,3.0
Democratic Republic of the Congo,2020-09-24,10519.0,0.0,,271.0,0.0258,117.0,,0.0,0.0
Democratic Republic of the Congo,2020-09-25,10519.0,0.0,,271.0,0.0258,117.0,,0.0,0.0
Democratic Republic of the Congo,2020-09-26,10578.0,0.0,,271.0,0.0256,118.0,,59.0,0.0
Democratic Republic of the Congo,2020-09-27,10593.0,0.0,,271.0,0.0256,118.0,,15.0,0.0
Democratic Republic of the Congo,2020-09-28,10612.0,0.0,,271.0,0.0255,118.0,,19.0,0.0
Democratic Republic of the Congo,2020-09-29,10624.0,0.0,,271.0,0.0255,119.0,,12.0,0.0
Democratic Republic of the Congo,2020-09-30,10631.0,0.0,,272.0,0.0256,119.0,,7.0,1.0
Democratic Republic of the Congo,2020-10-02,10685.0,0.0,,272.0,0.0255,119.0,,54.0,0.0
Democratic Republic of the Congo,2020-10-03,10729.0,0.0,,272.0,0.0254,120.0,,44.0,0.0
Democratic Republic of the Congo,2020-10-04,10752.0,0.0,,274.0,0.0255,120.0,,23.0,2.0
Democratic Republic of the Congo,2020-10-05,10760.0,0.0,,274.0,0.0255,120.0,,8.0,0.0
Democratic Republic of the Congo,2020-10-06,10778.0,0.0,,274.0,0.0254,120.0,,18.0,0.0
Democratic Republic of the Congo,2020-10-08,10804.0,0.0,,276.0,0.0255,121.0,,26.0,2.0
Democratic Republic of the Congo,2020-10-09,10822.0,0.0,,276.0,0.0255,121.0,,18.0,0.0
Democratic Republic of the Congo,2020-10-10,10835.0,0.0,,276.0,0.0255,121.0,,13.0,0.0
Democratic Republic of the Congo,2020-10-11,10841.0,0.0,,276.0,0.0255,121.0,,6.0,0.0
Democratic Republic of the Congo,2020-10-12,10851.0,0.0,,276.0,0.0254,121.0,,10.0,0.0
Democratic Republic of the Congo,2020-10-13,10868.0,0.0,,276.0,0.0254,121.0,,17.0,0.0
Democratic Republic of the Congo,2020-10-14,10872.0,0.0,,276.0,0.0254,121.0,,4.0,0.0
Democratic Republic of the Congo,2020-10-15,10872.0,0.0,,276.0,0.0254,121.0,,0.0,0.0
Democratic Republic of the Congo,2020-10-18,11000.0,0.0,,302.0,0.0275,123.0,,128.0,26.0
Democratic Republic of the Congo,2020-10-19,11006.0,0.0,,302.0,0.0274,123.0,,6.0,0.0
Democratic Republic of the Congo,2020-10-20,11052.0,0.0,,303.0,0.0274,123.0,,46.0,1.0
Democratic Republic of the Congo,2020-10-22,11066.0,0.0,,303.0,0.0274,124.0,,14.0,0.0
Democratic Republic of the Congo,2020-10-23,11097.0,0.0,,304.0,0.0274,124.0,,31.0,1.0
Democratic Republic of the Congo,2020-10-24,11122.0,0.0,,304.0,0.0273,124.0,,25.0,0.0
Democratic Republic of the Congo,2020-10-25,11143.0,0.0,,305.0,0.0274,124.0,,21.0,1.0
Democratic Republic of the Congo,2020-10-26,11143.0,0.0,,305.0,0.0274,124.0,,0.0,0.0
Democratic Republic of the Congo,2020-10-27,11174.0,0.0,,305.0,0.0273,125.0,,31.0,0.0
Democratic Republic of the Congo,2020-10-28,11191.0,125.0,,305.0,0.0273,,13.0,17.0,0.0
Democratic Republic of the Congo,2020-10-29,11191.0,125.0,,305.0,0.0273,,13.0,0.0,0.0
Democratic Republic of the Congo,2020-10-30,11211.0,125.0,,305.0,0.0272,,0.0,20.0,0.0
Democratic Republic of the Congo,2020-10-31,11306.0,126.0,,307.0,0.0272,,0.0,95.0,2.0
Democratic Republic of the Congo,2020-11-01,11306.0,126.0,,307.0,0.0272,,42.0,0.0,0.0
Democratic Republic of the Congo,2020-11-02,11306.0,126.0,,307.0,0.0272,,0.0,0.0,0.0
Democratic Republic of the Congo,2020-11-03,11395.0,127.0,,308.0,0.027000000000000003,,0.0,89.0,1.0
Democratic Republic of the Congo,2020-11-04,11395.0,127.0,,308.0,0.027000000000000003,,0.0,0.0,0.0
Democratic Republic of the Congo,2020-11-05,11395.0,127.0,,308.0,0.027000000000000003,,0.0,0.0,0.0
Democratic Republic of the Congo,2020-11-06,11395.0,127.0,,308.0,0.027000000000000003,,0.0,0.0,0.0
Democratic Republic of the Congo,2020-11-07,11395.0,127.0,,308.0,0.027000000000000003,,0.0,0.0,0.0
Democratic Republic of the Congo,2020-11-08,11485.0,128.0,,315.0,0.0274,,36.0,90.0,7.0
