Location,Date,Confirmed,Case_Per_1M_people,Recovered,Deaths,Mortality,Cases per 1 million people,NewCases,NewConfirmed,NewDeaths
Denmark,2020-03-31,2577.0,464.41,0.0,77.0,0.029879705,,,0.0,0.0
Denmark,2020-04-01,2860.0,515.41,0.0,90.0,0.03146853146853147,,,283.0,13.0
Denmark,2020-04-02,3107.0,559.92,894.0,104.0,0.03347280334728033,,,247.0,14.0
Denmark,2020-04-03,3386.0,610.2,1089.0,123.0,0.03632604843473125,,,279.0,19.0
Denmark,2020-04-07,4681.0,803.91,1378.0,187.0,0.039948728904080334,,,1295.0,64.0
Denmark,2020-04-10,5635.0,967.75,1736.0,237.0,0.042058562555456966,,,954.0,50.0
Denmark,2020-04-11,5819.0,999.35,1773.0,247.0,0.04244715586870596,,,184.0,10.0
Denmark,2020-04-12,5996.0,1029.75,1955.0,260.0,0.04336224149432955,,,177.0,13.0
Denmark,2020-04-14,6318.0,1085.05,2235.0,285.0,0.045109211775878434,,,322.0,25.0
Denmark,2020-04-17,6879.0,1181.4,3023.0,321.0,0.04666375926733537,,,561.0,36.0
Denmark,2020-04-18,7073.0,1214.72,3389.0,336.0,0.04750459493849851,,,194.0,15.0
Denmark,2020-04-20,7384.0,1268.13,4141.0,355.0,0.04807692307692308,,,311.0,19.0
Denmark,2020-04-22,7695.0,1321.54,4700.0,370.0,0.04808317089018843,,,311.0,15.0
Denmark,2020-04-23,7912.0,1358.81,5087.0,384.0,0.04853387259858443,,,217.0,14.0
Denmark,2020-04-24,8310.0,1427.16,5384.0,394.0,0.04741275571600481,,,398.0,10.0
Denmark,2020-04-25,8210.0,1409.98,5526.0,403.0,0.049086479902557864,,,0.0,9.0
Denmark,2020-04-26,8445.0,1450.34,5669.0,418.0,0.04949674363528715,,,235.0,15.0
Denmark,2020-04-27,8575.0,1472.67,5805.0,422.0,0.04921282798833819,,,130.0,4.0
Denmark,2020-04-28,8698.0,1493.79,5959.0,427.0,0.04909174522878823,,,123.0,5.0
Denmark,2020-04-29,8851.0,1520.07,6121.0,434.0,0.04903400745678455,,,153.0,7.0
Denmark,2020-04-30,8851.0,1520.07,6121.0,434.0,0.04903400745678455,,,0.0,0.0
Denmark,2020-05-01,9158.0,1573.0,6546.0,452.0,0.04935575453155711,,,307.0,18.0
Denmark,2020-05-02,9311.0,1599.0,6729.0,460.0,0.04940393083449683,,,153.0,8.0
Denmark,2020-05-03,9407.0,1616.0,6889.0,475.0,0.050494312745827566,,,96.0,15.0
Denmark,2020-05-04,9407.0,1616.0,6889.0,475.0,0.050494312745827566,,,0.0,0.0
Denmark,2020-05-05,9670.0,1661.0,7088.0,493.0,0.05098241985522234,,,263.0,18.0
Denmark,2020-05-06,9821.0,1687.0,7296.0,503.0,0.05121678036859791,,,151.0,10.0
Denmark,2020-05-07,9938.0,1707.0,7493.0,506.0,0.050915677198631513,,,117.0,3.0
Denmark,2020-05-08,10083.0,1732.0,7711.0,514.0,0.05097689179807597,,,145.0,8.0
Denmark,2020-05-09,10218.0,1755.0,7927.0,522.0,0.05108631826189078,,,135.0,8.0
Denmark,2020-05-10,10319.0,1772.0,8093.0,526.0,0.05097393158251769,,,101.0,4.0
Denmark,2020-05-11,10429.0,1791.0,8217.0,529.0,0.05072394285166363,,,110.0,3.0
Denmark,2020-05-12,10513.0,1806.0,8328.0,533.0,0.05069913440502236,,,84.0,4.0
Denmark,2020-05-13,10591.0,1819.0,8580.0,527.0,0.04975922953451043,,,78.0,0.0
Denmark,2020-05-15,10713.0,1840.0,8805.0,537.0,0.05012601512181462,,,122.0,10.0
Denmark,2020-05-16,10791.0,1853.0,8959.0,537.0,0.04976369196552683,,,78.0,0.0
Denmark,2020-05-17,10858.0,1865.0,9107.0,543.0,0.05000920979922638,,,67.0,6.0
Denmark,2020-05-18,10927.0,1877.0,9227.0,547.0,0.050059485677679136,,,69.0,4.0
Denmark,2020-05-19,10968.0,1884.0,9301.0,548.0,0.049963530269876,,,41.0,1.0
Denmark,2020-05-20,11044.0,1897.0,9416.0,561.0,0.05079681274900399,,,76.0,13.0
,2020-05-21,,,,,,,,,
Denmark,2020-05-22,11182.0,1920.0,9643.0,561.0,0.050169915936326234,,,,
Denmark,2020-05-23,11230.0,1929.0,9764.0,561.0,0.04995547640249332,,,48.0,0.0
Denmark,2020-05-24,11289.0,1939.0,9836.0,561.0,0.04969439277172469,,,59.0,0.0
Denmark,2020-05-25,11360.0,1951.0,9900.0,562.0,0.04947183098591549,,,71.0,1.0
Denmark,2020-05-26,11387.0,1956.0,9964.0,563.0,0.049442346535522964,,,27.0,1.0
Denmark,2020-05-27,11426.0,1962.0,10044.0,563.0,0.04927358655697532,,,39.0,0.0
Denmark,2020-05-28,11480.0,1972.0,10106.0,565.0,0.049216027874564465,,,54.0,2.0
Denmark,2020-05-29,11512.0,1977.0,10180.0,568.0,0.049339819318971516,,,32.0,3.0
Denmark,2020-05-30,11593.0,1991.0,10240.0,568.0,0.04899508323988614,,,81.0,0.0
Denmark,2020-05-31,11633.0,1998.0,10327.0,571.0,0.04908450098856701,,,40.0,3.0
Denmark,2020-06-01,11669.0,2004.0,10362.0,574.0,0.049190161967606484,,,36.0,3.0
Denmark,2020-06-02,11699.0,2009.0,10412.0,576.0,0.049234977348491325,,,30.0,2.0
Denmark,2020-06-03,11734.0,2015.0,10489.0,580.0,0.0494,,,35.0,4.0
Denmark,2020-06-04,11771.0,2022.0,10552.0,580.0,0.0493,,,37.0,0.0
Denmark,2020-06-05,11811.0,2028.0,10620.0,582.0,0.0493,,,40.0,2.0
Denmark,2020-06-06,11875.0,2039.0,10653.0,586.0,0.0493,,,64.0,4.0
Denmark,2020-06-07,11924.0,2048.0,10721.0,587.0,0.0492,,,49.0,1.0
Denmark,2020-06-08,11948.0,2052.0,10755.0,589.0,0.0493,,,24.0,2.0
Denmark,2020-06-09,11962.0,2054.0,10792.0,593.0,0.0496,,,14.0,4.0
Denmark,2020-06-10,12001.0,2061.0,10849.0,593.0,0.0494,,,39.0,0.0
Denmark,2020-06-12,12035.0,2067.0,10955.0,593.0,0.0493,,,34.0,0.0
Denmark,2020-06-13,12099.0,2078.0,10993.0,594.0,0.0491,,,64.0,1.0
Denmark,2020-06-14,12139.0,2085.0,11035.0,597.0,0.0492,,,40.0,3.0
Denmark,2020-06-15,12139.0,2085.0,11035.0,597.0,0.0492,,,0.0,0.0
Denmark,2020-06-16,12217.0,2098.0,11090.0,598.0,0.0489,,,78.0,1.0
Denmark,2020-06-17,12250.0,2104.0,11125.0,598.0,0.0488,,,33.0,0.0
Denmark,2020-06-18,12294.0,2111.0,11185.0,598.0,0.0486,,,44.0,0.0
Denmark,2020-06-19,12344.0,2120.0,11242.0,600.0,0.0486,,,50.0,2.0
Denmark,2020-06-20,12391.0,2128.0,11282.0,600.0,0.0484,,,47.0,0.0
Denmark,2020-06-21,12391.0,2128.0,11282.0,600.0,0.0484,,,0.0,0.0
Denmark,2020-06-22,12391.0,2128.0,11282.0,600.0,0.0484,,,0.0,0.0
Denmark,2020-06-23,12527.0,2151.0,11347.0,602.0,0.0481,,,136.0,2.0
Denmark,2020-06-24,12561.0,2157.0,11393.0,603.0,0.048,,,34.0,1.0
Denmark,2020-06-25,12615.0,2166.0,11422.0,603.0,0.0478,,,54.0,0.0
Denmark,2020-06-26,12636.0,2170.0,11460.0,603.0,0.0477,,,21.0,0.0
Denmark,2020-06-27,12675.0,2177.0,11508.0,604.0,0.0477,,,39.0,1.0
Denmark,2020-06-28,12675.0,2177.0,11508.0,604.0,0.0477,,,0.0,0.0
Denmark,2020-06-29,12675.0,2177.0,11508.0,604.0,0.0477,,,0.0,0.0
Denmark,2020-06-30,12751.0,2190.0,11512.0,605.0,0.0474,,,76.0,1.0
Denmark,2020-07-01,12768.0,2193.0,11649.0,605.0,0.0474,,,17.0,0.0
Denmark,2020-07-02,12994.0,2232.0,0.0,606.0,0.0466,,,226.0,1.0
Denmark,2020-07-03,12994.0,2232.0,0.0,606.0,0.0466,,,0.0,0.0
Denmark,2020-07-04,13032.0,2238.0,0.0,606.0,0.0465,,,38.0,0.0
Denmark,2020-07-05,13032.0,2238.0,0.0,606.0,0.0465,,,0.0,0.0
Denmark,2020-07-06,13032.0,2238.0,0.0,606.0,0.0465,,,0.0,0.0
Denmark,2020-07-07,13079.0,2246.0,0.0,607.0,0.0464,,,47.0,1.0
Denmark,2020-07-09,13101.0,2250.0,0.0,609.0,0.0465,,,22.0,2.0
Denmark,2020-07-10,13117.0,2253.0,0.0,609.0,0.0464,,,16.0,0.0
Denmark,2020-07-11,13117.0,2253.0,0.0,609.0,0.0464,,,0.0,0.0
Denmark,2020-07-12,13147.0,2258.0,0.0,609.0,0.0463,,,30.0,0.0
Denmark,2020-07-14,13147.0,2258.0,0.0,609.0,0.0463,,,0.0,0.0
Denmark,2020-07-15,13262.0,2278.0,0.0,610.0,0.046,,,115.0,1.0
Denmark,2020-07-16,13262.0,2278.0,0.0,610.0,0.046,,,0.0,0.0
Denmark,2020-07-18,13325.0,2288.0,0.0,610.0,0.0458,,,63.0,0.0
Denmark,2020-07-19,13325.0,2288.0,0.0,610.0,0.0458,,,0.0,0.0
Denmark,2020-07-19,13325.0,2288.0,0.0,610.0,0.0458,,,0.0,0.0
Denmark,2020-07-21,13466.0,2313.0,0.0,611.0,0.0454,,,141.0,1.0
Denmark,2020-07-22,13506.0,2320.0,0.0,611.0,0.0452,,,40.0,0.0
Denmark,2020-07-23,13506.0,2320.0,0.0,611.0,0.0452,,,0.0,0.0
Denmark,2020-07-24,13506.0,2320.0,0.0,611.0,0.0452,,,0.0,0.0
Denmark,2020-07-25,13506.0,2320.0,12261.0,611.0,0.0452,,,0.0,0.0
Denmark,2020-07-26,13438.0,2308.0,12340.0,613.0,0.0456,,,0.0,2.0
Denmark,2020-07-27,13438.0,2308.0,12340.0,613.0,0.0456,,,0.0,0.0
Denmark,2020-07-28,13547.0,2327.0,12417.0,613.0,0.0452,,,109.0,0.0
Denmark,2020-07-29,13577.0,2332.0,12451.0,613.0,0.0451,,,30.0,0.0
Denmark,2020-07-30,13868.0,2382.0,0.0,614.0,0.0443,,,291.0,1.0
Denmark,2020-07-31,13868.0,2382.0,0.0,614.0,0.0443,,,0.0,0.0
Denmark,2020-08-01,14028.0,2409.0,12261.0,615.0,0.0438,,,160.0,1.0
Denmark,2020-08-02,14028.0,2409.0,0.0,615.0,0.0438,,,0.0,0.0
Denmark,2020-08-03,14028.0,2409.0,0.0,615.0,0.0438,,,0.0,0.0
Denmark,2020-08-04,14235.0,2445.0,0.0,616.0,0.0433,,,207.0,1.0
Denmark,2020-08-05,14312.0,2458.0,12261.0,616.0,0.043,,,77.0,0.0
Denmark,2020-08-06,14312.0,2458.0,0.0,616.0,0.043,,,0.0,0.0
Denmark,2020-08-07,14312.0,2458.0,0.0,616.0,0.043,,,0.0,0.0
Denmark,2020-08-08,14586.0,2505.0,12261.0,617.0,0.0423,,,274.0,1.0
Denmark,2020-08-09,14747.0,2533.0,12840.0,617.0,0.0418,,,161.0,0.0
Denmark,2020-08-10,14747.0,2533.0,12840.0,617.0,0.0418,,,0.0,0.0
Denmark,2020-08-11,15135.0,2599.0,12840.0,620.0,0.040999999999999995,,,388.0,3.0
Denmark,2020-08-12,15135.0,2599.0,12840.0,620.0,0.040999999999999995,,,0.0,0.0
Denmark,2020-08-13,15419.0,2648.0,12840.0,621.0,0.0403,,,284.0,1.0
Denmark,2020-08-14,15419.0,2648.0,12840.0,621.0,0.0403,,,0.0,0.0
Denmark,2020-08-15,15576.0,2675.0,13216.0,621.0,0.0399,,,157.0,0.0
Denmark,2020-08-16,15754.0,2706.0,13216.0,621.0,0.0394,,,178.0,0.0
Denmark,2020-08-17,15863.0,2724.0,13216.0,621.0,0.0391,,,109.0,0.0
Denmark,2020-08-18,15999.0,2748.0,13216.0,621.0,0.0388,,,136.0,0.0
Denmark,2020-08-19,16242.0,2789.0,13216.0,621.0,0.0382,,,243.0,0.0
Denmark,2020-08-20,16332.0,2805.0,13216.0,621.0,0.038,,,90.0,0.0
Denmark,2020-08-22,16332.0,2805.0,0.0,621.0,0.038,,,0.0,0.0
Denmark,2020-08-23,16521.0,2837.0,13216.0,621.0,0.0376,,,189.0,0.0
Denmark,2020-08-24,16521.0,2837.0,0.0,621.0,0.0376,,,0.0,0.0
Denmark,2020-08-25,16711.0,2870.0,13216.0,622.0,0.0372,,,190.0,1.0
Denmark,2020-08-26,16901.0,2903.0,13216.0,623.0,0.0369,,,190.0,1.0
Denmark,2020-08-27,16901.0,2903.0,13216.0,623.0,0.0369,,,0.0,0.0
Denmark,2020-08-28,16901.0,2903.0,13216.0,623.0,0.0369,,,0.0,0.0
Denmark,2020-08-29,17048.0,2928.0,13216.0,624.0,0.0366,,,147.0,1.0
Denmark,2020-08-30,17048.0,2928.0,13216.0,624.0,0.0366,,,0.0,0.0
Denmark,2020-08-31,17200.0,2954.0,13216.0,624.0,0.0363,,,152.0,0.0
Denmark,2020-09-01,17200.0,2954.0,13216.0,624.0,0.0363,,,0.0,0.0
Denmark,2020-09-02,17406.0,2989.0,13216.0,624.0,0.0358,,,206.0,0.0
Denmark,2020-09-03,17406.0,2989.0,13216.0,624.0,0.0358,,,0.0,0.0
Denmark,2020-09-04,17616.0,3025.0,13216.0,626.0,0.0355,,,210.0,2.0
Denmark,2020-09-05,17970.0,3086.0,13216.0,627.0,0.0349,,,354.0,1.0
Denmark,2020-09-07,17970.0,3086.0,13216.0,627.0,0.0349,,,0.0,0.0
Denmark,2020-09-08,18113.0,3111.0,15833.0,628.0,0.0347,,,143.0,1.0
Denmark,2020-09-09,18536.0,3183.0,13216.0,628.0,0.0339,,,423.0,0.0
Denmark,2020-09-10,18607.0,3196.0,15990.0,628.0,0.0338,,,71.0,0.0
Denmark,2020-09-11,19032.0,3269.0,13216.0,628.0,0.033,,,425.0,0.0
Denmark,2020-09-12,19216.0,3300.0,16139.0,629.0,0.0327,,,184.0,1.0
Denmark,2020-09-13,19642.0,3373.0,13216.0,629.0,0.032,,,426.0,0.0
Denmark,2020-09-14,20323.0,3490.0,13216.0,631.0,0.031,,,681.0,2.0
Denmark,2020-09-15,20323.0,3490.0,13216.0,631.0,0.031,,,0.0,0.0
Denmark,2020-09-16,21009.0,3608.0,13216.0,633.0,0.0301,,,686.0,2.0
Denmark,2020-09-17,21009.0,3608.0,13216.0,633.0,0.0301,,,0.0,0.0
Denmark,2020-09-18,21832.0,3749.0,13216.0,635.0,0.0291,,,823.0,2.0
Denmark,2020-09-20,21847.0,3752.0,17110.0,635.0,0.0291,,,15.0,0.0
Denmark,2020-09-21,22877.0,3929.0,13216.0,635.0,0.0278,,,1030.0,0.0
Denmark,2020-09-22,23323.0,4005.0,17738.0,640.0,0.0274,,,446.0,5.0
Denmark,2020-09-23,24257.0,4166.0,13216.0,641.0,0.0264,,,934.0,1.0
Denmark,2020-09-24,24257.0,0.0,,641.0,0.0264,4166.0,,0.0,0.0
Denmark,2020-09-25,25381.0,0.0,,645.0,0.0254,4359.0,,1124.0,4.0
Denmark,2020-09-26,25594.0,0.0,,647.0,0.0253,4396.0,,213.0,2.0
Denmark,2020-09-27,25594.0,0.0,,647.0,0.0253,4396.0,,0.0,0.0
Denmark,2020-09-28,27107.0,0.0,,649.0,0.0239,4655.0,,1513.0,2.0
Denmark,2020-09-29,27107.0,0.0,,649.0,0.0239,4655.0,,0.0,0.0
Denmark,2020-09-30,27107.0,0.0,,649.0,0.0239,4655.0,,0.0,0.0
Denmark,2020-10-02,28475.0,0.0,,650.0,0.0228,4890.0,,1368.0,1.0
Denmark,2020-10-03,28396.0,0.0,,651.0,0.0229,4877.0,,0.0,1.0
Denmark,2020-10-04,28932.0,0.0,,652.0,0.0225,4969.0,,536.0,1.0
Denmark,2020-10-05,29302.0,0.0,,654.0,0.0223,5032.0,,370.0,2.0
Denmark,2020-10-06,29680.0,0.0,,658.0,0.0222,5097.0,,378.0,4.0
Denmark,2020-10-08,30379.0,0.0,,663.0,0.0218,5217.0,,699.0,5.0
Denmark,2020-10-09,30710.0,0.0,,663.0,0.0216,5274.0,,331.0,0.0
Denmark,2020-10-10,31156.0,0.0,,665.0,0.0213,5351.0,,446.0,2.0
Denmark,2020-10-11,31638.0,0.0,,665.0,0.021,5434.0,,482.0,0.0
Denmark,2020-10-12,32082.0,0.0,,667.0,0.0208,5510.0,,444.0,2.0
Denmark,2020-10-13,32422.0,0.0,,669.0,0.0206,5568.0,,340.0,2.0
Denmark,2020-10-14,32811.0,0.0,,671.0,0.0205,5635.0,,389.0,2.0
Denmark,2020-10-15,33101.0,0.0,,674.0,0.0204,5685.0,,290.0,3.0
Denmark,2020-10-18,34441.0,0.0,,677.0,0.0197,5915.0,,1340.0,3.0
Denmark,2020-10-19,34941.0,0.0,,679.0,0.0194,6001.0,,500.0,2.0
Denmark,2020-10-20,35392.0,0.0,,680.0,0.0192,6078.0,,451.0,1.0
Denmark,2020-10-22,36373.0,0.0,,688.0,0.0189,6247.0,,981.0,8.0
Denmark,2020-10-23,37003.0,0.0,,690.0,0.0186,6355.0,,630.0,2.0
Denmark,2020-10-24,37763.0,0.0,,694.0,0.0184,6485.0,,760.0,4.0
Denmark,2020-10-25,38622.0,0.0,,697.0,0.018000000000000002,6633.0,,859.0,3.0
Denmark,2020-10-26,39411.0,0.0,,700.0,0.0178,6768.0,,789.0,3.0
Denmark,2020-10-27,40356.0,0.0,,702.0,0.0174,6931.0,,945.0,2.0
Denmark,2020-10-28,42157.0,7240.0,,709.0,0.0168,,745.0,1801.0,7.0
Denmark,2020-10-29,42157.0,7240.0,,709.0,0.0168,,745.0,0.0,0.0
Denmark,2020-10-30,43174.0,7415.0,,715.0,0.0166,,1017.0,1017.0,6.0
Denmark,2020-10-31,44034.0,7562.0,,716.0,0.0163,,860.0,860.0,1.0
Denmark,2020-11-01,45225.0,7767.0,,719.0,0.0159,,1191.0,1191.0,3.0
Denmark,2020-11-02,46351.0,7960.0,,721.0,0.0156,,1126.0,1126.0,2.0
Denmark,2020-11-03,47299.0,8123.0,,723.0,0.0153,,948.0,948.0,2.0
Denmark,2020-11-04,48241.0,8285.0,,724.0,0.015,,942.0,942.0,1.0
Denmark,2020-11-05,49594.0,8517.0,,728.0,0.0147,,1353.0,1353.0,4.0
Denmark,2020-11-06,50530.0,8678.0,,729.0,0.0144,,936.0,936.0,1.0
