Location,Date,Confirmed,Case_Per_1M_people,Recovered,Deaths,Mortality,Cases per 1 million people,NewCases,NewConfirmed,NewDeaths
Dominican Republic,2020-03-31,901.0,85.03,3.0,42.0,0.046614872,,,0.0,0.0
Dominican Republic,2020-04-01,1019.0,96.16,5.0,51.0,0.05004906771344456,,,118.0,9.0
Dominican Republic,2020-04-02,1284.0,121.17,9.0,57.0,0.04439252336448598,,,265.0,6.0
Dominican Republic,2020-04-03,1380.0,130.23,16.0,60.0,0.043478260869565216,,,96.0,3.0
Dominican Republic,2020-04-07,1828.0,176.48,17.0,86.0,0.04704595185995624,,,448.0,26.0
Dominican Republic,2020-04-10,2349.0,226.77,80.0,118.0,0.050234142188165166,,,521.0,32.0
Dominican Republic,2020-04-11,2620.0,252.94,98.0,126.0,0.04809160305343512,,,271.0,8.0
Dominican Republic,2020-04-12,2759.0,266.36,108.0,135.0,0.048930772018847414,,,139.0,9.0
Dominican Republic,2020-04-14,3167.0,305.74,152.0,176.0,0.05557309756867698,,,408.0,41.0
Dominican Republic,2020-04-17,3755.0,362.51,215.0,196.0,0.05219707057256991,,,588.0,20.0
Dominican Republic,2020-04-18,4126.0,398.33,268.0,200.0,0.048473097430925836,,,371.0,4.0
Dominican Republic,2020-04-20,4680.0,451.81,363.0,226.0,0.048290598290598286,,,554.0,26.0
Dominican Republic,2020-04-22,5044.0,486.95,463.0,245.0,0.0485725614591594,,,364.0,19.0
Dominican Republic,2020-04-23,5300.0,511.67,581.0,260.0,0.049056603773584916,,,256.0,15.0
Dominican Republic,2020-04-24,5543.0,535.13,674.0,265.0,0.04780804618437669,,,243.0,5.0
Dominican Republic,2020-04-25,5749.0,555.01,763.0,267.0,0.04644285962776135,,,206.0,2.0
Dominican Republic,2020-04-26,5926.0,572.1,822.0,273.0,0.04606817414782315,,,177.0,6.0
Dominican Republic,2020-04-27,6135.0,592.28,910.0,278.0,0.04531377343113285,,,209.0,5.0
Dominican Republic,2020-04-28,6293.0,607.53,993.0,282.0,0.04481169553472112,,,158.0,4.0
Dominican Republic,2020-04-29,6416.0,619.41,1165.0,286.0,0.044576059850374064,,,123.0,4.0
Dominican Republic,2020-04-30,6416.0,619.41,1165.0,286.0,0.044576059850374064,,,0.0,0.0
Dominican Republic,2020-05-01,6972.0,673.0,1301.0,301.0,0.04317269076305221,,,556.0,15.0
Dominican Republic,2020-05-02,7288.0,704.0,1387.0,313.0,0.042947310647639965,,,316.0,12.0
Dominican Republic,2020-05-03,7578.0,732.0,1481.0,326.0,0.043019266297176034,,,290.0,13.0
Dominican Republic,2020-05-04,7578.0,732.0,1481.0,326.0,0.043019266297176034,,,0.0,0.0
Dominican Republic,2020-05-05,8235.0,795.0,1771.0,346.0,0.04201578627808136,,,657.0,20.0
Dominican Republic,2020-05-06,8480.0,819.0,1905.0,354.0,0.04174528301886792,,,245.0,8.0
Dominican Republic,2020-05-07,8807.0,850.0,1989.0,362.0,0.041103667537186334,,,327.0,8.0
Dominican Republic,2020-05-08,9095.0,878.0,2064.0,373.0,0.04101154480483783,,,288.0,11.0
Dominican Republic,2020-05-09,9376.0,905.0,2286.0,380.0,0.04052901023890785,,,281.0,7.0
Dominican Republic,2020-05-10,9882.0,954.0,2584.0,385.0,0.03895972475207448,,,506.0,5.0
Dominican Republic,2020-05-11,10347.0,999.0,2763.0,388.0,0.037498791920363386,,,465.0,3.0
Dominican Republic,2020-05-12,10634.0,1027.0,2870.0,393.0,0.036956930599962384,,,287.0,5.0
Dominican Republic,2020-05-13,10900.0,1052.0,3221.0,402.0,0.036880733944954135,,,266.0,9.0
Dominican Republic,2020-05-15,11320.0,1093.0,3351.0,422.0,0.037279151943462895,,,420.0,20.0
Dominican Republic,2020-05-16,11739.0,1133.0,33557.0,424.0,0.03611891983985007,,,419.0,2.0
Dominican Republic,2020-05-17,12110.0,1169.0,3726.0,428.0,0.03534269199009083,,,371.0,4.0
Dominican Republic,2020-05-18,12314.0,1189.0,5847.0,428.0,0.03475718694169238,,,204.0,0.0
Dominican Republic,2020-05-19,12725.0,1228.0,6613.0,434.0,0.034106090373280946,,,411.0,6.0
Dominican Republic,2020-05-20,13223.0,1277.0,6685.0,441.0,0.03335097935415564,,,498.0,7.0
,2020-05-21,,,,,,,,,
Dominican Republic,2020-05-22,13657.0,1318.0,7366.0,448.0,0.032803690415171706,,,,
Dominican Republic,2020-05-23,13989.0,1351.0,7572.0,456.0,0.03259704053184645,,,332.0,8.0
Dominican Republic,2020-05-24,14422.0,1392.0,7854.0,458.0,0.03175703785882679,,,433.0,2.0
Dominican Republic,2020-05-25,14801.0,1429.0,8133.0,458.0,0.03094385514492264,,,379.0,0.0
Dominican Republic,2020-05-26,15073.0,1455.0,8285.0,460.0,0.030518145027532674,,,272.0,2.0
Dominican Republic,2020-05-27,15264.0,1474.0,8534.0,468.0,0.03066037735849057,,,191.0,8.0
Dominican Republic,2020-05-28,15723.0,1518.0,8790.0,474.0,0.03014691852699866,,,459.0,6.0
Dominican Republic,2020-05-29,16068.0,1551.0,8952.0,485.0,0.03018421707742096,,,345.0,11.0
Dominican Republic,2020-05-30,16068.0,1551.0,8952.0,485.0,0.03018421707742096,,,0.0,0.0
Dominican Republic,2020-05-31,16908.0,1632.0,9557.0,498.0,0.02945351312987935,,,840.0,13.0
Dominican Republic,2020-06-01,16908.0,1632.0,9557.0,498.0,0.02945351312987935,,,0.0,0.0
Dominican Republic,2020-06-02,17572.0,1696.0,10893.0,502.0,0.028568176644661963,,,664.0,4.0
Dominican Republic,2020-06-03,17572.0,1696.0,10893.0,502.0,0.0286,,,0.0,0.0
Dominican Republic,2020-06-04,18040.0,1742.0,11224.0,516.0,0.0286,,,468.0,14.0
Dominican Republic,2020-06-05,18319.0,1769.0,11474.0,520.0,0.0284,,,279.0,4.0
Dominican Republic,2020-06-06,18708.0,1806.0,11736.0,525.0,0.0281,,,389.0,5.0
Dominican Republic,2020-06-07,19195.0,1853.0,11919.0,536.0,0.0279,,,487.0,11.0
Dominican Republic,2020-06-08,19600.0,1892.0,12007.0,538.0,0.0274,,,405.0,2.0
Dominican Republic,2020-06-09,20129.0,1943.0,12158.0,539.0,0.0268,,,529.0,1.0
Dominican Republic,2020-06-10,20415.0,1971.0,12208.0,544.0,0.0266,,,286.0,5.0
Dominican Republic,2020-06-12,21437.0,2070.0,13541.0,561.0,0.0262,,,1022.0,17.0
Dominican Republic,2020-06-13,22008.0,2125.0,12754.0,568.0,0.0258,,,571.0,7.0
Dominican Republic,2020-06-14,22572.0,2179.0,13084.0,577.0,0.0256,,,564.0,9.0
Dominican Republic,2020-06-15,22572.0,2179.0,13084.0,577.0,0.0256,,,0.0,0.0
Dominican Republic,2020-06-16,23271.0,2247.0,14025.0,605.0,0.026000000000000002,,,699.0,28.0
Dominican Republic,2020-06-17,23686.0,2287.0,14133.0,615.0,0.026000000000000002,,,415.0,10.0
Dominican Republic,2020-06-18,24105.0,2327.0,14216.0,633.0,0.0263,,,419.0,18.0
Dominican Republic,2020-06-19,24645.0,2379.0,14293.0,635.0,0.0258,,,540.0,2.0
Dominican Republic,2020-06-20,25068.0,2420.0,14605.0,647.0,0.0258,,,423.0,12.0
Dominican Republic,2020-06-21,25778.0,2489.0,14957.0,655.0,0.0254,,,710.0,8.0
Dominican Republic,2020-06-22,26677.0,2575.0,15138.0,662.0,0.0248,,,899.0,7.0
Dominican Republic,2020-06-23,27370.0,2642.0,15338.0,669.0,0.0244,,,693.0,7.0
Dominican Republic,2020-06-24,27936.0,2697.0,15551.0,675.0,0.0242,,,566.0,6.0
Dominican Republic,2020-06-25,28631.0,2764.0,16006.0,691.0,0.0241,,,695.0,16.0
Dominican Republic,2020-06-26,29141.0,2813.0,16223.0,698.0,0.024,,,510.0,7.0
Dominican Republic,2020-06-27,29764.0,2873.0,16357.0,712.0,0.0239,,,623.0,14.0
Dominican Republic,2020-06-28,30619.0,2956.0,16666.0,718.0,0.0234,,,855.0,6.0
Dominican Republic,2020-06-29,31373.0,3029.0,17142.0,726.0,0.0231,,,754.0,8.0
Dominican Republic,2020-06-30,31816.0,3072.0,17280.0,733.0,0.023,,,443.0,7.0
Dominican Republic,2020-07-01,32568.0,3144.0,17580.0,747.0,0.0229,,,752.0,14.0
Dominican Republic,2020-07-02,33387.0,3223.0,17904.0,754.0,0.0226,,,819.0,7.0
Dominican Republic,2020-07-03,34197.0,3301.0,0.0,765.0,0.0224,,,810.0,11.0
Dominican Republic,2020-07-04,35148.0,3393.0,18392.0,775.0,0.022000000000000002,,,951.0,10.0
Dominican Republic,2020-07-05,36184.0,3493.0,18602.0,786.0,0.0217,,,1036.0,11.0
Dominican Republic,2020-07-06,37425.0,3613.0,18943.0,794.0,0.0212,,,1241.0,8.0
Dominican Republic,2020-07-07,38128.0,3681.0,19489.0,804.0,0.0211,,,703.0,10.0
Dominican Republic,2020-07-09,39588.0,3822.0,20056.0,829.0,0.0209,,,1460.0,25.0
Dominican Republic,2020-07-10,40790.0,3938.0,0.0,842.0,0.0206,,,1202.0,13.0
Dominican Republic,2020-07-11,41915.0,4047.0,20830.0,864.0,0.0206,,,1125.0,22.0
Dominican Republic,2020-07-12,43114.0,4162.0,0.0,880.0,0.0204,,,1199.0,16.0
Dominican Republic,2020-07-14,45506.0,4393.0,22441.0,903.0,0.0198,,,2392.0,23.0
Dominican Republic,2020-07-15,46305.0,4470.0,0.0,910.0,0.0197,,,799.0,7.0
Dominican Republic,2020-07-16,47671.0,4602.0,0.0,929.0,0.0195,,,1366.0,19.0
Dominican Republic,2020-07-18,50113.0,4838.0,0.0,942.0,0.0188,,,2442.0,13.0
Dominican Republic,2020-07-19,51519.0,4974.0,24607.0,971.0,0.0188,,,1406.0,29.0
Dominican Republic,2020-07-19,51519.0,4974.0,24607.0,971.0,0.0188,,,0.0,0.0
Dominican Republic,2020-07-21,53956.0,5209.0,25561.0,993.0,0.0184,,,2437.0,22.0
Dominican Republic,2020-07-22,54797.0,5290.0,25976.0,999.0,0.0182,,,841.0,6.0
Dominican Republic,2020-07-23,56043.0,5410.0,26466.0,1005.0,0.0179,,,1246.0,6.0
Dominican Republic,2020-07-24,56043.0,5410.0,26466.0,1005.0,0.0179,,,0.0,0.0
Dominican Republic,2020-07-25,59077.0,5703.0,27625.0,1036.0,0.0175,,,3034.0,31.0
Dominican Republic,2020-07-26,60896.0,5879.0,27980.0,1055.0,0.0173,,,1819.0,19.0
Dominican Republic,2020-07-27,62908.0,6073.0,28603.0,1063.0,0.0169,,,2012.0,8.0
Dominican Republic,2020-07-28,64156.0,6194.0,30204.0,1083.0,0.0169,,,1248.0,20.0
Dominican Republic,2020-07-29,64690.0,6245.0,32014.0,1101.0,0.017,,,534.0,18.0
Dominican Republic,2020-07-30,66182.0,6389.0,0.0,1123.0,0.017,,,1492.0,22.0
Dominican Republic,2020-07-31,67915.0,6557.0,0.0,1146.0,0.0169,,,1733.0,23.0
Dominican Republic,2020-08-01,69649.0,6724.0,36470.0,1160.0,0.0167,,,1734.0,14.0
Dominican Republic,2020-08-02,71415.0,6894.0,37509.0,1170.0,0.0164,,,1766.0,10.0
Dominican Republic,2020-08-03,72243.0,6974.0,38244.0,1178.0,0.0163,,,828.0,8.0
Dominican Republic,2020-08-04,73117.0,7059.0,0.0,1183.0,0.0162,,,874.0,5.0
Dominican Republic,2020-08-05,74295.0,7172.0,0.0,1213.0,0.0163,,,1178.0,30.0
Dominican Republic,2020-08-06,75660.0,7304.0,40122.0,1222.0,0.0162,,,1365.0,9.0
Dominican Republic,2020-08-07,75660.0,7304.0,40122.0,1222.0,0.0162,,,0.0,0.0
Dominican Republic,2020-08-08,79536.0,7678.0,40539.0,1246.0,0.0157,,,3876.0,24.0
Dominican Republic,2020-08-09,78778.0,7605.0,42538.0,1289.0,0.0164,,,0.0,43.0
Dominican Republic,2020-08-10,79732.0,7697.0,43744.0,1309.0,0.0164,,,954.0,20.0
Dominican Republic,2020-08-11,80499.0,7771.0,44910.0,1328.0,0.0165,,,767.0,19.0
Dominican Republic,2020-08-12,81094.0,7829.0,45666.0,1346.0,0.0166,,,595.0,18.0
Dominican Republic,2020-08-13,81094.0,7829.0,45666.0,1346.0,0.0166,,,0.0,0.0
Dominican Republic,2020-08-14,81094.0,7829.0,45666.0,1346.0,0.0166,,,0.0,0.0
Dominican Republic,2020-08-15,83134.0,8026.0,47946.0,1393.0,0.0168,,,2040.0,47.0
Dominican Republic,2020-08-16,84488.0,8157.0,49539.0,1409.0,0.0167,,,1354.0,16.0
Dominican Republic,2020-08-17,85545.0,8259.0,51356.0,1438.0,0.0168,,,1057.0,29.0
Dominican Republic,2020-08-18,86309.0,8332.0,52905.0,1453.0,0.0168,,,764.0,15.0
Dominican Republic,2020-08-19,87123.0,8411.0,55504.0,1489.0,0.0171,,,814.0,36.0
Dominican Republic,2020-08-20,88127.0,8508.0,56760.0,1501.0,0.017,,,1004.0,12.0
Dominican Republic,2020-08-22,89867.0,8676.0,59132.0,1533.0,0.0171,,,1740.0,32.0
Dominican Republic,2020-08-23,90561.0,8743.0,59949.0,1554.0,0.0172,,,694.0,21.0
Dominican Republic,2020-08-24,91161.0,8801.0,60670.0,1567.0,0.0172,,,600.0,13.0
Dominican Republic,2020-08-25,91608.0,8844.0,0.0,1573.0,0.0172,,,447.0,6.0
Dominican Republic,2020-08-26,92217.0,8903.0,0.0,1585.0,0.0172,,,609.0,12.0
Dominican Republic,2020-08-27,92557.0,8936.0,63478.0,1613.0,0.0174,,,340.0,28.0
Dominican Republic,2020-08-28,92964.0,8975.0,15338.0,1630.0,0.0175,,,407.0,17.0
Dominican Republic,2020-08-29,93390.0,9016.0,65285.0,1648.0,0.0176,,,426.0,18.0
Dominican Republic,2020-08-30,93732.0,9049.0,15338.0,1673.0,0.0178,,,342.0,25.0
Dominican Republic,2020-08-31,93732.0,9049.0,15338.0,1673.0,0.0178,,,0.0,0.0
Dominican Republic,2020-09-01,94715.0,9144.0,0.0,1710.0,0.0181,,,983.0,37.0
Dominican Republic,2020-09-02,94979.0,9169.0,0.0,1738.0,0.0183,,,264.0,28.0
Dominican Republic,2020-09-03,95627.0,9232.0,69519.0,1765.0,0.0185,,,648.0,27.0
Dominican Republic,2020-09-04,96629.0,9329.0,70871.0,1801.0,0.0186,,,1002.0,36.0
Dominican Republic,2020-09-05,96629.0,9329.0,70871.0,1801.0,0.0186,,,0.0,0.0
Dominican Republic,2020-09-07,99333.0,9590.0,72567.0,1845.0,0.0186,,,2704.0,44.0
Dominican Republic,2020-09-08,99898.0,9644.0,73228.0,1864.0,0.0187,,,565.0,19.0
Dominican Republic,2020-09-09,100131.0,9667.0,73795.0,1889.0,0.0189,,,233.0,25.0
Dominican Republic,2020-09-10,100131.0,9667.0,73795.0,1889.0,0.0189,,,0.0,0.0
Dominican Republic,2020-09-11,101716.0,9820.0,0.0,1926.0,0.0189,,,1585.0,37.0
Dominican Republic,2020-09-12,102232.0,9870.0,75747.0,1941.0,0.019,,,516.0,15.0
Dominican Republic,2020-09-13,103092.0,9953.0,76531.0,1953.0,0.0189,,,860.0,12.0
Dominican Republic,2020-09-14,103660.0,10007.0,0.0,1968.0,0.019,,,568.0,15.0
Dominican Republic,2020-09-15,104110.0,10051.0,77790.0,1984.0,0.0191,,,450.0,16.0
Dominican Republic,2020-09-16,104803.0,10118.0,78387.0,1998.0,0.0191,,,693.0,14.0
Dominican Republic,2020-09-17,105521.0,10187.0,78891.0,2009.0,0.019,,,718.0,11.0
Dominican Republic,2020-09-18,106136.0,10246.0,79363.0,2022.0,0.0191,,,615.0,13.0
Dominican Republic,2020-09-20,107700.0,10397.0,0.0,2044.0,0.019,,,1564.0,22.0
Dominican Republic,2020-09-21,108289.0,10454.0,0.0,2047.0,0.0189,,,589.0,3.0
Dominican Republic,2020-09-22,108783.0,10502.0,82274.0,2054.0,0.0189,,,494.0,7.0
Dominican Republic,2020-09-23,108783.0,10502.0,82274.0,2054.0,0.0189,,,0.0,0.0
Dominican Republic,2020-09-24,109737.0,0.0,,2074.0,0.0189,10594.0,,954.0,20.0
Dominican Republic,2020-09-25,110122.0,0.0,,2076.0,0.0189,10631.0,,385.0,2.0
Dominican Republic,2020-09-26,110597.0,0.0,,2087.0,0.0189,10677.0,,475.0,11.0
Dominican Republic,2020-09-27,110957.0,0.0,,2093.0,0.0189,10712.0,,360.0,6.0
Dominican Republic,2020-09-28,111386.0,0.0,,2095.0,0.0188,10753.0,,429.0,2.0
Dominican Republic,2020-09-29,111666.0,0.0,,2098.0,0.0188,10780.0,,280.0,3.0
Dominican Republic,2020-09-30,111666.0,0.0,,2098.0,0.0188,10780.0,,0.0,0.0
Dominican Republic,2020-10-02,112728.0,0.0,,2108.0,0.0187,10883.0,,1062.0,10.0
Dominican Republic,2020-10-03,112728.0,0.0,,2108.0,0.0187,10883.0,,0.0,0.0
Dominican Republic,2020-10-04,113350.0,0.0,,2117.0,0.0187,10943.0,,622.0,9.0
Dominican Republic,2020-10-05,113926.0,0.0,,2128.0,0.0187,10999.0,,576.0,11.0
Dominican Republic,2020-10-06,114480.0,0.0,,2134.0,0.0186,11052.0,,554.0,6.0
Dominican Republic,2020-10-08,115371.0,0.0,,2149.0,0.0186,11138.0,,891.0,15.0
Dominican Republic,2020-10-09,116148.0,0.0,,2159.0,0.0186,11213.0,,777.0,10.0
Dominican Republic,2020-10-10,116872.0,0.0,,2163.0,0.0185,11283.0,,724.0,4.0
Dominican Republic,2020-10-11,117457.0,0.0,,2165.0,0.0184,11339.0,,585.0,2.0
Dominican Republic,2020-10-12,118014.0,0.0,,2167.0,0.0184,11393.0,,557.0,2.0
Dominican Republic,2020-10-13,118477.0,0.0,,2173.0,0.0183,11438.0,,463.0,6.0
Dominican Republic,2020-10-14,118843.0,0.0,,2179.0,0.0183,11473.0,,366.0,6.0
Dominican Republic,2020-10-15,119008.0,0.0,,2183.0,0.0183,11489.0,,165.0,4.0
Dominican Republic,2020-10-18,120450.0,0.0,,2192.0,0.0182,11628.0,,1442.0,9.0
Dominican Republic,2020-10-19,120925.0,0.0,,2195.0,0.0182,11674.0,,475.0,3.0
Dominican Republic,2020-10-20,121347.0,0.0,,2199.0,0.0181,11715.0,,422.0,4.0
Dominican Republic,2020-10-22,121973.0,0.0,,2204.0,0.0181,11775.0,,626.0,5.0
Dominican Republic,2020-10-23,122398.0,0.0,,2206.0,0.018000000000000002,11816.0,,425.0,2.0
Dominican Republic,2020-10-24,122873.0,0.0,,2212.0,0.018000000000000002,11862.0,,475.0,6.0
Dominican Republic,2020-10-25,122873.0,0.0,,2212.0,0.018000000000000002,11862.0,,0.0,0.0
Dominican Republic,2020-10-26,124018.0,0.0,,2220.0,0.0179,11973.0,,1145.0,8.0
Dominican Republic,2020-10-27,124527.0,0.0,,2223.0,0.0179,12022.0,,509.0,3.0
Dominican Republic,2020-10-28,125008.0,12068.0,,2226.0,0.0178,,165.0,481.0,3.0
Dominican Republic,2020-10-29,125008.0,12068.0,,2226.0,0.0178,,165.0,0.0,0.0
Dominican Republic,2020-10-30,125570.0,12123.0,,2232.0,0.0178,,562.0,562.0,6.0
Dominican Republic,2020-10-31,125913.0,12156.0,,2234.0,0.0177,,343.0,343.0,2.0
Dominican Republic,2020-11-01,126332.0,12196.0,,2236.0,0.0177,,419.0,419.0,2.0
Dominican Republic,2020-11-02,127018.0,12262.0,,2245.0,0.0177,,686.0,686.0,9.0
Dominican Republic,2020-11-03,127332.0,12293.0,,2249.0,0.0177,,314.0,314.0,4.0
Dominican Republic,2020-11-04,127591.0,12318.0,,2250.0,0.0176,,259.0,259.0,1.0
Dominican Republic,2020-11-05,127848.0,12343.0,,2252.0,0.0176,,257.0,257.0,2.0
Dominican Republic,2020-11-06,128278.0,12384.0,,2257.0,0.0176,,430.0,430.0,5.0
Dominican Republic,2020-11-07,128824.0,12437.0,,2260.0,0.0175,,546.0,546.0,3.0
Dominican Republic,2020-11-08,129300.0,12483.0,,2261.0,0.0175,,476.0,476.0,1.0
Dominican Republic,2020-11-09,129645.0,12516.0,,2263.0,0.0175,,345.0,345.0,2.0
Dominican Republic,2020-11-10,130182.0,12568.0,,2265.0,0.0174,,537.0,537.0,2.0
Dominican Republic,2020-11-11,130603.0,12609.0,,2267.0,0.0174,,421.0,421.0,2.0
Dominican Republic,2020-11-12,131131.0,12659.0,,2269.0,0.0173,,528.0,528.0,2.0
Dominican Republic,2020-11-13,131265.0,12672.0,,2272.0,0.0173,,134.0,134.0,3.0
Dominican Republic,2020-11-15,132554.0,12797.0,,2280.0,0.0172,,918.0,1289.0,8.0
Dominican Republic,2020-11-16,133225.0,12862.0,,2282.0,0.0171,,671.0,671.0,2.0
Dominican Republic,2020-11-17,133724.0,12910.0,,2285.0,0.0171,,499.0,499.0,3.0
Dominican Republic,2020-11-18,134203.0,12956.0,,2286.0,0.017,,479.0,479.0,1.0
Dominican Republic,2020-11-19,134697.0,13004.0,,2290.0,0.017,,494.0,494.0,4.0
Dominican Republic,2020-11-20,135157.0,13048.0,,2293.0,0.017,,460.0,460.0,3.0
Dominican Republic,2020-11-21,136183.0,13147.0,,2301.0,0.0169,,1026.0,1026.0,8.0
Dominican Republic,2020-11-22,136784.0,13205.0,,2306.0,0.0169,,601.0,601.0,5.0
Dominican Republic,2020-11-23,137770.0,13300.0,,2308.0,0.0168,,986.0,986.0,2.0
Dominican Republic,2020-11-24,138410.0,13362.0,,2310.0,0.0167,,640.0,640.0,2.0
Dominican Republic,2020-11-25,138829.0,13403.0,,2311.0,0.0166,,419.0,419.0,1.0
Dominican Republic,2020-11-26,139111.0,13430.0,,2313.0,0.0166,,282.0,282.0,2.0
Dominican Republic,2020-11-27,139396.0,13457.0,,2315.0,0.0166,,285.0,285.0,2.0
Dominican Republic,2020-11-28,140922.0,13605.0,,2317.0,0.0164,,1526.0,1526.0,2.0
Dominican Republic,2020-11-29,141777.0,13687.0,,2324.0,0.0164,,855.0,855.0,7.0
Dominican Republic,2020-11-30,142653.0,13772.0,,2328.0,0.0163,,876.0,876.0,4.0
Dominican Republic,2020-12-01,143473.0,13851.0,,2330.0,0.0162,,820.0,820.0,2.0
Dominican Republic,2020-12-01,143473.0,13851.0,,2330.0,0.0162,,820.0,0.0,0.0
Dominican Republic,2020-12-02,143988.0,13901.0,,2331.0,0.0162,,515.0,515.0,1.0
Dominican Republic,2020-12-03,144302.0,13931.0,,2333.0,0.0162,,314.0,314.0,2.0
Dominican Republic,2020-12-04,145197.0,14017.0,,2334.0,0.0161,,895.0,895.0,1.0
