Location,Date,Confirmed,Case_Per_1M_people,Recovered,Deaths,Mortality,Cases per 1 million people,NewCases,NewConfirmed,NewDeaths
Egypt,2020-03-31,656.0,6.55,132.0,41.0,0.0625,,,0.0,0.0
Egypt,2020-04-01,710.0,7.09,157.0,46.0,0.0647887323943662,,,54.0,5.0
Egypt,2020-04-02,779.0,7.77,179.0,52.0,0.06675224646983313,,,69.0,6.0
Egypt,2020-04-03,850.0,8.48,179.0,52.0,0.0611764705882353,,,71.0,0.0
Egypt,2020-04-07,1322.0,13.19,259.0,85.0,0.06429652042360061,,,472.0,33.0
Egypt,2020-04-10,1699.0,16.96,348.0,118.0,0.06945261918775751,,,377.0,33.0
Egypt,2020-04-11,1794.0,17.9,384.0,135.0,0.07525083612040134,,,95.0,17.0
Egypt,2020-04-12,1939.0,19.35,542.0,146.0,0.07529654461062403,,,145.0,11.0
Egypt,2020-04-14,2190.0,21.86,589.0,164.0,0.07488584474885844,,,251.0,18.0
Egypt,2020-04-17,2673.0,26.68,596.0,196.0,0.07332585110362888,,,483.0,32.0
Egypt,2020-04-18,2844.0,28.38,646.0,205.0,0.0720815752461322,,,171.0,9.0
Egypt,2020-04-20,3144.0,31.38,732.0,239.0,0.07601781170483461,,,300.0,34.0
Egypt,2020-04-22,3490.0,34.83,870.0,264.0,0.07564469914040113,,,346.0,25.0
Egypt,2020-04-23,3659.0,36.52,935.0,276.0,0.07543044547690626,,,169.0,12.0
Egypt,2020-04-24,3891.0,38.83,1004.0,287.0,0.07375995887946543,,,232.0,11.0
Egypt,2020-04-25,4092.0,40.84,1075.0,294.0,0.0718475073313783,,,201.0,7.0
Egypt,2020-04-26,4319.0,43.1,1114.0,307.0,0.07108126881222505,,,227.0,13.0
Egypt,2020-04-27,4534.0,45.25,1176.0,317.0,0.06991618879576532,,,215.0,10.0
Egypt,2020-04-28,4782.0,47.72,1236.0,337.0,0.07047260560434965,,,248.0,20.0
Egypt,2020-04-29,5042.0,50.32,1304.0,359.0,0.07120190400634667,,,260.0,22.0
Egypt,2020-04-30,5042.0,50.32,1304.0,359.0,0.07120190400634667,,,0.0,0.0
Egypt,2020-05-01,5537.0,55.0,1381.0,392.0,0.07079646017699115,,,495.0,33.0
Egypt,2020-05-02,5895.0,59.0,1460.0,406.0,0.06887192536047497,,,358.0,14.0
Egypt,2020-05-03,6193.0,62.0,1522.0,415.0,0.06701114161149685,,,298.0,9.0
Egypt,2020-05-04,6193.0,62.0,1522.0,415.0,0.06701114161149685,,,0.0,0.0
Egypt,2020-05-05,6813.0,68.0,1632.0,436.0,0.06399530309702041,,,620.0,21.0
Egypt,2020-05-06,7201.0,72.0,1730.0,452.0,0.06276905985279822,,,388.0,16.0
Egypt,2020-05-07,7588.0,76.0,1815.0,469.0,0.061808118081180814,,,387.0,17.0
Egypt,2020-05-08,7981.0,80.0,1887.0,482.0,0.06039343440671595,,,393.0,13.0
Egypt,2020-05-09,8476.0,85.0,1945.0,503.0,0.05934403020292591,,,495.0,21.0
Egypt,2020-05-10,8964.0,89.0,2002.0,514.0,0.057340473003123615,,,488.0,11.0
Egypt,2020-05-11,9400.0,94.0,2075.0,525.0,0.05585106382978723,,,436.0,11.0
Egypt,2020-05-12,9746.0,97.0,2172.0,533.0,0.0546891032218346,,,346.0,8.0
Egypt,2020-05-13,10093.0,101.0,2326.0,544.0,0.053898741702169815,,,347.0,11.0
Egypt,2020-05-15,10829.0,108.0,3133.0,571.0,0.0527287838212208,,,736.0,27.0
Egypt,2020-05-16,11228.0,112.0,3363.0,592.0,0.05272532953330959,,,399.0,21.0
Egypt,2020-05-17,11719.0,117.0,3526.0,612.0,0.05222288591176722,,,491.0,20.0
Egypt,2020-05-18,12229.0,122.0,3742.0,630.0,0.051516886090440764,,,510.0,18.0
Egypt,2020-05-19,12764.0,127.0,3440.0,645.0,0.050532748354747734,,,535.0,15.0
Egypt,2020-05-20,13484.0,135.0,3742.0,659.0,0.04887273805992287,,,720.0,14.0
,2020-05-21,,,,,,,,,
Egypt,2020-05-22,15003.0,150.0,4217.0,696.0,0.04639072185562888,,,,
Egypt,2020-05-23,15786.0,158.0,4374.0,707.0,0.044786519701000886,,,783.0,11.0
Egypt,2020-05-24,16513.0,165.0,4628.0,735.0,0.04451038575667656,,,727.0,28.0
Egypt,2020-05-25,17265.0,172.0,4807.0,764.0,0.044251375615406895,,,752.0,29.0
Egypt,2020-05-26,17967.0,179.0,4900.0,783.0,0.04357989647687427,,,702.0,19.0
Egypt,2020-05-27,18756.0,187.0,5027.0,797.0,0.04249306888462359,,,789.0,14.0
Egypt,2020-05-28,19666.0,196.0,5205.0,816.0,0.04149293196379538,,,910.0,19.0
Egypt,2020-05-29,20793.0,208.0,5359.0,845.0,0.04063867647766075,,,1127.0,29.0
Egypt,2020-05-30,22082.0,220.0,5511.0,879.0,0.039806176976723125,,,1289.0,34.0
Egypt,2020-05-31,23449.0,234.0,5693.0,913.0,0.03893556228410593,,,1367.0,34.0
Egypt,2020-06-01,24985.0,249.0,6810.0,959.0,0.03838302981789073,,,1536.0,46.0
Egypt,2020-06-02,26384.0,263.0,7149.0,1005.0,0.03809126743480898,,,1399.0,46.0
Egypt,2020-06-03,27536.0,275.0,7642.0,1052.0,0.0382,,,1152.0,47.0
Egypt,2020-06-04,28615.0,286.0,7350.0,1088.0,0.038,,,1079.0,36.0
Egypt,2020-06-05,29767.0,297.0,7756.0,1126.0,0.0378,,,1152.0,38.0
Egypt,2020-06-06,31115.0,311.0,9216.0,1166.0,0.0375,,,1348.0,40.0
Egypt,2020-06-07,32612.0,325.0,8538.0,1198.0,0.0367,,,1497.0,32.0
Egypt,2020-06-08,34079.0,340.0,10131.0,1237.0,0.0363,,,1467.0,39.0
Egypt,2020-06-09,35444.0,354.0,10618.0,1271.0,0.0359,,,1365.0,34.0
Egypt,2020-06-10,36829.0,368.0,9786.0,1306.0,0.0355,,,1385.0,35.0
Egypt,2020-06-12,39726.0,396.0,10691.0,1377.0,0.0347,,,2897.0,71.0
Egypt,2020-06-13,41303.0,412.0,11108.0,1422.0,0.0344,,,1577.0,45.0
Egypt,2020-06-14,42980.0,429.0,11529.0,1484.0,0.0345,,,1677.0,62.0
Egypt,2020-06-15,42980.0,429.0,11529.0,1484.0,0.0345,,,0.0,0.0
Egypt,2020-06-16,46289.0,462.0,12329.0,1672.0,0.0361,,,3309.0,188.0
Egypt,2020-06-17,47856.0,478.0,12730.0,1766.0,0.0369,,,1567.0,94.0
Egypt,2020-06-18,49219.0,491.0,13141.0,1850.0,0.0376,,,1363.0,84.0
Egypt,2020-06-19,50437.0,503.0,13528.0,1938.0,0.0384,,,1218.0,88.0
Egypt,2020-06-20,52211.0,521.0,13928.0,2017.0,0.0386,,,1774.0,79.0
Egypt,2020-06-21,53758.0,537.0,14327.0,2106.0,0.0392,,,1547.0,89.0
Egypt,2020-06-22,55233.0,551.0,14736.0,2193.0,0.0397,,,1475.0,87.0
Egypt,2020-06-23,56809.0,567.0,15133.0,2278.0,0.0401,,,1576.0,85.0
Egypt,2020-06-24,58141.0,580.0,15535.0,2365.0,0.0407,,,1332.0,87.0
Egypt,2020-06-25,59561.0,594.0,15935.0,2450.0,0.0411,,,1420.0,85.0
Egypt,2020-06-26,61130.0,610.0,16338.0,2533.0,0.0414,,,1569.0,83.0
Egypt,2020-06-27,62755.0,626.0,16737.0,2620.0,0.0417,,,1625.0,87.0
Egypt,2020-06-28,63923.0,638.0,17140.0,2708.0,0.0424,,,1168.0,88.0
Egypt,2020-06-29,65188.0,651.0,17539.0,2789.0,0.0428,,,1265.0,81.0
Egypt,2020-06-30,66754.0,666.0,17951.0,2872.0,0.043,,,1566.0,83.0
Egypt,2020-07-01,68311.0,682.0,18460.0,2953.0,0.0432,,,1557.0,81.0
Egypt,2020-07-02,69814.0,697.0,18881.0,3034.0,0.0435,,,1503.0,81.0
Egypt,2020-07-03,71299.0,712.0,19288.0,3120.0,0.0438,,,1485.0,86.0
Egypt,2020-07-04,72711.0,726.0,19690.0,3201.0,0.044000000000000004,,,1412.0,81.0
Egypt,2020-07-05,74035.0,739.0,20103.0,3280.0,0.0443,,,1324.0,79.0
Egypt,2020-07-06,75253.0,751.0,20726.0,3343.0,0.0444,,,1218.0,63.0
Egypt,2020-07-07,76222.0,761.0,21238.0,3422.0,0.0449,,,969.0,79.0
Egypt,2020-07-09,78304.0,781.0,22241.0,3564.0,0.0455,,,2082.0,142.0
Egypt,2020-07-10,79254.0,791.0,22753.0,3617.0,0.0456,,,950.0,53.0
Egypt,2020-07-11,80235.0,801.0,23274.0,3702.0,0.0461,,,981.0,85.0
Egypt,2020-07-12,80235.0,801.0,23274.0,3702.0,0.0461,,,0.0,0.0
Egypt,2020-07-14,83001.0,828.0,24975.0,3935.0,0.0474,,,2766.0,233.0
Egypt,2020-07-15,83001.0,828.0,24975.0,3935.0,0.0474,,,0.0,0.0
Egypt,2020-07-16,83930.0,838.0,0.0,4008.0,0.0478,,,929.0,73.0
Egypt,2020-07-18,86474.0,863.0,0.0,4188.0,0.0484,,,2544.0,180.0
Egypt,2020-07-19,87172.0,870.0,27868.0,4251.0,0.0488,,,698.0,63.0
Egypt,2020-07-19,87172.0,870.0,27868.0,4251.0,0.0488,,,0.0,0.0
Egypt,2020-07-21,88402.0,882.0,28924.0,4352.0,0.0492,,,1230.0,101.0
Egypt,2020-07-22,89078.0,889.0,29473.0,4399.0,0.0494,,,676.0,47.0
Egypt,2020-07-23,89745.0,896.0,30075.0,4440.0,0.0495,,,667.0,41.0
Egypt,2020-07-24,89745.0,896.0,30075.0,4440.0,0.0495,,,0.0,0.0
Egypt,2020-07-25,91072.0,909.0,31970.0,4518.0,0.0496,,,1327.0,78.0
Egypt,2020-07-26,91583.0,914.0,32903.0,4558.0,0.0498,,,511.0,40.0
Egypt,2020-07-27,92062.0,919.0,33831.0,4606.0,0.05,,,479.0,48.0
Egypt,2020-07-28,92482.0,923.0,34838.0,4652.0,0.0503,,,420.0,46.0
Egypt,2020-07-29,92947.0,928.0,35959.0,4691.0,0.0505,,,465.0,39.0
Egypt,2020-07-30,93356.0,932.0,37025.0,4728.0,0.0506,,,409.0,37.0
Egypt,2020-07-31,93356.0,932.0,37025.0,4728.0,0.0506,,,0.0,0.0
Egypt,2020-08-01,94078.0,939.0,39638.0,4805.0,0.0511,,,722.0,77.0
Egypt,2020-08-02,94316.0,941.0,41137.0,4834.0,0.0513,,,238.0,29.0
Egypt,2020-08-03,94483.0,943.0,42455.0,4865.0,0.0515,,,167.0,31.0
Egypt,2020-08-04,94640.0,945.0,44066.0,4888.0,0.0516,,,157.0,23.0
Egypt,2020-08-05,94640.0,945.0,44066.0,4888.0,0.0516,,,0.0,0.0
Egypt,2020-08-06,94875.0,947.0,47182.0,4930.0,0.052000000000000005,,,235.0,42.0
Egypt,2020-08-07,94875.0,947.0,47182.0,4930.0,0.052000000000000005,,,0.0,0.0
Egypt,2020-08-08,95006.0,948.0,48898.0,4951.0,0.0521,,,131.0,21.0
Egypt,2020-08-09,95314.0,951.0,51672.0,4992.0,0.0524,,,308.0,41.0
Egypt,2020-08-10,95492.0,953.0,52678.0,5009.0,0.0525,,,178.0,17.0
Egypt,2020-08-11,95666.0,955.0,53779.0,5035.0,0.0526,,,174.0,26.0
Egypt,2020-08-12,95834.0,956.0,54888.0,5059.0,0.0528,,,168.0,24.0
Egypt,2020-08-13,95963.0,958.0,55901.0,5085.0,0.053,,,129.0,26.0
Egypt,2020-08-14,95963.0,958.0,55901.0,5085.0,0.053,,,0.0,0.0
Egypt,2020-08-15,96220.0,960.0,57858.0,5124.0,0.0533,,,257.0,39.0
Egypt,2020-08-16,96336.0,961.0,58835.0,5141.0,0.0534,,,116.0,17.0
Egypt,2020-08-17,96475.0,963.0,59743.0,5160.0,0.0535,,,139.0,19.0
Egypt,2020-08-18,96475.0,963.0,59743.0,5160.0,0.0535,,,0.0,0.0
Egypt,2020-08-19,96753.0,966.0,61562.0,5184.0,0.0536,,,278.0,24.0
Egypt,2020-08-20,96914.0,967.0,62553.0,5197.0,0.0536,,,161.0,13.0
Egypt,2020-08-22,97148.0,970.0,64318.0,5231.0,0.0538,,,234.0,34.0
Egypt,2020-08-23,97237.0,970.0,65118.0,5243.0,0.0539,,,89.0,12.0
Egypt,2020-08-24,97340.0,971.0,65927.0,5262.0,0.0541,,,103.0,19.0
Egypt,2020-08-25,97340.0,971.0,65927.0,5262.0,0.0541,,,0.0,0.0
Egypt,2020-08-26,97478.0,973.0,66817.0,5280.0,0.0542,,,138.0,18.0
Egypt,2020-08-27,97825.0,976.0,68713.0,5317.0,0.0544,,,347.0,37.0
Egypt,2020-08-28,98062.0,979.0,69612.0,5342.0,0.0545,,,237.0,25.0
Egypt,2020-08-29,98285.0,981.0,70419.0,5362.0,0.0546,,,223.0,20.0
Egypt,2020-08-30,98285.0,981.0,70419.0,5362.0,0.0546,,,0.0,0.0
Egypt,2020-08-31,98285.0,981.0,70419.0,5362.0,0.0546,,,0.0,0.0
Egypt,2020-09-01,98939.0,987.0,72929.0,5421.0,0.0548,,,654.0,59.0
Egypt,2020-09-02,98939.0,987.0,72929.0,5421.0,0.0548,,,0.0,0.0
Egypt,2020-09-03,99115.0,989.0,73828.0,5440.0,0.0549,,,176.0,19.0
Egypt,2020-09-04,99425.0,992.0,75415.0,5479.0,0.0551,,,310.0,39.0
Egypt,2020-09-05,99425.0,992.0,75415.0,5479.0,0.0551,,,0.0,0.0
Egypt,2020-09-07,99863.0,997.0,78108.0,5530.0,0.0554,,,438.0,51.0
Egypt,2020-09-08,100041.0,998.0,79008.0,5541.0,0.0554,,,178.0,11.0
Egypt,2020-09-09,100228.0,1000.0,79886.0,5560.0,0.0555,,,187.0,19.0
Egypt,2020-09-10,100228.0,1000.0,79886.0,5560.0,0.0555,,,0.0,0.0
Egypt,2020-09-11,100403.0,1002.0,80689.0,5577.0,0.0555,,,175.0,17.0
Egypt,2020-09-12,100708.0,1005.0,82473.0,5607.0,0.0557,,,305.0,30.0
Egypt,2020-09-13,100708.0,1005.0,82473.0,5607.0,0.0557,,,0.0,0.0
Egypt,2020-09-14,100856.0,1007.0,83261.0,5627.0,0.0558,,,148.0,20.0
Egypt,2020-09-15,101177.0,1010.0,84969.0,5661.0,0.055999999999999994,,,321.0,34.0
Egypt,2020-09-16,101340.0,1011.0,85745.0,5679.0,0.055999999999999994,,,163.0,18.0
Egypt,2020-09-17,101340.0,1011.0,85745.0,5679.0,0.055999999999999994,,,0.0,0.0
Egypt,2020-09-18,101641.0,1014.0,87158.0,5715.0,0.0562,,,301.0,36.0
Egypt,2020-09-20,101900.0,1017.0,0.0,5750.0,0.0564,,,259.0,35.0
Egypt,2020-09-21,101900.0,1017.0,88666.0,5750.0,0.0564,,,0.0,0.0
Egypt,2020-09-22,102141.0,1019.0,90332.0,5787.0,0.0567,,,241.0,37.0
Egypt,2020-09-23,102141.0,1019.0,90332.0,5787.0,0.0567,,,0.0,0.0
Egypt,2020-09-24,102254.0,0.0,,5806.0,0.0568,1020.0,,113.0,19.0
Egypt,2020-09-25,102375.0,0.0,,5822.0,0.0569,1022.0,,121.0,16.0
Egypt,2020-09-26,102513.0,0.0,,5835.0,0.0569,1023.0,,138.0,13.0
Egypt,2020-09-27,102736.0,0.0,,5869.0,0.0571,1025.0,,223.0,34.0
Egypt,2020-09-28,102740.0,0.0,,5883.0,0.0573,1025.0,,4.0,14.0
Egypt,2020-09-29,102955.0,0.0,,5901.0,0.0573,1027.0,,215.0,18.0
Egypt,2020-09-30,102955.0,0.0,,5901.0,0.0573,1027.0,,0.0,0.0
Egypt,2020-10-02,103198.0,0.0,,5930.0,0.0575,1030.0,,243.0,29.0
Egypt,2020-10-03,103317.0,0.0,,5946.0,0.0576,1031.0,,119.0,16.0
Egypt,2020-10-04,103466.0,0.0,,5956.0,0.0576,1033.0,,149.0,10.0
Egypt,2020-10-05,103575.0,0.0,,5970.0,0.0576,1034.0,,109.0,14.0
Egypt,2020-10-06,103683.0,0.0,,5981.0,0.0577,1035.0,,108.0,11.0
Egypt,2020-10-08,103902.0,0.0,,6001.0,0.0578,1037.0,,219.0,20.0
Egypt,2020-10-09,104035.0,0.0,,6010.0,0.0578,1038.0,,133.0,9.0
Egypt,2020-10-10,104156.0,0.0,,6017.0,0.0578,1039.0,,121.0,7.0
Egypt,2020-10-11,104262.0,0.0,,6029.0,0.0578,1041.0,,106.0,12.0
Egypt,2020-10-12,104387.0,0.0,,6040.0,0.0579,1042.0,,125.0,11.0
Egypt,2020-10-13,104516.0,0.0,,6052.0,0.0579,1043.0,,129.0,12.0
Egypt,2020-10-14,104648.0,0.0,,6062.0,0.0579,1044.0,,132.0,10.0
Egypt,2020-10-15,104787.0,0.0,,6071.0,0.0579,1046.0,,139.0,9.0
Egypt,2020-10-18,105159.0,0.0,,6099.0,0.057999999999999996,1049.0,,372.0,28.0
Egypt,2020-10-19,105297.0,0.0,,6109.0,0.057999999999999996,1051.0,,138.0,10.0
Egypt,2020-10-20,105424.0,0.0,,6120.0,0.0581,1052.0,,127.0,11.0
Egypt,2020-10-22,105705.0,0.0,,6142.0,0.0581,1055.0,,281.0,22.0
Egypt,2020-10-23,105883.0,0.0,,6155.0,0.0581,1057.0,,178.0,13.0
Egypt,2020-10-24,106060.0,0.0,,6166.0,0.0581,1058.0,,177.0,11.0
Egypt,2020-10-25,106230.0,0.0,,6176.0,0.0581,1060.0,,170.0,10.0
Egypt,2020-10-26,106397.0,0.0,,6187.0,0.0582,1062.0,,167.0,11.0
Egypt,2020-10-27,106540.0,0.0,,6199.0,0.0582,1063.0,,143.0,12.0
Egypt,2020-10-28,106877.0,1067.0,,6222.0,0.0582,,170.0,337.0,23.0
Egypt,2020-10-29,106877.0,1067.0,,6222.0,0.0582,,170.0,0.0,0.0
Egypt,2020-10-30,107030.0,1068.0,,6234.0,0.0582,,153.0,153.0,12.0
Egypt,2020-10-31,107209.0,1070.0,,6247.0,0.0583,,179.0,179.0,13.0
Egypt,2020-11-01,107376.0,1072.0,,6258.0,0.0583,,167.0,167.0,11.0
Egypt,2020-11-02,107555.0,1073.0,,6266.0,0.0583,,179.0,179.0,8.0
Egypt,2020-11-03,107736.0,1075.0,,6278.0,0.0583,,181.0,181.0,12.0
Egypt,2020-11-04,107925.0,1077.0,,6291.0,0.0583,,189.0,189.0,13.0
Egypt,2020-11-05,108122.0,1079.0,,6305.0,0.0583,,197.0,197.0,14.0
Egypt,2020-11-06,108329.0,1081.0,,6318.0,0.0583,,207.0,207.0,13.0
Egypt,2020-11-07,108530.0,1083.0,,6329.0,0.0583,,201.0,201.0,11.0
Egypt,2020-11-08,108754.0,1085.0,,6343.0,0.0583,,224.0,224.0,14.0
Egypt,2020-11-09,108962.0,1087.0,,6355.0,0.0583,,208.0,208.0,12.0
Egypt,2020-11-10,109201.0,1090.0,,6368.0,0.0583,,239.0,239.0,13.0
Egypt,2020-11-11,109422.0,1092.0,,6380.0,0.0583,,221.0,221.0,12.0
Egypt,2020-11-12,109654.0,1094.0,,6394.0,0.0583,,232.0,232.0,14.0
Egypt,2020-11-13,109881.0,1097.0,,6405.0,0.0583,,227.0,227.0,11.0
Egypt,2020-11-15,110319.0,1101.0,,6429.0,0.0583,,224.0,438.0,24.0
Egypt,2020-11-16,110547.0,1103.0,,6442.0,0.0583,,228.0,228.0,13.0
Egypt,2020-11-17,110767.0,1105.0,,6453.0,0.0583,,220.0,220.0,11.0
Egypt,2020-11-18,111009.0,1108.0,,6465.0,0.0582,,242.0,242.0,12.0
Egypt,2020-11-19,111284.0,1111.0,,6481.0,0.0582,,275.0,275.0,16.0
Egypt,2020-11-20,111613.0,1114.0,,6495.0,0.0582,,329.0,329.0,14.0
Egypt,2020-11-21,111955.0,1117.0,,6508.0,0.0581,,342.0,342.0,13.0
Egypt,2020-11-22,112318.0,1121.0,,6521.0,0.0581,,363.0,363.0,13.0
Egypt,2020-11-23,112676.0,1125.0,,6535.0,0.057999999999999996,,358.0,358.0,14.0
Egypt,2020-11-24,113027.0,1128.0,,6548.0,0.0579,,351.0,351.0,13.0
Egypt,2020-11-25,113381.0,1132.0,,6560.0,0.0579,,354.0,354.0,12.0
Egypt,2020-11-26,113742.0,1135.0,,6573.0,0.0578,,361.0,361.0,13.0
Egypt,2020-11-27,114107.0,1139.0,,6585.0,0.0577,,365.0,365.0,12.0
Egypt,2020-11-28,114475.0,1142.0,,6596.0,0.0576,,368.0,368.0,11.0
Egypt,2020-11-29,114832.0,1146.0,,6608.0,0.0575,,357.0,357.0,12.0
Egypt,2020-11-30,115183.0,1150.0,,6621.0,0.0575,,351.0,351.0,13.0
Egypt,2020-12-01,115541.0,1153.0,,6636.0,0.0574,,358.0,358.0,15.0
Egypt,2020-12-01,115541.0,1153.0,,6636.0,0.0574,,358.0,0.0,0.0
