Location,Date,Confirmed,Case_Per_1M_people,Recovered,Deaths,Mortality,Cases per 1 million people,NewConfirmed,NewDeaths
El Salvador,2020-03-31,30.0,4.67,0.0,0.0,0.0,,0.0,0.0
El Salvador,2020-04-01,32.0,4.98,0.0,0.0,0.0,,2.0,0.0
El Salvador,2020-04-02,41.0,6.38,0.0,2.0,0.04878048780487805,,9.0,2.0
El Salvador,2020-04-03,41.0,6.38,0.0,2.0,0.04878048780487805,,0.0,0.0
El Salvador,2020-04-07,62.0,9.56,2.0,3.0,0.04838709677419355,,21.0,1.0
El Salvador,2020-04-10,103.0,15.88,10.0,5.0,0.04854368932038835,,41.0,2.0
El Salvador,2020-04-11,117.0,18.04,15.0,6.0,0.05128205128205128,,14.0,1.0
El Salvador,2020-04-12,118.0,18.19,19.0,6.0,0.05084745762711865,,1.0,0.0
El Salvador,2020-04-14,137.0,21.12,22.0,6.0,0.043795620437956206,,19.0,0.0
El Salvador,2020-04-17,164.0,25.28,33.0,6.0,0.03658536585365853,,27.0,0.0
El Salvador,2020-04-18,190.0,29.29,43.0,7.0,0.036842105263157884,,26.0,1.0
El Salvador,2020-04-20,201.0,30.99,44.0,7.0,0.03482587064676617,,11.0,0.0
El Salvador,2020-04-22,225.0,34.69,48.0,7.0,0.031111111111111114,,24.0,0.0
El Salvador,2020-04-23,237.0,36.54,63.0,7.0,0.029535864978902957,,12.0,0.0
El Salvador,2020-04-24,261.0,40.24,67.0,8.0,0.03065134099616858,,24.0,1.0
El Salvador,2020-04-25,261.0,40.24,72.0,8.0,0.03065134099616858,,0.0,0.0
El Salvador,2020-04-26,274.0,42.24,75.0,8.0,0.0291970802919708,,13.0,0.0
El Salvador,2020-04-27,298.0,45.94,83.0,8.0,0.026845637583892617,,24.0,0.0
El Salvador,2020-04-28,323.0,49.8,89.0,8.0,0.02476780185758514,,25.0,0.0
El Salvador,2020-04-29,345.0,53.19,97.0,8.0,0.02318840579710145,,22.0,0.0
El Salvador,2020-04-30,345.0,53.19,97.0,8.0,0.02318840579710145,,0.0,0.0
El Salvador,2020-05-01,395.0,61.0,119.0,9.0,0.022784810126582282,,50.0,1.0
El Salvador,2020-05-02,424.0,65.0,124.0,10.0,0.02358490566037736,,29.0,1.0
El Salvador,2020-05-03,446.0,69.0,141.0,11.0,0.02466367713004484,,22.0,1.0
El Salvador,2020-05-04,446.0,69.0,141.0,11.0,0.02466367713004484,,0.0,0.0
El Salvador,2020-05-05,555.0,86.0,180.0,13.0,0.023423423423423424,,109.0,2.0
El Salvador,2020-05-06,587.0,90.0,201.0,13.0,0.02214650766609881,,32.0,0.0
El Salvador,2020-05-07,633.0,98.0,219.0,15.0,0.02369668246445497,,46.0,2.0
El Salvador,2020-05-08,695.0,107.0,245.0,15.0,0.02158273381294964,,62.0,0.0
El Salvador,2020-05-09,742.0,114.0,258.0,16.0,0.0215633423180593,,47.0,1.0
El Salvador,2020-05-10,784.0,121.0,276.0,16.0,0.020408163265306117,,42.0,0.0
El Salvador,2020-05-11,889.0,137.0,293.0,17.0,0.019122609673790772,,105.0,1.0
El Salvador,2020-05-12,958.0,148.0,325.0,17.0,0.017745302713987474,,69.0,0.0
El Salvador,2020-05-13,1037.0,160.0,374.0,20.0,0.01928640308582449,,79.0,3.0
El Salvador,2020-05-15,1112.0,171.0,405.0,23.0,0.020683453237410068,,75.0,3.0
El Salvador,2020-05-16,1210.0,187.0,416.0,23.0,0.01900826446280992,,98.0,0.0
El Salvador,2020-05-17,1265.0,195.0,441.0,25.0,0.01976284584980237,,55.0,2.0
El Salvador,2020-05-18,1338.0,206.0,462.0,27.0,0.020179372197309416,,73.0,2.0
El Salvador,2020-05-19,1413.0,218.0,474.0,30.0,0.021231422505307854,,75.0,3.0
El Salvador,2020-05-20,1498.0,231.0,502.0,30.0,0.020026702269692925,,85.0,0.0
,2020-05-21,,,,,,,,
El Salvador,2020-05-22,1640.0,253.0,544.0,33.0,0.0201219512195122,,,
El Salvador,2020-05-23,1725.0,266.0,562.0,33.0,0.01913043478260869,,85.0,0.0
El Salvador,2020-05-24,1819.0,280.0,570.0,33.0,0.018141836173721827,,94.0,0.0
El Salvador,2020-05-25,1915.0,295.0,594.0,35.0,0.01827676240208877,,96.0,2.0
El Salvador,2020-05-26,1983.0,306.0,598.0,35.0,0.017650025214321734,,68.0,0.0
El Salvador,2020-05-27,2042.0,315.0,787.0,36.0,0.01762977473065622,,59.0,1.0
El Salvador,2020-05-28,2109.0,325.0,873.0,37.0,0.017543859649122806,,67.0,1.0
El Salvador,2020-05-29,2194.0,338.0,1002.0,39.0,0.017775752051048314,,85.0,2.0
El Salvador,2020-05-30,2278.0,351.0,1017.0,42.0,0.018437225636523263,,84.0,3.0
El Salvador,2020-05-31,2395.0,369.0,1026.0,44.0,0.01837160751565762,,117.0,2.0
El Salvador,2020-06-01,2517.0,388.0,1040.0,46.0,0.018275725069527213,,122.0,2.0
El Salvador,2020-06-02,2582.0,398.0,1063.0,46.0,0.017815646785437646,,65.0,0.0
El Salvador,2020-06-03,2653.0,409.0,1116.0,46.0,0.0173,,71.0,0.0
El Salvador,2020-06-04,2781.0,429.0,1208.0,51.0,0.0183,,128.0,5.0
El Salvador,2020-06-05,2781.0,429.0,1208.0,51.0,0.0183,,0.0,0.0
El Salvador,2020-06-06,2849.0,439.0,1249.0,53.0,0.0186,,68.0,2.0
El Salvador,2020-06-07,2934.0,452.0,1281.0,53.0,0.0181,,85.0,0.0
El Salvador,2020-06-08,3015.0,465.0,1305.0,53.0,0.0176,,81.0,0.0
El Salvador,2020-06-09,3104.0,479.0,1361.0,55.0,0.0177,,89.0,2.0
El Salvador,2020-06-10,3191.0,492.0,1413.0,58.0,0.0182,,87.0,3.0
El Salvador,2020-06-12,3373.0,520.0,1497.0,64.0,0.019,,182.0,6.0
El Salvador,2020-06-13,3481.0,537.0,1587.0,68.0,0.0195,,108.0,4.0
El Salvador,2020-06-14,3603.0,555.0,1738.0,72.0,0.02,,122.0,4.0
El Salvador,2020-06-15,3720.0,574.0,1837.0,72.0,0.0194,,117.0,0.0
El Salvador,2020-06-16,3826.0,590.0,1912.0,74.0,0.0193,,106.0,2.0
El Salvador,2020-06-17,3941.0,608.0,2041.0,76.0,0.0193,,115.0,2.0
El Salvador,2020-06-18,4066.0,627.0,2137.0,78.0,0.0192,,125.0,2.0
El Salvador,2020-06-19,4200.0,648.0,2235.0,82.0,0.0195,,134.0,4.0
El Salvador,2020-06-20,4329.0,667.0,2310.0,86.0,0.0199,,129.0,4.0
El Salvador,2020-06-21,4475.0,690.0,2449.0,93.0,0.0208,,146.0,7.0
El Salvador,2020-06-22,4626.0,713.0,2535.0,98.0,0.0212,,151.0,5.0
El Salvador,2020-06-23,4626.0,713.0,2535.0,98.0,0.0212,,0.0,0.0
El Salvador,2020-06-24,4973.0,767.0,2814.0,113.0,0.0227,,347.0,15.0
El Salvador,2020-06-25,5150.0,794.0,2924.0,119.0,0.0231,,177.0,6.0
El Salvador,2020-06-26,5336.0,823.0,3116.0,126.0,0.0236,,186.0,7.0
El Salvador,2020-06-27,5517.0,851.0,3291.0,133.0,0.0241,,181.0,7.0
El Salvador,2020-06-28,5517.0,851.0,3291.0,133.0,0.0241,,0.0,0.0
El Salvador,2020-06-29,5934.0,915.0,3557.0,152.0,0.0256,,417.0,19.0
El Salvador,2020-06-30,6173.0,952.0,3648.0,164.0,0.0266,,239.0,12.0
El Salvador,2020-07-01,6438.0,993.0,3770.0,174.0,0.027000000000000003,,265.0,10.0
El Salvador,2020-07-02,6736.0,1039.0,3964.0,182.0,0.027000000000000003,,298.0,8.0
El Salvador,2020-07-03,7000.0,1079.0,4115.0,191.0,0.0273,,264.0,9.0
El Salvador,2020-07-04,7267.0,1120.0,4268.0,202.0,0.0278,,267.0,11.0
El Salvador,2020-07-05,7507.0,1157.0,4434.0,210.0,0.027999999999999997,,240.0,8.0
El Salvador,2020-07-06,7777.0,1199.0,4573.0,217.0,0.0279,,270.0,7.0
El Salvador,2020-07-07,8027.0,1238.0,4730.0,223.0,0.0278,,250.0,6.0
El Salvador,2020-07-09,8566.0,1321.0,5133.0,235.0,0.0274,,539.0,12.0
El Salvador,2020-07-10,8844.0,1364.0,0.0,243.0,0.0275,,278.0,8.0
El Salvador,2020-07-11,9142.0,1409.0,5435.0,249.0,0.0272,,298.0,6.0
El Salvador,2020-07-12,9142.0,1409.0,5435.0,249.0,0.0272,,0.0,0.0
El Salvador,2020-07-13,9142.0,1409.0,5435.0,249.0,0.0272,,0.0,0.0
El Salvador,2020-07-14,9978.0,1538.0,5755.0,267.0,0.0268,,836.0,18.0
El Salvador,2020-07-15,10303.0,1588.0,5919.0,278.0,0.027000000000000003,,325.0,11.0
El Salvador,2020-07-16,10645.0,1641.0,0.0,286.0,0.0269,,342.0,8.0
El Salvador,2020-07-18,11207.0,1728.0,6422.0,309.0,0.0276,,562.0,23.0
El Salvador,2020-07-19,11508.0,1774.0,6632.0,324.0,0.0282,,301.0,15.0
El Salvador,2020-07-19,11508.0,1774.0,6632.0,324.0,0.0282,,0.0,0.0
El Salvador,2020-07-21,12207.0,1882.0,6831.0,344.0,0.0282,,699.0,20.0
El Salvador,2020-07-22,12582.0,1940.0,6965.0,352.0,0.027999999999999997,,375.0,8.0
El Salvador,2020-07-23,12975.0,2000.0,7119.0,363.0,0.027999999999999997,,393.0,11.0
El Salvador,2020-07-24,13377.0,2062.0,7276.0,372.0,0.0278,,402.0,9.0
El Salvador,2020-07-25,13792.0,2126.0,7415.0,379.0,0.0275,,415.0,7.0
El Salvador,2020-07-26,14630.0,2256.0,7648.0,400.0,0.0273,,838.0,21.0
El Salvador,2020-07-27,14630.0,2256.0,7648.0,400.0,0.0273,,0.0,0.0
El Salvador,2020-07-28,15035.0,2318.0,7778.0,408.0,0.0271,,405.0,8.0
El Salvador,2020-07-29,15446.0,2381.0,7903.0,417.0,0.027000000000000003,,411.0,9.0
El Salvador,2020-07-30,15841.0,2442.0,8071.0,430.0,0.0271,,395.0,13.0
El Salvador,2020-07-31,16230.0,2502.0,8206.0,439.0,0.027000000000000003,,389.0,9.0
El Salvador,2020-08-01,16632.0,2564.0,8362.0,448.0,0.0269,,402.0,9.0
El Salvador,2020-08-02,17050.0,2629.0,8495.0,459.0,0.0269,,418.0,11.0
El Salvador,2020-08-03,17448.0,2690.0,8634.0,467.0,0.0268,,398.0,8.0
El Salvador,2020-08-04,17843.0,2751.0,8809.0,477.0,0.0267,,395.0,10.0
El Salvador,2020-08-05,18262.0,2816.0,8954.0,486.0,0.0266,,419.0,9.0
El Salvador,2020-08-06,18701.0,2883.0,9111.0,498.0,0.0266,,439.0,12.0
El Salvador,2020-08-07,19126.0,2949.0,9236.0,513.0,0.0268,,425.0,15.0
El Salvador,2020-08-08,19544.0,3013.0,9379.0,520.0,0.0266,,418.0,7.0
El Salvador,2020-08-09,19978.0,3080.0,9515.0,536.0,0.0268,,434.0,16.0
El Salvador,2020-08-10,20423.0,3149.0,9626.0,549.0,0.0269,,445.0,13.0
El Salvador,2020-08-11,20872.0,3218.0,9720.0,563.0,0.027000000000000003,,449.0,14.0
El Salvador,2020-08-12,21269.0,3279.0,9875.0,570.0,0.0268,,397.0,7.0
El Salvador,2020-08-13,21644.0,3337.0,10056.0,577.0,0.0267,,375.0,7.0
El Salvador,2020-08-14,21993.0,3391.0,10254.0,584.0,0.0266,,349.0,7.0
El Salvador,2020-08-15,22314.0,3440.0,10455.0,595.0,0.0267,,321.0,11.0
El Salvador,2020-08-16,22619.0,3487.0,10618.0,603.0,0.0267,,305.0,8.0
El Salvador,2020-08-17,22912.0,3532.0,10807.0,612.0,0.0267,,293.0,9.0
El Salvador,2020-08-18,23193.0,3576.0,10977.0,618.0,0.0266,,281.0,6.0
El Salvador,2020-08-19,23462.0,3617.0,11179.0,625.0,0.0266,,269.0,7.0
El Salvador,2020-08-20,23717.0,3657.0,11388.0,633.0,0.0267,,255.0,8.0
El Salvador,2020-08-22,24200.0,3731.0,11781.0,646.0,0.0267,,483.0,13.0
El Salvador,2020-08-23,24420.0,3765.0,12021.0,654.0,0.0268,,220.0,8.0
El Salvador,2020-08-24,24622.0,3796.0,12246.0,661.0,0.0268,,202.0,7.0
El Salvador,2020-08-25,24811.0,3825.0,12492.0,669.0,0.027000000000000003,,189.0,8.0
El Salvador,2020-08-26,24986.0,3852.0,12717.0,678.0,0.0271,,175.0,9.0
El Salvador,2020-08-27,25140.0,3876.0,13046.0,687.0,0.0273,,154.0,9.0
El Salvador,2020-08-28,25284.0,3898.0,13291.0,694.0,0.0274,,144.0,7.0
El Salvador,2020-08-29,25415.0,3918.0,13570.0,702.0,0.0276,,131.0,8.0
El Salvador,2020-08-30,25537.0,3937.0,13799.0,708.0,0.0277,,122.0,6.0
El Salvador,2020-08-31,25635.0,3952.0,14013.0,713.0,0.0278,,98.0,5.0
El Salvador,2020-09-01,25729.0,3967.0,14292.0,717.0,0.0279,,94.0,4.0
El Salvador,2020-09-02,25820.0,3981.0,14570.0,724.0,0.027999999999999997,,91.0,7.0
El Salvador,2020-09-03,25904.0,3994.0,14879.0,731.0,0.0282,,84.0,7.0
El Salvador,2020-09-04,26000.0,4009.0,15119.0,739.0,0.0284,,96.0,8.0
El Salvador,2020-09-05,26099.0,4024.0,15347.0,744.0,0.0285,,99.0,5.0
El Salvador,2020-09-07,26308.0,4056.0,15815.0,759.0,0.0289,,209.0,15.0
El Salvador,2020-09-08,26413.0,4072.0,16137.0,764.0,0.0289,,105.0,5.0
El Salvador,2020-09-09,26511.0,4087.0,16462.0,765.0,0.0289,,98.0,1.0
El Salvador,2020-09-10,26602.0,4101.0,16786.0,770.0,0.0289,,91.0,5.0
El Salvador,2020-09-11,26688.0,4115.0,17106.0,774.0,0.028999999999999998,,86.0,4.0
El Salvador,2020-09-12,26773.0,4128.0,17433.0,777.0,0.028999999999999998,,85.0,3.0
El Salvador,2020-09-13,26851.0,4140.0,17874.0,782.0,0.0291,,78.0,5.0
El Salvador,2020-09-14,26928.0,4152.0,18397.0,785.0,0.0292,,77.0,3.0
El Salvador,2020-09-15,27009.0,4164.0,18924.0,788.0,0.0292,,81.0,3.0
El Salvador,2020-09-16,27088.0,4176.0,19450.0,792.0,0.0292,,79.0,4.0
El Salvador,2020-09-17,27163.0,4188.0,19960.0,796.0,0.0293,,75.0,4.0
El Salvador,2020-09-18,27249.0,4201.0,20392.0,801.0,0.0294,,86.0,5.0
El Salvador,2020-09-20,27428.0,4229.0,21247.0,808.0,0.0295,,179.0,7.0
El Salvador,2020-09-21,27553.0,4248.0,21561.0,811.0,0.0294,,125.0,3.0
El Salvador,2020-09-22,27798.0,4286.0,21782.0,812.0,0.0292,,245.0,1.0
El Salvador,2020-09-23,27798.0,4286.0,21782.0,812.0,0.0292,,0.0,0.0
El Salvador,2020-09-24,27954.0,0.0,,814.0,0.0291,4310.0,156.0,2.0
El Salvador,2020-09-25,28201.0,0.0,,823.0,0.0292,4348.0,247.0,9.0
El Salvador,2020-09-26,28415.0,0.0,,823.0,0.028999999999999998,4381.0,214.0,0.0
El Salvador,2020-09-27,28415.0,0.0,,826.0,0.0291,4381.0,0.0,3.0
El Salvador,2020-09-28,28630.0,0.0,,826.0,0.0289,4414.0,215.0,0.0
El Salvador,2020-09-29,28630.0,0.0,,826.0,0.0289,4414.0,0.0,0.0
El Salvador,2020-09-30,28630.0,0.0,,826.0,0.0289,4414.0,0.0,0.0
El Salvador,2020-10-02,29175.0,0.0,,848.0,0.0291,4498.0,545.0,22.0
El Salvador,2020-10-03,29175.0,0.0,,848.0,0.0291,4498.0,0.0,0.0
El Salvador,2020-10-04,29175.0,0.0,,853.0,0.0292,4498.0,0.0,5.0
El Salvador,2020-10-05,29358.0,0.0,,857.0,0.0292,4526.0,183.0,4.0
El Salvador,2020-10-06,29450.0,0.0,,863.0,0.0293,4540.0,92.0,6.0
El Salvador,2020-10-08,29634.0,0.0,,869.0,0.0293,4569.0,184.0,6.0
El Salvador,2020-10-09,29737.0,0.0,,873.0,0.0294,4585.0,103.0,4.0
El Salvador,2020-10-10,29842.0,0.0,,877.0,0.0294,4601.0,105.0,4.0
El Salvador,2020-10-11,29951.0,0.0,,881.0,0.0294,4618.0,109.0,4.0
El Salvador,2020-10-12,29951.0,0.0,,887.0,0.0296,4618.0,0.0,6.0
El Salvador,2020-10-13,30196.0,0.0,,890.0,0.0295,4655.0,245.0,3.0
El Salvador,2020-10-14,30196.0,0.0,,894.0,0.0296,4655.0,0.0,4.0
El Salvador,2020-10-15,30480.0,0.0,,899.0,0.0295,4699.0,284.0,5.0
El Salvador,2020-10-18,31265.0,0.0,,912.0,0.0292,4820.0,785.0,13.0
El Salvador,2020-10-19,31456.0,0.0,,917.0,0.0292,4850.0,191.0,5.0
El Salvador,2020-10-20,31666.0,0.0,,922.0,0.0291,4882.0,210.0,5.0
El Salvador,2020-10-22,31975.0,0.0,,929.0,0.0291,4930.0,309.0,7.0
