Location,Date,Confirmed,Case_Per_1M_people,Recovered,Deaths,Mortality,NewConfirmed,NewDeaths
Ethiopia,2020-03-31,23.0,0.22,1.0,0.0,0.0,0.0,0.0
Ethiopia,2020-04-01,26.0,0.25,2.0,0.0,0.0,3.0,0.0
Ethiopia,2020-04-02,29.0,0.28,2.0,0.0,0.0,3.0,0.0
Ethiopia,2020-04-03,29.0,0.28,2.0,0.0,0.0,0.0,0.0
Ethiopia,2020-04-07,43.0,0.44,4.0,2.0,0.04651162790697674,14.0,2.0
Ethiopia,2020-04-10,56.0,0.57,4.0,2.0,0.03571428571428571,13.0,0.0
Ethiopia,2020-04-11,65.0,0.66,4.0,3.0,0.04615384615384616,9.0,1.0
Ethiopia,2020-04-12,69.0,0.7,10.0,3.0,0.043478260869565216,4.0,0.0
Ethiopia,2020-04-14,74.0,0.75,10.0,3.0,0.040540540540540536,5.0,0.0
Ethiopia,2020-04-17,92.0,0.93,15.0,3.0,0.03260869565217391,18.0,0.0
Ethiopia,2020-04-18,96.0,0.97,15.0,3.0,0.03125,4.0,0.0
Ethiopia,2020-04-20,108.0,1.09,16.0,3.0,0.027777777777777776,12.0,0.0
Ethiopia,2020-04-22,114.0,1.16,16.0,3.0,0.02631578947368421,6.0,0.0
Ethiopia,2020-04-23,116.0,1.18,21.0,3.0,0.02586206896551724,2.0,0.0
Ethiopia,2020-04-24,117.0,1.19,25.0,3.0,0.02564102564102564,1.0,0.0
Ethiopia,2020-04-25,117.0,1.19,25.0,3.0,0.02564102564102564,0.0,0.0
Ethiopia,2020-04-26,122.0,1.24,29.0,3.0,0.024590163934426233,5.0,0.0
Ethiopia,2020-04-27,123.0,1.25,41.0,3.0,0.024390243902439025,1.0,0.0
Ethiopia,2020-04-28,124.0,1.26,50.0,3.0,0.024193548387096774,1.0,0.0
Ethiopia,2020-04-29,126.0,1.28,50.0,3.0,0.023809523809523808,2.0,0.0
Ethiopia,2020-04-30,126.0,1.28,50.0,3.0,0.023809523809523808,0.0,0.0
Ethiopia,2020-05-01,131.0,1.0,59.0,3.0,0.022900763358778626,5.0,0.0
Ethiopia,2020-05-02,133.0,1.0,59.0,3.0,0.022556390977443608,2.0,0.0
Ethiopia,2020-05-03,133.0,1.0,69.0,3.0,0.022556390977443608,0.0,0.0
Ethiopia,2020-05-04,133.0,1.0,69.0,3.0,0.022556390977443608,0.0,0.0
Ethiopia,2020-05-05,140.0,1.0,75.0,3.0,0.021428571428571432,7.0,0.0
Ethiopia,2020-05-06,145.0,1.0,91.0,4.0,0.027586206896551724,5.0,1.0
Ethiopia,2020-05-07,162.0,2.0,93.0,4.0,0.02469135802469136,17.0,0.0
Ethiopia,2020-05-08,191.0,2.0,93.0,4.0,0.020942408376963352,29.0,0.0
Ethiopia,2020-05-09,194.0,2.0,95.0,4.0,0.020618556701030927,3.0,0.0
Ethiopia,2020-05-10,210.0,2.0,97.0,5.0,0.023809523809523808,16.0,1.0
Ethiopia,2020-05-11,241.0,2.0,99.0,5.0,0.020746887966804982,31.0,0.0
Ethiopia,2020-05-12,250.0,3.0,105.0,5.0,0.02,9.0,0.0
Ethiopia,2020-05-13,261.0,3.0,106.0,5.0,0.019157088122605363,11.0,0.0
Ethiopia,2020-05-15,272.0,3.0,108.0,5.0,0.018382352941176468,11.0,0.0
Ethiopia,2020-05-16,287.0,3.0,112.0,5.0,0.017421602787456445,15.0,0.0
Ethiopia,2020-05-17,287.0,3.0,112.0,5.0,0.017421602787456445,0.0,0.0
Ethiopia,2020-05-18,317.0,3.0,113.0,5.0,0.01577287066246057,30.0,0.0
Ethiopia,2020-05-19,352.0,4.0,116.0,5.0,0.014204545454545452,35.0,0.0
Ethiopia,2020-05-20,365.0,4.0,120.0,5.0,0.0136986301369863,13.0,0.0
,2020-05-21,,,,,,,
Ethiopia,2020-05-22,399.0,4.0,123.0,5.0,0.012531328320802004,,
Ethiopia,2020-05-23,433.0,4.0,128.0,5.0,0.011547344110854505,34.0,0.0
Ethiopia,2020-05-24,494.0,5.0,151.0,5.0,0.010121457489878544,61.0,0.0
Ethiopia,2020-05-25,582.0,6.0,152.0,5.0,0.00859106529209622,88.0,0.0
Ethiopia,2020-05-26,655.0,7.0,159.0,5.0,0.0076335877862595426,73.0,0.0
Ethiopia,2020-05-27,701.0,7.0,167.0,6.0,0.008559201141226819,46.0,1.0
Ethiopia,2020-05-28,731.0,7.0,181.0,6.0,0.008207934336525308,30.0,0.0
Ethiopia,2020-05-29,831.0,8.0,191.0,7.0,0.00842358604091456,100.0,1.0
Ethiopia,2020-05-30,968.0,10.0,197.0,8.0,0.008264462809917356,137.0,1.0
Ethiopia,2020-05-31,1063.0,11.0,208.0,8.0,0.007525870178739417,95.0,0.0
Ethiopia,2020-06-01,1172.0,12.0,209.0,11.0,0.00938566552901024,109.0,3.0
Ethiopia,2020-06-02,1257.0,13.0,217.0,12.0,0.00954653937947494,85.0,1.0
Ethiopia,2020-06-03,1344.0,14.0,231.0,14.0,0.0104,87.0,2.0
Ethiopia,2020-06-04,1486.0,15.0,246.0,17.0,0.0114,142.0,3.0
Ethiopia,2020-06-05,1636.0,17.0,250.0,18.0,0.011000000000000001,150.0,1.0
Ethiopia,2020-06-06,1805.0,18.0,262.0,19.0,0.0105,169.0,1.0
Ethiopia,2020-06-07,1934.0,20.0,281.0,20.0,0.0103,129.0,1.0
Ethiopia,2020-06-08,2020.0,20.0,344.0,27.0,0.0134,86.0,7.0
Ethiopia,2020-06-09,2156.0,22.0,361.0,27.0,0.0125,136.0,0.0
Ethiopia,2020-06-10,2336.0,24.0,379.0,32.0,0.0137,180.0,5.0
Ethiopia,2020-06-12,2670.0,27.0,434.0,40.0,0.015,334.0,8.0
Ethiopia,2020-06-13,2915.0,30.0,451.0,47.0,0.0161,245.0,7.0
Ethiopia,2020-06-14,3166.0,32.0,495.0,55.0,0.0174,251.0,8.0
Ethiopia,2020-06-15,3166.0,32.0,495.0,55.0,0.0174,0.0,0.0
Ethiopia,2020-06-16,3521.0,36.0,620.0,60.0,0.017,355.0,5.0
Ethiopia,2020-06-17,3630.0,37.0,738.0,61.0,0.0168,109.0,1.0
Ethiopia,2020-06-18,3759.0,38.0,849.0,63.0,0.0168,129.0,2.0
Ethiopia,2020-06-19,3954.0,40.0,934.0,65.0,0.0164,195.0,2.0
Ethiopia,2020-06-20,4070.0,41.0,1029.0,72.0,0.0177,116.0,7.0
Ethiopia,2020-06-21,4469.0,45.0,1124.0,72.0,0.0161,399.0,0.0
Ethiopia,2020-06-22,4532.0,46.0,1213.0,74.0,0.0163,63.0,2.0
Ethiopia,2020-06-23,4532.0,46.0,1213.0,74.0,0.0163,0.0,0.0
Ethiopia,2020-06-24,4848.0,49.0,1412.0,75.0,0.0155,316.0,1.0
Ethiopia,2020-06-25,4848.0,49.0,1412.0,75.0,0.0155,0.0,0.0
Ethiopia,2020-06-26,5175.0,52.0,1544.0,81.0,0.0157,327.0,6.0
Ethiopia,2020-06-27,5175.0,52.0,1544.0,81.0,0.0157,0.0,0.0
Ethiopia,2020-06-28,5425.0,55.0,1688.0,89.0,0.0164,250.0,8.0
Ethiopia,2020-06-29,5689.0,58.0,2132.0,98.0,0.0172,264.0,9.0
Ethiopia,2020-06-30,5846.0,59.0,2430.0,103.0,0.0176,157.0,5.0
Ethiopia,2020-07-01,5846.0,59.0,2430.0,103.0,0.0176,0.0,0.0
Ethiopia,2020-07-02,5846.0,59.0,2430.0,103.0,0.0176,0.0,0.0
Ethiopia,2020-07-03,6048.0,61.0,0.0,103.0,0.017,202.0,0.0
Ethiopia,2020-07-04,6163.0,62.0,0.0,103.0,0.0167,115.0,0.0
Ethiopia,2020-07-05,6217.0,63.0,0.0,109.0,0.0175,54.0,6.0
Ethiopia,2020-07-06,6386.0,65.0,0.0,103.0,0.0161,169.0,0.0
Ethiopia,2020-07-07,6386.0,65.0,0.0,103.0,0.0161,0.0,0.0
Ethiopia,2020-07-09,6774.0,69.0,2430.0,120.0,0.0177,388.0,17.0
Ethiopia,2020-07-10,6973.0,71.0,0.0,120.0,0.0172,199.0,0.0
Ethiopia,2020-07-11,7120.0,72.0,2430.0,124.0,0.0174,147.0,4.0
Ethiopia,2020-07-12,7402.0,75.0,0.0,124.0,0.0168,282.0,0.0
Ethiopia,2020-07-13,7560.0,77.0,0.0,124.0,0.0164,158.0,0.0
Ethiopia,2020-07-14,7766.0,79.0,2430.0,128.0,0.0165,206.0,4.0
Ethiopia,2020-07-15,7766.0,79.0,2430.0,128.0,0.0165,0.0,0.0
Ethiopia,2020-07-16,7766.0,79.0,2430.0,128.0,0.0165,0.0,0.0
Ethiopia,2020-07-18,8803.0,89.0,0.0,150.0,0.017,1037.0,22.0
Ethiopia,2020-07-19,9147.0,93.0,2430.0,163.0,0.0178,344.0,13.0
Ethiopia,2020-07-19,9147.0,93.0,2430.0,163.0,0.0178,0.0,0.0
Ethiopia,2020-07-21,9147.0,93.0,2430.0,163.0,0.0178,0.0,0.0
Ethiopia,2020-07-22,9503.0,96.0,2430.0,167.0,0.0176,356.0,4.0
Ethiopia,2020-07-23,9503.0,96.0,2430.0,167.0,0.0176,0.0,0.0
Ethiopia,2020-07-24,11933.0,121.0,5645.0,297.0,0.0249,2430.0,130.0
Ethiopia,2020-07-25,12693.0,129.0,5785.0,200.0,0.0158,760.0,0.0
Ethiopia,2020-07-26,13248.0,134.0,5966.0,209.0,0.0158,555.0,9.0
Ethiopia,2020-07-27,13968.0,142.0,6216.0,223.0,0.016,720.0,14.0
Ethiopia,2020-07-28,14547.0,147.0,6386.0,228.0,0.0157,579.0,5.0
Ethiopia,2020-07-29,15200.0,154.0,6526.0,239.0,0.0157,653.0,11.0
Ethiopia,2020-07-30,15200.0,154.0,6526.0,239.0,0.0157,0.0,0.0
Ethiopia,2020-07-31,15810.0,160.0,6685.0,253.0,0.016,610.0,14.0
Ethiopia,2020-08-01,17530.0,178.0,6950.0,274.0,0.0156,1720.0,21.0
Ethiopia,2020-08-02,17999.0,182.0,7195.0,284.0,0.0158,469.0,10.0
Ethiopia,2020-08-03,18706.0,190.0,7601.0,310.0,0.0166,707.0,26.0
Ethiopia,2020-08-04,18706.0,190.0,7601.0,310.0,0.0166,0.0,0.0
Ethiopia,2020-08-05,19289.0,195.0,7931.0,336.0,0.0174,583.0,26.0
Ethiopia,2020-08-06,20336.0,206.0,8598.0,356.0,0.0175,1047.0,20.0
Ethiopia,2020-08-07,20336.0,206.0,8598.0,356.0,0.0175,0.0,0.0
Ethiopia,2020-08-08,20900.0,212.0,9027.0,365.0,0.0175,564.0,9.0
Ethiopia,2020-08-09,22253.0,226.0,9707.0,390.0,0.0175,1353.0,25.0
Ethiopia,2020-08-10,22818.0,231.0,10206.0,407.0,0.0178,565.0,17.0
Ethiopia,2020-08-11,23591.0,239.0,10411.0,420.0,0.0178,773.0,13.0
Ethiopia,2020-08-12,24175.0,245.0,10696.0,440.0,0.0182,584.0,20.0
Ethiopia,2020-08-13,24175.0,245.0,10696.0,440.0,0.0182,0.0,0.0
Ethiopia,2020-08-14,25118.0,255.0,11034.0,463.0,0.0184,943.0,23.0
Ethiopia,2020-08-15,26204.0,266.0,11428.0,479.0,0.0183,1086.0,16.0
Ethiopia,2020-08-16,26204.0,266.0,11428.0,479.0,0.0183,0.0,0.0
Ethiopia,2020-08-17,29876.0,303.0,12359.0,528.0,0.0177,3672.0,49.0
Ethiopia,2020-08-18,31336.0,318.0,12524.0,544.0,0.0174,1460.0,16.0
Ethiopia,2020-08-19,32722.0,332.0,12938.0,572.0,0.0175,1386.0,28.0
Ethiopia,2020-08-20,34058.0,345.0,13308.0,600.0,0.0176,1336.0,28.0
Ethiopia,2020-08-22,37665.0,382.0,13913.0,637.0,0.0169,3607.0,37.0
Ethiopia,2020-08-23,39033.0,396.0,14480.0,662.0,0.017,1368.0,25.0
Ethiopia,2020-08-24,40671.0,412.0,14995.0,678.0,0.0167,1638.0,16.0
Ethiopia,2020-08-25,40671.0,412.0,14995.0,678.0,0.0167,0.0,0.0
Ethiopia,2020-08-26,42143.0,427.0,0.0,692.0,0.0164,1472.0,14.0
Ethiopia,2020-08-27,45221.0,458.0,16311.0,725.0,0.016,3078.0,33.0
Ethiopia,2020-08-28,46407.0,470.0,16829.0,745.0,0.0161,1186.0,20.0
Ethiopia,2020-08-29,48140.0,488.0,17415.0,758.0,0.0157,1733.0,13.0
Ethiopia,2020-08-30,48140.0,488.0,17415.0,758.0,0.0157,0.0,0.0
Ethiopia,2020-08-31,48140.0,488.0,17415.0,758.0,0.0157,0.0,0.0
Ethiopia,2020-09-01,48140.0,488.0,17415.0,758.0,0.0157,0.0,0.0
Ethiopia,2020-09-02,48140.0,488.0,17415.0,758.0,0.0157,0.0,0.0
Ethiopia,2020-09-03,54409.0,551.0,19903.0,846.0,0.0155,6269.0,88.0
Ethiopia,2020-09-04,55213.0,560.0,20283.0,856.0,0.0155,804.0,10.0
Ethiopia,2020-09-05,55213.0,560.0,20283.0,856.0,0.0155,0.0,0.0
Ethiopia,2020-09-07,58672.0,595.0,21307.0,918.0,0.0156,3459.0,62.0
Ethiopia,2020-09-08,59648.0,605.0,21789.0,933.0,0.0156,976.0,15.0
Ethiopia,2020-09-09,60784.0,616.0,22677.0,949.0,0.0156,1136.0,16.0
Ethiopia,2020-09-10,60784.0,616.0,22677.0,949.0,0.0156,0.0,0.0
Ethiopia,2020-09-11,61700.0,625.0,23054.0,966.0,0.0157,916.0,17.0
Ethiopia,2020-09-12,62578.0,634.0,23640.0,974.0,0.0156,878.0,8.0
Ethiopia,2020-09-12,63367.0,642.0,24024.0,986.0,0.0156,789.0,12.0
