Location,Date,Confirmed,Case_Per_1M_people,Recovered,Deaths,Mortality,Cases per 1 million people,NewCases,NewConfirmed,NewDeaths
Finland,2020-03-31,1308.0,241.04,10.0,13.0,0.009938838,,,0.0,0.0
Finland,2020-04-01,1379.0,254.12,0.0,17.0,0.012327773749093546,,,71.0,4.0
Finland,2020-04-02,1441.0,265.55,0.0,17.0,0.011797362942401109,,,62.0,0.0
Finland,2020-04-03,1513.0,278.82,0.0,17.0,0.011235955056179777,,,72.0,0.0
Finland,2020-04-07,2176.0,393.66,0.0,27.0,0.012408088235294115,,,663.0,10.0
Finland,2020-04-10,2605.0,471.27,0.0,40.0,0.015355086372360844,,,429.0,13.0
Finland,2020-04-11,2769.0,500.94,0.0,48.0,0.017334777898158182,,,164.0,8.0
Finland,2020-04-12,2905.0,525.55,0.0,49.0,0.016867469879518072,,,136.0,1.0
Finland,2020-04-14,3064.0,554.31,0.0,59.0,0.019255874673629242,,,159.0,10.0
Finland,2020-04-17,3369.0,609.49,0.0,72.0,0.0213713268032057,,,305.0,13.0
Finland,2020-04-18,3489.0,631.2,0.0,82.0,0.0235024362281456,,,120.0,10.0
Finland,2020-04-20,3783.0,684.39,1700.0,94.0,0.024848004229447527,,,294.0,12.0
Finland,2020-04-22,4014.0,726.18,1700.0,141.0,0.035127055306427506,,,231.0,47.0
Finland,2020-04-23,4129.0,746.98,2000.0,149.0,0.03608621942358925,,,115.0,8.0
Finland,2020-04-24,4284.0,775.02,2000.0,172.0,0.04014939309056957,,,155.0,23.0
Finland,2020-04-25,4395.0,795.1,2500.0,177.0,0.040273037542662114,,,111.0,5.0
Finland,2020-04-26,4475.0,809.58,2500.0,186.0,0.04156424581005587,,,80.0,9.0
Finland,2020-04-27,4576.0,827.85,2500.0,190.0,0.041520979020979024,,,101.0,4.0
Finland,2020-04-28,4695.0,849.38,2500.0,193.0,0.04110756123535676,,,119.0,3.0
Finland,2020-04-29,4740.0,857.52,2800.0,199.0,0.0419831223628692,,,45.0,6.0
Finland,2020-04-30,4740.0,857.52,2800.0,199.0,0.0419831223628692,,,0.0,0.0
Finland,2020-05-01,4995.0,904.0,3000.0,211.0,0.04224224224224224,,,255.0,12.0
Finland,2020-05-02,5051.0,914.0,3000.0,218.0,0.04315977034250643,,,56.0,7.0
Finland,2020-05-03,5176.0,936.0,3000.0,220.0,0.04250386398763524,,,125.0,2.0
Finland,2020-05-04,5176.0,936.0,3000.0,220.0,0.04250386398763524,,,0.0,0.0
Finland,2020-05-05,5327.0,964.0,3000.0,230.0,0.04317627182278956,,,151.0,10.0
Finland,2020-05-06,5412.0,979.0,3500.0,246.0,0.045454545454545456,,,85.0,16.0
Finland,2020-05-07,5573.0,1008.0,3500.0,252.0,0.04521801543154495,,,161.0,6.0
Finland,2020-05-08,5673.0,1026.0,3500.0,255.0,0.0449497620306716,,,100.0,3.0
Finland,2020-05-09,5738.0,1038.0,3500.0,260.0,0.04531195538515162,,,65.0,5.0
Finland,2020-05-10,5880.0,1064.0,4000.0,265.0,0.04506802721088436,,,142.0,5.0
Finland,2020-05-11,5962.0,1079.0,4000.0,267.0,0.044783629654478366,,,82.0,2.0
Finland,2020-05-12,5984.0,1083.0,4000.0,271.0,0.04528743315508021,,,22.0,4.0
Finland,2020-05-13,6003.0,1086.0,4300.0,275.0,0.045810428119273695,,,19.0,4.0
Finland,2020-05-15,6145.0,1112.0,4300.0,287.0,0.046704637917005694,,,142.0,12.0
Finland,2020-05-16,6228.0,1127.0,4300.0,287.0,0.04608220937700706,,,83.0,0.0
Finland,2020-05-17,6286.0,1137.0,5000.0,297.0,0.0472478523703468,,,58.0,10.0
Finland,2020-05-18,6347.0,1148.0,5000.0,298.0,0.0469513155821648,,,61.0,1.0
Finland,2020-05-19,6380.0,1154.0,5000.0,300.0,0.047021943573667714,,,33.0,2.0
Finland,2020-05-20,6399.0,1158.0,5000.0,301.0,0.04703859978121582,,,19.0,1.0
,2020-05-21,,,,,,,,,
Finland,2020-05-22,6493.0,1175.0,4800.0,306.0,0.04712767595872478,,,,
Finland,2020-05-23,6537.0,1183.0,4800.0,306.0,0.046810463515374025,,,44.0,0.0
Finland,2020-05-24,6568.0,1188.0,4800.0,306.0,0.04658952496954933,,,31.0,0.0
Finland,2020-05-25,6579.0,1190.0,4800.0,307.0,0.04666362669098647,,,11.0,1.0
Finland,2020-05-26,6599.0,1194.0,4800.0,307.0,0.04652220033338385,,,20.0,0.0
Finland,2020-05-27,6628.0,1199.0,5100.0,312.0,0.04707302353651177,,,29.0,5.0
Finland,2020-05-28,6692.0,1211.0,5100.0,313.0,0.046772265391512254,,,64.0,1.0
Finland,2020-05-29,6743.0,1220.0,5500.0,313.0,0.04641850808245588,,,51.0,0.0
Finland,2020-05-30,6776.0,1226.0,5500.0,314.0,0.046340023612750886,,,33.0,1.0
Finland,2020-05-31,6826.0,1235.0,5500.0,316.0,0.04629358335774978,,,50.0,2.0
Finland,2020-06-01,6859.0,1241.0,5500.0,320.0,0.046654031199883365,,,33.0,4.0
Finland,2020-06-02,6885.0,1246.0,5500.0,318.0,0.046187363834422665,,,26.0,0.0
Finland,2020-06-03,6887.0,1246.0,5500.0,320.0,0.0465,,,2.0,2.0
Finland,2020-06-04,6911.0,1250.0,5500.0,320.0,0.0463,,,24.0,0.0
Finland,2020-06-05,6911.0,1250.0,5800.0,322.0,0.0466,,,0.0,2.0
Finland,2020-06-06,6941.0,1256.0,5800.0,322.0,0.0464,,,30.0,0.0
Finland,2020-06-07,6964.0,1260.0,5800.0,322.0,0.0462,,,23.0,0.0
Finland,2020-06-08,6981.0,1263.0,5800.0,323.0,0.0463,,,17.0,1.0
Finland,2020-06-09,7001.0,1267.0,5800.0,323.0,0.0461,,,20.0,0.0
Finland,2020-06-10,7025.0,1271.0,5800.0,324.0,0.0461,,,24.0,1.0
Finland,2020-06-12,7064.0,1278.0,6200.0,325.0,0.046,,,39.0,1.0
Finland,2020-06-13,7073.0,1280.0,6200.0,325.0,0.0459,,,9.0,0.0
Finland,2020-06-14,7087.0,1282.0,6200.0,325.0,0.0459,,,14.0,0.0
Finland,2020-06-15,7104.0,1285.0,6200.0,326.0,0.0459,,,17.0,1.0
Finland,2020-06-16,7108.0,1286.0,6200.0,326.0,0.0459,,,4.0,0.0
Finland,2020-06-17,7112.0,1287.0,6200.0,326.0,0.0458,,,4.0,0.0
Finland,2020-06-18,7117.0,1288.0,6200.0,326.0,0.0458,,,5.0,0.0
Finland,2020-06-19,7119.0,1288.0,6200.0,326.0,0.0458,,,2.0,0.0
Finland,2020-06-20,7133.0,1290.0,6200.0,326.0,0.0457,,,14.0,0.0
Finland,2020-06-21,7142.0,1292.0,6200.0,326.0,0.0456,,,9.0,0.0
Finland,2020-06-22,7143.0,1292.0,6200.0,326.0,0.0456,,,1.0,0.0
Finland,2020-06-23,7144.0,1292.0,6400.0,327.0,0.0458,,,1.0,1.0
Finland,2020-06-24,7155.0,1294.0,6400.0,327.0,0.0457,,,11.0,0.0
Finland,2020-06-25,7167.0,1297.0,6600.0,327.0,0.0456,,,12.0,0.0
Finland,2020-06-26,7172.0,1297.0,6600.0,327.0,0.0456,,,5.0,0.0
Finland,2020-06-27,7191.0,1301.0,6600.0,328.0,0.0456,,,19.0,1.0
Finland,2020-06-28,7191.0,1301.0,6600.0,328.0,0.0456,,,0.0,0.0
Finland,2020-06-29,7198.0,1302.0,6600.0,328.0,0.0456,,,7.0,0.0
Finland,2020-06-30,7209.0,1304.0,6600.0,328.0,0.0455,,,11.0,0.0
Finland,2020-07-01,7214.0,1305.0,6600.0,328.0,0.0455,,,5.0,0.0
Finland,2020-07-02,7236.0,1309.0,6700.0,328.0,0.0453,,,22.0,0.0
Finland,2020-07-03,7241.0,1310.0,0.0,328.0,0.0453,,,5.0,0.0
Finland,2020-07-04,7242.0,1310.0,6700.0,329.0,0.0454,,,1.0,1.0
Finland,2020-07-05,7248.0,1311.0,6700.0,329.0,0.0454,,,6.0,0.0
Finland,2020-07-06,7253.0,1312.0,6700.0,329.0,0.0454,,,5.0,0.0
Finland,2020-07-07,7257.0,1313.0,6700.0,329.0,0.0453,,,4.0,0.0
Finland,2020-07-09,7265.0,1314.0,6800.0,329.0,0.0453,,,8.0,0.0
Finland,2020-07-10,7273.0,1316.0,0.0,329.0,0.0452,,,8.0,0.0
Finland,2020-07-11,7279.0,1317.0,6800.0,329.0,0.0452,,,6.0,0.0
Finland,2020-07-12,7279.0,1317.0,6800.0,329.0,0.0452,,,0.0,0.0
Finland,2020-07-14,7295.0,1320.0,6800.0,329.0,0.0451,,,16.0,0.0
Finland,2020-07-15,7300.0,1321.0,0.0,329.0,0.0451,,,5.0,0.0
Finland,2020-07-16,7295.0,1320.0,6800.0,329.0,0.0451,,,0.0,0.0
Finland,2020-07-18,7293.0,1319.0,6880.0,328.0,0.045,,,0.0,0.0
Finland,2020-07-19,7318.0,1324.0,6880.0,328.0,0.0448,,,25.0,0.0
Finland,2020-07-19,7318.0,1324.0,6880.0,328.0,0.0448,,,0.0,0.0
Finland,2020-07-21,7335.0,1327.0,6880.0,328.0,0.0447,,,17.0,0.0
Finland,2020-07-22,7347.0,1329.0,0.0,328.0,0.0446,,,12.0,0.0
Finland,2020-07-23,7359.0,1331.0,0.0,328.0,0.0446,,,12.0,0.0
Finland,2020-07-24,7368.0,1333.0,0.0,328.0,0.0445,,,9.0,0.0
Finland,2020-07-25,7380.0,1335.0,6920.0,329.0,0.0446,,,12.0,1.0
Finland,2020-07-26,7388.0,1337.0,6920.0,329.0,0.0445,,,8.0,0.0
Finland,2020-07-27,7393.0,1337.0,6920.0,329.0,0.0445,,,5.0,0.0
Finland,2020-07-28,7398.0,1338.0,6920.0,329.0,0.0445,,,5.0,0.0
Finland,2020-07-29,7404.0,1339.0,6920.0,329.0,0.0444,,,6.0,0.0
Finland,2020-07-30,7411.0,1341.0,6920.0,329.0,0.0444,,,7.0,0.0
Finland,2020-07-31,7421.0,1343.0,0.0,329.0,0.0443,,,10.0,0.0
Finland,2020-08-01,7432.0,1345.0,6950.0,329.0,0.0443,,,11.0,0.0
Finland,2020-08-02,7443.0,1347.0,6950.0,329.0,0.0442,,,11.0,0.0
Finland,2020-08-03,7453.0,1348.0,6950.0,329.0,0.0441,,,10.0,0.0
Finland,2020-08-04,7463.0,1350.0,6950.0,329.0,0.0441,,,10.0,0.0
Finland,2020-08-05,7477.0,1353.0,0.0,329.0,0.044000000000000004,,,14.0,0.0
Finland,2020-08-06,7508.0,1358.0,0.0,329.0,0.0438,,,31.0,0.0
Finland,2020-08-07,7528.0,1362.0,6950.0,331.0,0.044000000000000004,,,20.0,2.0
Finland,2020-08-08,7551.0,1366.0,6980.0,331.0,0.0438,,,23.0,0.0
Finland,2020-08-09,7568.0,1369.0,6980.0,331.0,0.0437,,,17.0,0.0
Finland,2020-08-10,7584.0,1372.0,6980.0,331.0,0.0436,,,16.0,0.0
Finland,2020-08-11,7601.0,1375.0,6980.0,333.0,0.0438,,,17.0,2.0
Finland,2020-08-12,7623.0,1379.0,6980.0,333.0,0.0437,,,22.0,0.0
Finland,2020-08-13,7640.0,1382.0,6980.0,333.0,0.0436,,,17.0,0.0
Finland,2020-08-14,7673.0,1388.0,6980.0,333.0,0.0434,,,33.0,0.0
Finland,2020-08-15,7697.0,1392.0,7050.0,333.0,0.0433,,,24.0,0.0
Finland,2020-08-16,7697.0,1392.0,7050.0,333.0,0.0433,,,0.0,0.0
Finland,2020-08-17,7731.0,1399.0,7050.0,333.0,0.0431,,,34.0,0.0
Finland,2020-08-18,7731.0,1399.0,7050.0,333.0,0.0431,,,0.0,0.0
Finland,2020-08-19,7776.0,1407.0,7050.0,334.0,0.043,,,45.0,1.0
Finland,2020-08-20,7805.0,1412.0,7050.0,334.0,0.0428,,,29.0,0.0
Finland,2020-08-22,7871.0,1424.0,7100.0,334.0,0.0424,,,66.0,0.0
Finland,2020-08-23,7906.0,1430.0,7100.0,334.0,0.0422,,,35.0,0.0
Finland,2020-08-24,7920.0,1433.0,7100.0,334.0,0.0422,,,14.0,0.0
Finland,2020-08-25,7938.0,1436.0,7100.0,334.0,0.0421,,,18.0,0.0
Finland,2020-08-26,7981.0,1444.0,7100.0,334.0,0.0418,,,43.0,0.0
Finland,2020-08-27,8002.0,1448.0,7100.0,334.0,0.0417,,,21.0,0.0
Finland,2020-08-28,8019.0,1451.0,7100.0,334.0,0.0417,,,17.0,0.0
Finland,2020-08-29,8042.0,1455.0,7100.0,334.0,0.0415,,,23.0,0.0
Finland,2020-08-30,8049.0,1456.0,7200.0,335.0,0.0416,,,7.0,1.0
Finland,2020-08-31,8073.0,1460.0,0.0,335.0,0.0415,,,24.0,0.0
Finland,2020-09-01,8085.0,1463.0,0.0,335.0,0.0414,,,12.0,0.0
Finland,2020-09-02,8138.0,1472.0,0.0,335.0,0.0412,,,53.0,0.0
Finland,2020-09-03,8161.0,1476.0,7350.0,335.0,0.040999999999999995,,,23.0,0.0
Finland,2020-09-04,8200.0,1483.0,7350.0,336.0,0.040999999999999995,,,39.0,1.0
Finland,2020-09-05,8225.0,1488.0,7350.0,336.0,0.0409,,,25.0,0.0
Finland,2020-09-07,8291.0,1500.0,7350.0,336.0,0.0405,,,66.0,0.0
Finland,2020-09-08,8327.0,1506.0,7350.0,336.0,0.0404,,,36.0,0.0
Finland,2020-09-09,8337.0,1508.0,7350.0,336.0,0.0403,,,10.0,0.0
Finland,2020-09-10,8411.0,1522.0,0.0,336.0,0.0399,,,74.0,0.0
Finland,2020-09-11,8469.0,1532.0,7350.0,336.0,0.0397,,,58.0,0.0
Finland,2020-09-12,8512.0,1540.0,7350.0,336.0,0.0395,,,43.0,0.0
Finland,2020-09-13,8557.0,1548.0,7350.0,337.0,0.0394,,,45.0,1.0
Finland,2020-09-14,8575.0,1551.0,0.0,337.0,0.0393,,,18.0,0.0
Finland,2020-09-15,8627.0,1561.0,7350.0,337.0,0.0391,,,52.0,0.0
Finland,2020-09-16,8725.0,1578.0,7350.0,337.0,0.0386,,,98.0,0.0
Finland,2020-09-17,8750.0,1583.0,7350.0,337.0,0.0385,,,25.0,0.0
Finland,2020-09-18,8799.0,1592.0,7350.0,337.0,0.0383,,,49.0,0.0
Finland,2020-09-20,8922.0,1614.0,7350.0,339.0,0.038,,,123.0,2.0
Finland,2020-09-21,8960.0,1621.0,0.0,339.0,0.0378,,,38.0,0.0
Finland,2020-09-22,9046.0,1637.0,7700.0,341.0,0.0377,,,86.0,2.0
Finland,2020-09-23,9176.0,1660.0,0.0,339.0,0.0369,,,130.0,0.0
Finland,2020-09-24,9288.0,0.0,,343.0,0.0369,1680.0,,112.0,4.0
Finland,2020-09-25,9365.0,0.0,,341.0,0.0364,1694.0,,77.0,0.0
Finland,2020-09-26,9484.0,0.0,,343.0,0.0362,1716.0,,119.0,2.0
Finland,2020-09-27,9555.0,0.0,,343.0,0.0359,1729.0,,71.0,0.0
Finland,2020-09-28,9682.0,0.0,,343.0,0.0354,1752.0,,127.0,0.0
Finland,2020-09-29,9731.0,0.0,,343.0,0.0352,1760.0,,49.0,0.0
Finland,2020-09-30,9879.0,0.0,,343.0,0.0347,1787.0,,148.0,0.0
Finland,2020-10-02,10081.0,0.0,,344.0,0.0341,1824.0,,202.0,1.0
Finland,2020-10-03,10103.0,0.0,,344.0,0.034,1828.0,,22.0,0.0
Finland,2020-10-04,10244.0,0.0,,345.0,0.0337,1853.0,,141.0,1.0
Finland,2020-10-05,10391.0,0.0,,345.0,0.0332,1880.0,,147.0,0.0
Finland,2020-10-06,10538.0,0.0,,345.0,0.0327,1906.0,,147.0,0.0
Finland,2020-10-08,10929.0,0.0,,346.0,0.0317,1977.0,,391.0,1.0
Finland,2020-10-09,11049.0,0.0,,346.0,0.0313,1999.0,,120.0,0.0
Finland,2020-10-10,11345.0,0.0,,346.0,0.0305,2052.0,,296.0,0.0
Finland,2020-10-11,11580.0,0.0,,346.0,0.0299,2095.0,,235.0,0.0
Finland,2020-10-12,11849.0,0.0,,346.0,0.0292,2144.0,,269.0,0.0
Finland,2020-10-13,11998.0,0.0,,346.0,0.0288,2171.0,,149.0,0.0
Finland,2020-10-14,12212.0,0.0,,346.0,0.0283,2209.0,,214.0,0.0
Finland,2020-10-15,12499.0,0.0,,346.0,0.0277,2261.0,,287.0,0.0
Finland,2020-10-18,13133.0,0.0,,351.0,0.0267,2376.0,,634.0,5.0
Finland,2020-10-19,13293.0,0.0,,351.0,0.0264,2405.0,,160.0,0.0
Finland,2020-10-20,13424.0,0.0,,351.0,0.0261,2429.0,,131.0,0.0
Finland,2020-10-22,13849.0,0.0,,351.0,0.0253,2505.0,,425.0,0.0
Finland,2020-10-23,14071.0,0.0,,355.0,0.0252,2546.0,,222.0,4.0
Finland,2020-10-24,14255.0,0.0,,355.0,0.0249,2579.0,,184.0,0.0
Finland,2020-10-25,14474.0,0.0,,353.0,0.0244,2619.0,,219.0,0.0
Finland,2020-10-26,14652.0,0.0,,353.0,0.0241,2651.0,,178.0,0.0
Finland,2020-10-27,14848.0,0.0,,353.0,0.0238,2686.0,,196.0,0.0
Finland,2020-10-28,15163.0,2743.0,,354.0,0.0233,,193.0,315.0,1.0
Finland,2020-10-29,15163.0,2743.0,,354.0,0.0233,,193.0,0.0,0.0
Finland,2020-10-30,15378.0,2782.0,,354.0,0.023,,215.0,215.0,0.0
