Location,Date,Confirmed,Case_Per_1M_people,Recovered,Deaths,Mortality,NewConfirmed,NewDeaths
Gabon,2020-03-31,7.0,3.6,0.0,1.0,0.14285714300000002,0.0,0.0
Gabon,2020-04-01,16.0,8.24,0.0,1.0,0.0625,9.0,0.0
Gabon,2020-04-02,18.0,9.27,0.0,1.0,0.05555555555555555,2.0,0.0
Gabon,2020-04-03,18.0,9.27,0.0,1.0,0.05555555555555555,0.0,0.0
Gabon,2020-04-07,21.0,9.67,0.0,1.0,0.047619047619047616,3.0,0.0
Gabon,2020-04-10,44.0,20.25,1.0,1.0,0.022727272727272728,23.0,0.0
Gabon,2020-04-11,46.0,21.17,1.0,1.0,0.021739130434782608,2.0,0.0
Gabon,2020-04-12,46.0,21.17,1.0,1.0,0.021739130434782608,0.0,0.0
Gabon,2020-04-14,57.0,26.24,1.0,1.0,0.017543859649122806,11.0,0.0
Gabon,2020-04-17,80.0,36.82,5.0,1.0,0.0125,23.0,0.0
Gabon,2020-04-18,108.0,49.71,7.0,1.0,0.009259259259259259,28.0,0.0
Gabon,2020-04-20,109.0,50.17,7.0,1.0,0.009174311926605505,1.0,0.0
Gabon,2020-04-22,156.0,71.8,16.0,1.0,0.00641025641025641,47.0,0.0
Gabon,2020-04-23,166.0,76.41,24.0,1.0,0.006024096385542169,10.0,0.0
Gabon,2020-04-24,167.0,76.87,24.0,2.0,0.011976047904191616,1.0,1.0
Gabon,2020-04-25,172.0,79.17,26.0,3.0,0.017441860465116282,5.0,1.0
Gabon,2020-04-26,176.0,81.01,30.0,3.0,0.017045454545454544,4.0,0.0
Gabon,2020-04-27,176.0,81.01,30.0,3.0,0.017045454545454544,0.0,0.0
Gabon,2020-04-28,211.0,97.12,43.0,3.0,0.014218009478672985,35.0,0.0
Gabon,2020-04-29,238.0,109.55,53.0,3.0,0.012605042016806723,27.0,0.0
Gabon,2020-04-30,238.0,109.55,53.0,3.0,0.012605042016806723,0.0,0.0
Gabon,2020-05-01,276.0,127.0,67.0,3.0,0.010869565217391304,38.0,0.0
Gabon,2020-05-02,276.0,127.0,67.0,3.0,0.010869565217391304,0.0,0.0
Gabon,2020-05-03,335.0,154.0,85.0,5.0,0.01492537313432836,59.0,2.0
Gabon,2020-05-04,335.0,154.0,85.0,5.0,0.01492537313432836,0.0,0.0
Gabon,2020-05-05,367.0,169.0,93.0,6.0,0.01634877384196185,32.0,1.0
Gabon,2020-05-06,397.0,183.0,93.0,6.0,0.015113350125944584,30.0,0.0
Gabon,2020-05-07,439.0,202.0,99.0,8.0,0.018223234624145785,42.0,2.0
Gabon,2020-05-08,504.0,232.0,110.0,8.0,0.015873015873015872,65.0,0.0
Gabon,2020-05-09,620.0,285.0,110.0,8.0,0.012903225806451613,116.0,0.0
Gabon,2020-05-10,661.0,304.0,110.0,8.0,0.01210287443267776,41.0,0.0
Gabon,2020-05-11,661.0,304.0,110.0,8.0,0.01210287443267776,0.0,0.0
Gabon,2020-05-12,802.0,369.0,127.0,9.0,0.011221945137157107,141.0,1.0
Gabon,2020-05-13,863.0,397.0,137.0,9.0,0.010428736964078795,61.0,0.0
Gabon,2020-05-15,1104.0,508.0,182.0,10.0,0.009057971014492754,241.0,1.0
Gabon,2020-05-16,1209.0,556.0,219.0,10.0,0.008271298593879239,105.0,0.0
Gabon,2020-05-17,1209.0,556.0,219.0,10.0,0.008271298593879239,0.0,0.0
Gabon,2020-05-18,1320.0,608.0,244.0,11.0,0.008333333333333333,111.0,1.0
Gabon,2020-05-19,1432.0,659.0,301.0,11.0,0.0076815642458100564,112.0,0.0
Gabon,2020-05-20,1502.0,691.0,318.0,12.0,0.007989347536617843,70.0,1.0
,2020-05-21,,,,,,,
Gabon,2020-05-22,1567.0,721.0,365.0,12.0,0.007657945118059987,,
Gabon,2020-05-23,1728.0,795.0,402.0,12.0,0.006944444444444444,161.0,0.0
Gabon,2020-05-24,1934.0,890.0,459.0,12.0,0.0062047569803516025,206.0,0.0
Gabon,2020-05-25,1934.0,890.0,459.0,12.0,0.0062047569803516025,0.0,0.0
Gabon,2020-05-26,2135.0,983.0,462.0,14.0,0.006557377049180328,201.0,2.0
Gabon,2020-05-27,2238.0,1030.0,593.0,14.0,0.0062555853440571935,103.0,0.0
Gabon,2020-05-28,2319.0,1067.0,631.0,14.0,0.0060370849504096605,81.0,0.0
Gabon,2020-05-29,2431.0,1119.0,668.0,14.0,0.005758946935417524,112.0,0.0
Gabon,2020-05-30,2613.0,1203.0,709.0,15.0,0.00574052812858783,182.0,1.0
Gabon,2020-05-31,2655.0,1222.0,722.0,17.0,0.0064030131826742,42.0,2.0
Gabon,2020-06-01,2655.0,1222.0,722.0,17.0,0.0064030131826742,0.0,0.0
Gabon,2020-06-02,2655.0,1222.0,722.0,17.0,0.0064030131826742,0.0,0.0
Gabon,2020-06-03,2803.0,1290.0,779.0,20.0,0.0071,148.0,3.0
Gabon,2020-06-04,2902.0,1336.0,801.0,20.0,0.0069,99.0,0.0
Gabon,2020-06-05,2955.0,1360.0,818.0,21.0,0.0071,53.0,1.0
Gabon,2020-06-06,3101.0,1427.0,833.0,21.0,0.0068,146.0,0.0
Gabon,2020-06-07,3101.0,1427.0,833.0,21.0,0.0068,0.0,0.0
Gabon,2020-06-08,3101.0,1427.0,833.0,21.0,0.0068,0.0,0.0
Gabon,2020-06-09,3101.0,1427.0,833.0,21.0,0.0068,0.0,0.0
Gabon,2020-06-10,3294.0,1516.0,956.0,21.0,0.0064,193.0,0.0
Gabon,2020-06-12,3375.0,1553.0,978.0,22.0,0.0065,81.0,1.0
Gabon,2020-06-13,3463.0,1594.0,1024.0,22.0,0.0064,88.0,0.0
Gabon,2020-06-14,3463.0,1594.0,1024.0,22.0,0.0064,0.0,0.0
Gabon,2020-06-15,3463.0,1594.0,1024.0,22.0,0.0064,0.0,0.0
Gabon,2020-06-16,3463.0,1594.0,1024.0,22.0,0.0064,0.0,0.0
Gabon,2020-06-17,4114.0,1894.0,1432.0,29.0,0.006999999999999999,651.0,7.0
Gabon,2020-06-18,4229.0,1947.0,1505.0,30.0,0.0071,115.0,1.0
Gabon,2020-06-19,4340.0,1998.0,1657.0,32.0,0.0074,111.0,2.0
Gabon,2020-06-20,4428.0,2038.0,1750.0,34.0,0.0077,88.0,2.0
Gabon,2020-06-21,4428.0,2038.0,1750.0,34.0,0.0077,0.0,0.0
Gabon,2020-06-22,4428.0,2038.0,1750.0,34.0,0.0077,0.0,0.0
Gabon,2020-06-23,4428.0,2038.0,1750.0,34.0,0.0077,0.0,0.0
Gabon,2020-06-24,4849.0,2232.0,2107.0,39.0,0.008,421.0,5.0
Gabon,2020-06-25,4956.0,2281.0,2177.0,39.0,0.0079,107.0,0.0
Gabon,2020-06-26,5087.0,2341.0,2270.0,40.0,0.0079,131.0,1.0
Gabon,2020-06-27,5209.0,2398.0,2327.0,40.0,0.0077,122.0,0.0
Gabon,2020-06-28,5209.0,2398.0,2327.0,40.0,0.0077,0.0,0.0
Gabon,2020-06-29,5209.0,2398.0,2327.0,40.0,0.0077,0.0,0.0
Gabon,2020-06-30,5394.0,2483.0,2420.0,42.0,0.0078,185.0,2.0
Gabon,2020-07-01,5394.0,2483.0,2420.0,42.0,0.0078,0.0,0.0
Gabon,2020-07-02,5394.0,2483.0,2420.0,42.0,0.0078,0.0,0.0
Gabon,2020-07-03,5513.0,2538.0,2508.0,42.0,0.0076,119.0,0.0
Gabon,2020-07-04,5513.0,2538.0,2508.0,42.0,0.0076,0.0,0.0
Gabon,2020-07-05,5513.0,2538.0,2508.0,42.0,0.0076,0.0,0.0
Gabon,2020-07-06,5620.0,2587.0,2555.0,44.0,0.0078,107.0,2.0
Gabon,2020-07-07,5743.0,2643.0,2574.0,46.0,0.008,123.0,2.0
Gabon,2020-07-09,5871.0,2702.0,2682.0,46.0,0.0078,128.0,0.0
Gabon,2020-07-10,5871.0,2702.0,2682.0,46.0,0.0078,0.0,0.0
Gabon,2020-07-11,5942.0,2735.0,3004.0,46.0,0.0077,71.0,0.0
Gabon,2020-07-12,5942.0,2735.0,3004.0,46.0,0.0077,0.0,0.0
Gabon,2020-07-13,5942.0,2735.0,3004.0,46.0,0.0077,0.0,0.0
Gabon,2020-07-14,5942.0,2735.0,3004.0,46.0,0.0077,0.0,0.0
Gabon,2020-07-15,5942.0,2735.0,3004.0,46.0,0.0077,0.0,0.0
Gabon,2020-07-16,5942.0,2735.0,3004.0,46.0,0.0077,0.0,0.0
Gabon,2020-07-18,6121.0,2817.0,3664.0,46.0,0.0075,179.0,0.0
Gabon,2020-07-19,6315.0,2907.0,3865.0,46.0,0.0073,194.0,0.0
Gabon,2020-07-19,6315.0,2907.0,3865.0,46.0,0.0073,0.0,0.0
Gabon,2020-07-21,6315.0,2907.0,3865.0,46.0,0.0073,0.0,0.0
Gabon,2020-07-22,6315.0,2907.0,3865.0,46.0,0.0073,0.0,0.0
Gabon,2020-07-23,6315.0,2907.0,3865.0,46.0,0.0073,0.0,0.0
Gabon,2020-07-24,6315.0,2907.0,3865.0,46.0,0.0073,0.0,0.0
Gabon,2020-07-25,6984.0,3215.0,4463.0,49.0,0.006999999999999999,669.0,3.0
Gabon,2020-07-26,6984.0,3215.0,4463.0,49.0,0.006999999999999999,0.0,0.0
Gabon,2020-07-27,6984.0,3215.0,4463.0,49.0,0.006999999999999999,0.0,0.0
Gabon,2020-07-28,7189.0,3309.0,4682.0,49.0,0.0068,205.0,0.0
Gabon,2020-07-29,7189.0,3309.0,4682.0,49.0,0.0068,0.0,0.0
Gabon,2020-07-30,7189.0,3309.0,4682.0,49.0,0.0068,0.0,0.0
Gabon,2020-07-31,7352.0,3384.0,4943.0,49.0,0.0067,163.0,0.0
Gabon,2020-08-01,7352.0,3384.0,4943.0,49.0,0.0067,0.0,0.0
Gabon,2020-08-02,7531.0,3466.0,5223.0,50.0,0.0066,179.0,1.0
Gabon,2020-08-03,7531.0,3466.0,5223.0,50.0,0.0066,0.0,0.0
Gabon,2020-08-04,7531.0,3466.0,5223.0,50.0,0.0066,0.0,0.0
Gabon,2020-08-05,7646.0,3519.0,5408.0,51.0,0.0067,115.0,1.0
Gabon,2020-08-06,7646.0,3519.0,5408.0,51.0,0.0067,0.0,0.0
Gabon,2020-08-07,7787.0,3584.0,5609.0,51.0,0.0065,141.0,0.0
Gabon,2020-08-08,7787.0,3584.0,5609.0,51.0,0.0065,0.0,0.0
Gabon,2020-08-09,7923.0,3647.0,5704.0,51.0,0.0064,136.0,0.0
Gabon,2020-08-10,7923.0,3647.0,5704.0,51.0,0.0064,0.0,0.0
Gabon,2020-08-11,7923.0,3647.0,5704.0,51.0,0.0064,0.0,0.0
Gabon,2020-08-12,8006.0,3685.0,5823.0,51.0,0.0064,83.0,0.0
Gabon,2020-08-13,8006.0,3685.0,5823.0,51.0,0.0064,0.0,0.0
Gabon,2020-08-14,8006.0,3685.0,5823.0,51.0,0.0064,0.0,0.0
Gabon,2020-08-15,8006.0,3685.0,5823.0,51.0,0.0064,0.0,0.0
Gabon,2020-08-16,8006.0,3685.0,5823.0,51.0,0.0064,0.0,0.0
Gabon,2020-08-17,8225.0,3786.0,6277.0,51.0,0.0062,219.0,0.0
Gabon,2020-08-18,8225.0,3786.0,6277.0,51.0,0.0062,0.0,0.0
Gabon,2020-08-19,8270.0,3807.0,6404.0,53.0,0.0064,45.0,2.0
Gabon,2020-08-20,8270.0,3807.0,6404.0,53.0,0.0064,0.0,0.0
Gabon,2020-08-22,8388.0,3861.0,6734.0,53.0,0.0063,118.0,0.0
Gabon,2020-08-23,8388.0,3861.0,6734.0,53.0,0.0063,0.0,0.0
Gabon,2020-08-24,8388.0,3861.0,6734.0,53.0,0.0063,0.0,0.0
Gabon,2020-08-25,8388.0,3861.0,6734.0,53.0,0.0063,0.0,0.0
Gabon,2020-08-26,8409.0,3871.0,0.0,53.0,0.0063,21.0,0.0
Gabon,2020-08-27,8409.0,3871.0,6959.0,53.0,0.0063,0.0,0.0
Gabon,2020-08-28,8409.0,3871.0,6959.0,53.0,0.0063,0.0,0.0
Gabon,2020-08-29,8505.0,3915.0,7187.0,53.0,0.0062,96.0,0.0
