Location,Date,Confirmed,Case_Per_1M_people,Recovered,Deaths,Mortality,Cases per 1 million people,NewCases,NewConfirmed,NewDeaths
Germany,2020-03-31,66885,814.31,6522.0,645,0.009643418,,,0,0
Germany,2020-04-01,72004,876.63,7632.0,800,0.011110493861452141,,,5119,155
Germany,2020-04-02,77981,949.4,11722.0,931,0.01193880560649389,,,5977,131
Germany,2020-04-03,84789,1032.29,13597.0,1109,0.013079526825413674,,,6808,178
Germany,2020-04-07,103351,1242.96,25280.0,1806,0.01747443179069385,,,18562,697
Germany,2020-04-10,118235,1421.96,40015.0,2607,0.022049308580369603,,,14884,801
Germany,2020-04-11,122215,1469.83,42155.0,2707,0.022149490651720328,,,3980,100
Germany,2020-04-12,124715,1499.89,49585.0,2800,0.02245118871025939,,,2500,93
Germany,2020-04-14,130072,1564.32,57259.0,3194,0.024555630727597026,,,5357,394
Germany,2020-04-17,137698,1656.03,66500.0,4052,0.029426716437421018,,,7626,858
Germany,2020-04-18,141399,1700.54,76703.0,4352,0.0307781526036252,,,3701,300
Germany,2020-04-20,145184,1746.06,83438.0,4586,0.03158750275512453,,,3785,234
Germany,2020-04-22,148453,1785.38,87055.0,5086,0.03426000148195052,,,3269,500
Germany,2020-04-23,150648,1811.78,91612.0,5315,0.03528091975997026,,,2195,229
Germany,2020-04-24,153129,1841.62,95817.0,5575,0.036407212219762425,,,2481,260
Germany,2020-04-25,154999,1864.1,99928.0,5760,0.037161530074387585,,,1870,185
Germany,2020-04-26,156513,1882.31,100129.0,5877,0.03754959651913898,,,1514,117
Germany,2020-04-27,157770,1897.43,103023.0,5976,0.037877923559612094,,,1257,99
Germany,2020-04-28,158434,1905.42,107595.0,6061,0.0382556774429731,,,664,85
Germany,2020-04-29,159912,1923.19,110041.0,6314,0.03948421631897544,,,1478,253
Germany,2020-04-30,159912,1923.19,110041.0,6314,0.03948421631897544,,,0,0
Germany,2020-05-01,163009,1960.0,117734.0,6623,0.040629658485114316,,,3097,309
Germany,2020-05-02,164054,1973.0,120976.0,6735,0.04105355553659161,,,1045,112
Germany,2020-05-03,164967,1984.0,121014.0,6812,0.04129310710626974,,,913,77
Germany,2020-05-04,164983,1984.0,124072.0,6812,0.041289102513592316,,,16,0
Germany,2020-05-05,166152,1998.0,127643.0,6993,0.042087967644084935,,,1169,181
Germany,2020-05-06,167007,2009.0,129853.0,6993,0.041872496362427916,,,855,0
Germany,2020-05-07,168162,2022.0,132374.0,7275,0.043261854640168414,,,1155,282
Germany,2020-05-08,169730,2041.0,135918.0,7392,0.043551523007128966,,,1568,117
Germany,2020-05-09,170588,2052.0,138214.0,7510,0.04402419865406711,,,858,118
Germany,2020-05-10,171324,2060.0,138330.0,7549,0.04406271158740165,,,736,39
Germany,2020-05-11,171879,2067.0,139998.0,7569,0.04403679332553715,,,555,20
Germany,2020-05-12,172576,2075.0,143237.0,7661,0.04439203597255702,,,697,92
Germany,2020-05-13,173274,2084.0,144451.0,7755,0.044755704837425116,,,698,94
Germany,2020-05-15,174948,2104.0,150300.0,7928,0.045316322564419136,,,1674,173
Germany,2020-05-16,175699,2113.0,151700.0,8001,0.04553810778661233,,,751,73
Germany,2020-05-17,175921,2116.0,152600.0,8003,0.04549201061840258,,,222,2
Germany,2020-05-18,176651,2125.0,153400.0,8049,0.0455644179766885,,,730,46
Germany,2020-05-19,177289,2132.0,154600.0,8123,0.04581784543880331,,,638,74
Germany,2020-05-20,177827,2139.0,155614.0,8193,0.04607286857451343,,,538,70
Germany,2020-05-21,178395,2145.0,156802.0,8233,0.04615039659183273,,,568,40
Germany,2020-05-22,179021,2153.0,157941.0,8309,0.0464135492484122,,,626,76
Germany,2020-05-23,179713,2161.0,159007.0,8352,0.04647410037114733,,,692,43
Germany,2020-05-24,179986,2165.0,159976.0,8366,0.04648139299723312,,,273,14
Germany,2020-05-25,180328,2169.0,161875.0,8367,0.04639878443724768,,,342,1
Germany,2020-05-26,180789,2174.0,162648.0,8428,0.04661788051264181,,,461,61
Germany,2020-05-27,181288,2180.0,163681.0,8498,0.04687568951061295,,,499,70
Germany,2020-05-28,181895,2188.0,162727.0,8529,0.046889689106352564,,,607,31
Germany,2020-05-29,182445,2194.0,162714.0,8570,0.0469730603743594,,,550,41
Germany,2020-05-30,183019,2201.0,163941.0,8594,0.046956873330091416,,,574,24
Germany,2020-05-31,183294,2204.0,164829.0,8600,0.04691915720099949,,,275,6
Germany,2020-06-01,183494,2207.0,165226.0,8605,0.04689526633023424,,,200,5
Germany,2020-06-02,183765,2210.0,165834.0,8618,0.04689685195766332,,,271,13
Germany,2020-06-03,184091,2214.0,166428.0,8674,0.0471,,,326,56
Germany,2020-06-04,184425,2218.0,167256.0,8699,0.0472,,,334,25
Germany,2020-06-05,184923,2224.0,167785.0,8736,0.0472,,,498,37
Germany,2020-06-06,185413,2230.0,168395.0,8763,0.0473,,,490,27
Germany,2020-06-07,185586,2232.0,168760.0,8767,0.0472,,,173,4
Germany,2020-06-08,185853,2235.0,169094.0,8776,0.0472,,,267,9
Germany,2020-06-09,186233,2240.0,169549.0,8792,0.0472,,,380,16
Germany,2020-06-10,186516,2243.0,170134.0,8831,0.0473,,,283,39
Germany,2020-06-12,186795,2247.0,171046.0,8851,0.0474,,,279,20
Germany,2020-06-13,187251,2252.0,171522.0,8863,0.0473,,,456,12
Germany,2020-06-14,187388,2254.0,171897.0,8866,0.0473,,,137,3
Germany,2020-06-15,187423,2254.0,172199.0,8867,0.0473,,,35,1
Germany,2020-06-16,187789,2258.0,172613.0,8875,0.0473,,,366,8
Germany,2020-06-17,188382,2266.0,173070.0,8910,0.0473,,,593,35
Germany,2020-06-18,190179,2287.0,173557.0,8927,0.0469,,,1797,17
Germany,2020-06-19,190126,2287.0,174004.0,8946,0.0471,,,0,19
Germany,2020-06-20,190660,2293.0,174376.0,8960,0.047,,,534,14
Germany,2020-06-21,191216,2300.0,174663.0,8961,0.0469,,,556,1
Germany,2020-06-22,191576,2304.0,174885.0,8961,0.0468,,,360,0
Germany,2020-06-23,191913,2308.0,175295.0,8967,0.0467,,,337,6
Germany,2020-06-24,192778,2318.0,175649.0,8986,0.0466,,,865,19
Germany,2020-06-25,193254,2324.0,176267.0,9003,0.0466,,,476,17
Germany,2020-06-26,193785,2331.0,176732.0,9012,0.0465,,,531,9
Germany,2020-06-27,194399,2338.0,177048.0,9024,0.0464,,,614,12
Germany,2020-06-28,194542,2340.0,177444.0,9025,0.0464,,,143,1
Germany,2020-06-29,194900,2344.0,177666.0,9029,0.0463,,,358,4
Germany,2020-06-30,195392,2350.0,178051.0,9041,0.0463,,,492,12
Germany,2020-07-01,195747,2354.0,179057.0,9029,0.0461,,,355,0
Germany,2020-07-02,196296,2361.0,179729.0,9059,0.0461,,,549,30
Germany,2020-07-03,196428,2362.0,180271.0,9063,0.0461,,,132,4
Germany,2020-07-04,197176,2371.0,180903.0,9074,0.046,,,748,11
Germany,2020-07-05,197408,2374.0,181302.0,9081,0.046,,,232,7
Germany,2020-07-06,197558,2376.0,181651.0,9086,0.046,,,150,5
Germany,2020-07-07,198064,2382.0,182189.0,9092,0.0459,,,506,6
Germany,2020-07-09,198765,2390.0,183094.0,9115,0.0459,,,701,23
Germany,2020-07-10,199198,2396.0,183549.0,9125,0.0458,,,433,10
Germany,2020-07-11,199584,2400.0,183990.0,9130,0.0457,,,386,5
Germany,2020-07-12,199802,2403.0,184347.0,9133,0.0457,,,218,3
Germany,2020-07-14,200431,2410.0,185058.0,9138,0.0456,,,629,5
Germany,2020-07-15,200762,2414.0,185528.0,9144,0.0455,,,331,6
Germany,2020-07-16,200762,2414.0,185528.0,9144,0.0455,,,0,0
Germany,2020-07-18,200843,2415.0,0.0,9082,0.0452,,,81,0
Germany,2020-07-19,202572,2436.0,187157.0,9162,0.0452,,,1729,80
Germany,2020-07-19,202572,2436.0,187157.0,9162,0.0452,,,0,0
Germany,2020-07-21,203486,2447.0,187757.0,9172,0.0451,,,914,10
Germany,2020-07-22,203890,2452.0,188139.0,9179,0.045,,,404,7
Germany,2020-07-23,204470,2459.0,188546.0,9182,0.0449,,,580,3
Germany,2020-07-24,204470,2459.0,188546.0,9182,0.0449,,,0,0
Germany,2020-07-25,205960,2477.0,189405.0,9201,0.0447,,,1490,19
Germany,2020-07-26,206332,2481.0,189739.0,9202,0.0446,,,372,1
Germany,2020-07-27,206741,2486.0,189984.0,9203,0.0445,,,409,1
Germany,2020-07-28,207379,2494.0,190350.0,9205,0.0444,,,638,2
Germany,2020-07-29,207950,2501.0,190796.0,9202,0.0443,,,571,0
Germany,2020-07-30,208811,2511.0,191325.0,9212,0.0441,,,861,10
Germany,2020-07-31,209321,2517.0,191781.0,9217,0.044000000000000004,,,510,5
Germany,2020-08-01,210665,2534.0,191781.0,9224,0.0438,,,1344,7
Germany,2020-08-02,211077,2539.0,191781.0,9226,0.0437,,,412,2
Germany,2020-08-03,211279,2541.0,191781.0,9226,0.0437,,,202,0
Germany,2020-08-04,211462,2543.0,191781.0,9226,0.0436,,,183,0
Germany,2020-08-05,212320,2553.0,193483.0,9232,0.0435,,,858,6
Germany,2020-08-06,214104,2575.0,193999.0,9244,0.0432,,,1784,12
Germany,2020-08-07,214104,2575.0,193999.0,9244,0.0432,,,0,0
Germany,2020-08-08,215210,2588.0,193999.0,9252,0.043,,,1106,8
Germany,2020-08-09,216693,2606.0,193999.0,9259,0.0427,,,1483,7
Germany,2020-08-10,217281,2613.0,193999.0,9260,0.0426,,,588,1
Germany,2020-08-11,218500,2628.0,197383.0,9265,0.0424,,,1219,5
Germany,2020-08-12,219530,2640.0,198067.0,9268,0.0422,,,1030,3
Germany,2020-08-13,219530,2640.0,198067.0,9268,0.0422,,,0,0
Germany,2020-08-14,220931,2657.0,199477.0,9276,0.042,,,1401,8
Germany,2020-08-15,223774,2691.0,200164.0,9289,0.0415,,,2843,13
Germany,2020-08-16,224478,2700.0,200753.0,9290,0.0414,,,704,1
Germany,2020-08-17,224997,2706.0,201255.0,9290,0.0413,,,519,0
Germany,2020-08-18,224997,2706.0,201255.0,9290,0.0413,,,0,0
Germany,2020-08-19,228105,2743.0,202939.0,9305,0.0408,,,3108,15
Germany,2020-08-20,229688,2762.0,203843.0,9314,0.0406,,,1583,9
Germany,2020-08-22,233021,2802.0,205751.0,9328,0.04,,,3333,14
Germany,2020-08-23,233857,2812.0,206572.0,9331,0.0399,,,836,3
Germany,2020-08-24,234478,2820.0,207130.0,9332,0.0398,,,621,1
Germany,2020-08-25,234478,2820.0,207130.0,9332,0.0398,,,0,0
Germany,2020-08-26,237082,2851.0,209287.0,9341,0.0394,,,2604,9
Germany,2020-08-27,239000,2874.0,210597.0,9352,0.0391,,,1918,11
Germany,2020-08-28,240561,2893.0,211856.0,9359,0.0389,,,1561,7
Germany,2020-08-29,242114,2912.0,213222.0,9360,0.0387,,,1553,1
Germany,2020-08-30,242114,2912.0,213222.0,9360,0.0387,,,0,0
Germany,2020-08-31,242986,2922.0,214894.0,9363,0.0385,,,872,3
Germany,2020-09-01,244792,2944.0,216234.0,9371,0.0383,,,1806,8
Germany,2020-09-02,244792,2944.0,216234.0,9371,0.0383,,,0,0
Germany,2020-09-03,246796,2968.0,219107.0,9385,0.038,,,2004,14
Germany,2020-09-04,248814,2992.0,220487.0,9399,0.0378,,,2018,14
Germany,2020-09-05,248814,2992.0,220487.0,9399,0.0378,,,0,0
Germany,2020-09-07,251723,3027.0,222899.0,9401,0.0373,,,2909,2
Germany,2020-09-08,253625,3050.0,222899.0,9405,0.0371,,,1902,4
Germany,2020-09-09,254956,3066.0,222899.0,9409,0.0369,,,1331,4
Germany,2020-09-10,255494,3073.0,222899.0,9408,0.0368,,,538,0
Germany,2020-09-11,256877,3089.0,222899.0,9412,0.0366,,,1383,4
Germany,2020-09-12,258519,3109.0,222899.0,9421,0.0364,,,1642,9
Germany,2020-09-13,258519,3109.0,222899.0,9421,0.0364,,,0,0
Germany,2020-09-14,258519,3109.0,222899.0,9421,0.0364,,,0,0
Germany,2020-09-15,258519,3109.0,222899.0,9421,0.0364,,,0,0
Germany,2020-09-16,264842,3185.0,231125.0,9445,0.0357,,,6323,24
Germany,2020-09-17,266659,3207.0,235998.0,9447,0.0354,,,1817,2
Germany,2020-09-18,268418,3228.0,237311.0,9452,0.0352,,,1759,5
Germany,2020-09-20,271244,3262.0,238681.0,9464,0.0349,,,2826,12
Germany,2020-09-21,271415,3264.0,0.0,9386,0.0346,,,171,0
Germany,2020-09-22,275551,3314.0,242206.0,9481,0.0344,,,4136,95
Germany,2020-09-23,275551,3314.0,242206.0,9481,0.0344,,,0,0
Germany,2020-09-24,279205,0.0,,9508,0.0341,3358.0,,3654,27
Germany,2020-09-25,281345,0.0,,9519,0.0338,3384.0,,2140,11
Germany,2020-09-26,283231,0.0,,9527,0.0336,3406.0,,1886,8
Germany,2020-09-27,285024,0.0,,9532,0.0334,3428.0,,1793,5
Germany,2020-09-28,286338,0.0,,9534,0.0333,3444.0,,1314,2
Germany,2020-09-29,288613,0.0,,9545,0.0331,3471.0,,2275,11
Germany,2020-09-30,288613,0.0,,9545,0.0331,3471.0,,0,0
Germany,2020-10-02,292911,0.0,,9571,0.0327,3523.0,,4298,26
Germany,2020-10-03,295539,0.0,,9509,0.0322,3554.0,,2628,0
Germany,2020-10-04,298374,0.0,,9518,0.0319,3588.0,,2835,9
Germany,2020-10-05,300027,0.0,,9531,0.0318,3608.0,,1653,13
Germany,2020-10-06,301573,0.0,,9533,0.0316,3627.0,,1546,2
Germany,2020-10-08,307127,0.0,,9566,0.0311,3694.0,,5554,33
Germany,2020-10-09,311137,0.0,,9582,0.0308,3742.0,,4010,16
Germany,2020-10-10,315941,0.0,,9545,0.0302,3800.0,,4804,0
Germany,2020-10-11,320495,0.0,,9599,0.03,3854.0,,4554,54
Germany,2020-10-12,323463,0.0,,9620,0.0297,3890.0,,2968,21
Germany,2020-10-13,326309,0.0,,9626,0.0295,3924.0,,2846,6
Germany,2020-10-14,332850,0.0,,9640,0.028999999999999998,4003.0,,6541,14
Germany,2020-10-15,337314,0.0,,9682,0.0287,4057.0,,4464,42
Germany,2020-10-18,359802,0.0,,9773,0.0272,4327.0,,22488,91
Germany,2020-10-19,364664,0.0,,9785,0.0268,4386.0,,4862,12
Germany,2020-10-20,368671,0.0,,9798,0.0266,4434.0,,4007,13
Germany,2020-10-22,385591,0.0,,9882,0.0256,4637.0,,16920,84
Germany,2020-10-23,397922,0.0,,9911,0.0249,4786.0,,12331,29
Germany,2020-10-24,403874,0.0,,9960,0.0247,4857.0,,5952,49
Germany,2020-10-25,426110,0.0,,10008,0.0235,5125.0,,22236,48
Germany,2020-10-26,434798,0.0,,10035,0.0231,5229.0,,8688,27
Germany,2020-10-27,437698,0.0,,10062,0.023,5264.0,,2900,27
Germany,2020-10-28,463419,5573.0,,10121,0.0218,,13161.0,25721,59
Germany,2020-10-29,463419,5573.0,,10121,0.0218,,13161.0,0,0
Germany,2020-10-30,486972,5857.0,,10259,0.0211,,23553.0,23553,138
Germany,2020-10-31,498354,5993.0,,10305,0.0207,,11382.0,11382,46
Germany,2020-11-01,517736,6227.0,,10391,0.0201,,19382.0,19382,86
Germany,2020-11-02,531790,6396.0,,10483,0.0197,,14054.0,14054,92
Germany,2020-11-03,552060,6639.0,,10541,0.0191,,20270.0,20270,58
Germany,2020-11-04,569598,6850.0,,10669,0.0187,,17538.0,17538,128
Germany,2020-11-05,577131,6941.0,,10717,0.0186,,7533.0,7533,48
Germany,2020-11-06,608611,7319.0,,10949,0.018000000000000002,,31480.0,31480,232
Germany,2020-11-07,631172,7591.0,,11110,0.0176,,22561.0,22561,161
Germany,2020-11-08,653992,7865.0,,11240,0.0172,,22820.0,22820,130
Germany,2020-11-09,668114,8035.0,,11306,0.0169,,14122.0,14122,66
Germany,2020-11-10,682624,8210.0,,11372,0.0167,,14510.0,14510,66
Germany,2020-11-11,689146,8288.0,,11408,0.0166,,6522.0,6522,36
Germany,2020-11-12,715693,8607.0,,11781,0.0165,,26547.0,26547,373
Germany,2020-11-13,738094,8877.0,,11994,0.0162,,22401.0,22401,213
Germany,2020-11-15,785093,9442.0,,12404,0.0158,,22261.0,46999,410
Germany,2020-11-16,799733,9618.0,,12511,0.0156,,14640.0,14640,107
Germany,2020-11-17,802946,9657.0,,12573,0.0157,,3213.0,3213,62
Germany,2020-11-18,817526,9832.0,,12833,0.0157,,14580.0,14580,260
Germany,2020-11-19,843757,10147.0,,13138,0.0156,,26231.0,26231,305
Germany,2020-11-20,867484,10433.0,,13390,0.0154,,23727.0,23727,252
Germany,2020-11-21,891525,10722.0,,13662,0.0153,,24041.0,24041,272
Germany,2020-11-22,914118,10994.0,,13918,0.0152,,22593.0,22593,256
Germany,2020-11-23,927990,11161.0,,14061,0.0152,,13872.0,13872,143
Germany,2020-11-24,932367,11213.0,,14159,0.0152,,4377.0,4377,98
Germany,2020-11-25,946822,11387.0,,14460,0.0153,,14455.0,14455,301
Germany,2020-11-26,963192,11584.0,,14832,0.0154,,16370.0,16370,372
Germany,2020-11-27,995879,11977.0,,15210,0.0153,,32687.0,32687,378
Germany,2020-11-28,1017830,12241.0,,15640,0.0154,,21951.0,21951,430
Germany,2020-11-29,1038649,12491.0,,16011,0.0154,,20819.0,20819,371
Germany,2020-11-30,1052494,12658.0,,16181,0.0154,,13845.0,13845,170
Germany,2020-12-01,1055691,12696.0,,16306,0.0154,,3197.0,3197,125
Germany,2020-12-02,1069912,12867.0,,16694,0.0156,,14221.0,14221,388
Germany,2020-12-03,1094678,13165.0,,17177,0.0157,,24766.0,24766,483
Germany,2020-12-04,1117953,13445.0,,17659,0.0158,,23275.0,23275,482
Germany,2020-12-05,1141544,13729.0,,18097,0.0159,,23591.0,23591,438
Germany,2020-12-06,1157514,13921.0,,18577,0.016,,15970.0,15970,480
Germany,2020-12-07,1183640,14235.0,,18839,0.0159,,26126.0,26126,262
Germany,2020-12-08,1194550,14366.0,,18989,0.0159,,10910.0,10910,150
Germany,2020-12-09,1200006,14432.0,,19434,0.0162,,5456.0,5456,445
Germany,2020-12-10,1229269,14784.0,,20002,0.0163,,29263.0,29263,568
Germany,2020-12-11,1254358,15086.0,,20460,0.0163,,25089.0,25089,458
Germany,2020-12-12,1287092,15479.0,,21064,0.0164,,32734.0,32734,604
Germany,2020-12-13,1314309,15807.0,,21567,0.0164,,27217.0,27217,503
Germany,2020-12-14,1336101,16069.0,,21900,0.0164,,21792.0,21792,333
Germany,2020-12-15,1350810,16246.0,,22106,0.0164,,14709.0,14709,206
Germany,2020-12-16,1391086,16730.0,,23544,0.0169,,33825.0,40276,1438
Germany,2020-12-17,1391086,16730.0,,23544,0.0169,,33825.0,0,0
Germany,2020-12-18,1423830,17124.0,,24273,0.017,,32744.0,32744,729
Germany,2020-12-19,1454009,17487.0,,25027,0.0172,,30179.0,30179,754
Germany,2020-12-20,1486839,17882.0,,25754,0.0173,,32830.0,32830,727
Germany,2020-12-21,1508518,18142.0,,26171,0.0173,,21679.0,21679,417
