Location,Date,Confirmed,Case_Per_1M_people,Recovered,Deaths,Mortality,Cases per 1 million people,NewConfirmed,NewDeaths
Ghana,2020-03-31,152.0,5.3,2.0,5.0,0.032894737,,0.0,0.0
Ghana,2020-04-01,161.0,5.61,3.0,5.0,0.031055900621118005,,9.0,0.0
Ghana,2020-04-02,195.0,6.8,3.0,5.0,0.02564102564102564,,34.0,0.0
Ghana,2020-04-03,204.0,7.11,31.0,5.0,0.024509803921568627,,9.0,0.0
Ghana,2020-04-07,214.0,7.07,3.0,5.0,0.02336448598130841,,10.0,0.0
Ghana,2020-04-10,378.0,12.48,34.0,6.0,0.015873015873015872,,164.0,1.0
Ghana,2020-04-11,378.0,12.48,34.0,6.0,0.015873015873015872,,0.0,0.0
Ghana,2020-04-12,408.0,13.47,4.0,8.0,0.0196078431372549,,30.0,2.0
Ghana,2020-04-14,566.0,18.69,4.0,8.0,0.01413427561837456,,158.0,0.0
Ghana,2020-04-17,641.0,21.17,83.0,8.0,0.0124804992199688,,75.0,0.0
Ghana,2020-04-18,641.0,21.17,83.0,8.0,0.0124804992199688,,0.0,0.0
Ghana,2020-04-20,1042.0,34.41,99.0,9.0,0.008637236084452975,,401.0,1.0
Ghana,2020-04-22,1042.0,34.41,99.0,9.0,0.008637236084452975,,0.0,0.0
Ghana,2020-04-23,1154.0,38.11,99.0,9.0,0.0077989601386481795,,112.0,0.0
Ghana,2020-04-24,1154.0,38.11,99.0,9.0,0.0077989601386481795,,0.0,0.0
Ghana,2020-04-25,1279.0,42.24,134.0,10.0,0.007818608287724784,,125.0,1.0
Ghana,2020-04-26,1279.0,42.24,134.0,10.0,0.007818608287724784,,0.0,0.0
Ghana,2020-04-27,1550.0,51.19,155.0,11.0,0.0070967741935483875,,271.0,1.0
Ghana,2020-04-28,1550.0,51.19,155.0,11.0,0.0070967741935483875,,0.0,0.0
Ghana,2020-04-29,1671.0,55.18,188.0,16.0,0.009575104727707959,,121.0,5.0
Ghana,2020-04-30,1671.0,55.18,188.0,16.0,0.009575104727707959,,0.0,0.0
Ghana,2020-05-01,2076.0,69.0,212.0,17.0,0.008188824662813102,,405.0,1.0
Ghana,2020-05-02,2074.0,68.0,212.0,17.0,0.008196721311475409,,0.0,0.0
Ghana,2020-05-03,2169.0,72.0,229.0,18.0,0.008298755186721992,,95.0,1.0
Ghana,2020-05-04,2169.0,72.0,229.0,18.0,0.008298755186721992,,0.0,0.0
Ghana,2020-05-05,2719.0,90.0,294.0,18.0,0.0066200809121000365,,550.0,0.0
Ghana,2020-05-06,2719.0,90.0,294.0,18.0,0.0066200809121000365,,0.0,0.0
Ghana,2020-05-07,2719.0,90.0,294.0,18.0,0.0066200809121000365,,0.0,0.0
Ghana,2020-05-08,3091.0,102.0,303.0,18.0,0.005823358136525397,,372.0,0.0
Ghana,2020-05-09,4012.0,132.0,323.0,18.0,0.00448654037886341,,921.0,0.0
Ghana,2020-05-10,4263.0,141.0,378.0,22.0,0.005160684963640629,,251.0,4.0
Ghana,2020-05-11,4263.0,141.0,378.0,22.0,0.005160684963640629,,0.0,0.0
Ghana,2020-05-12,4700.0,155.0,494.0,22.0,0.0046808510638297884,,437.0,0.0
Ghana,2020-05-13,5127.0,169.0,494.0,22.0,0.0042910083869709395,,427.0,0.0
Ghana,2020-05-15,5530.0,183.0,674.0,24.0,0.00433996383363472,,403.0,2.0
Ghana,2020-05-16,5638.0,186.0,1460.0,28.0,0.004966300106420718,,108.0,4.0
Ghana,2020-05-17,5638.0,186.0,1460.0,28.0,0.004966300106420718,,0.0,0.0
Ghana,2020-05-18,5735.0,189.0,1754.0,29.0,0.005056669572798604,,97.0,1.0
Ghana,2020-05-19,5735.0,189.0,1754.0,29.0,0.005056669572798604,,0.0,0.0
Ghana,2020-05-20,5918.0,195.0,1754.0,31.0,0.005238256167624198,,183.0,2.0
,2020-05-21,,,,,,,,
Ghana,2020-05-22,6269.0,207.0,1898.0,31.0,0.004944967299409794,,,
Ghana,2020-05-23,6486.0,214.0,1951.0,31.0,0.004779525131051496,,217.0,0.0
Ghana,2020-05-24,6617.0,219.0,1978.0,31.0,0.004684902523802327,,131.0,0.0
Ghana,2020-05-25,6683.0,221.0,1998.0,32.0,0.004788268741583121,,66.0,1.0
Ghana,2020-05-26,6808.0,225.0,2080.0,32.0,0.004700352526439483,,125.0,0.0
Ghana,2020-05-27,7117.0,235.0,2317.0,34.0,0.00477729380356892,,309.0,2.0
Ghana,2020-05-28,7303.0,241.0,23412.0,34.0,0.004655620977680406,,186.0,0.0
Ghana,2020-05-29,7303.0,241.0,2412.0,34.0,0.004655620977680406,,0.0,0.0
Ghana,2020-05-30,7616.0,252.0,2421.0,34.0,0.004464285714285714,,313.0,0.0
Ghana,2020-05-31,7768.0,257.0,2540.0,35.0,0.004505664263645725,,152.0,1.0
Ghana,2020-06-01,7881.0,260.0,2841.0,36.0,0.004567948229920061,,113.0,1.0
Ghana,2020-06-02,8070.0,267.0,2947.0,36.0,0.0044609665427509295,,189.0,0.0
Ghana,2020-06-03,8297.0,274.0,2986.0,38.0,0.0046,,227.0,2.0
Ghana,2020-06-04,8548.0,282.0,3132.0,38.0,0.0044,,251.0,0.0
Ghana,2020-06-05,8885.0,293.0,3189.0,38.0,0.0043,,337.0,0.0
Ghana,2020-06-06,9168.0,303.0,3457.0,42.0,0.0046,,283.0,4.0
Ghana,2020-06-07,9462.0,312.0,3547.0,44.0,0.0047,,294.0,2.0
Ghana,2020-06-08,9638.0,318.0,3636.0,44.0,0.0046,,176.0,0.0
Ghana,2020-06-09,9910.0,327.0,3645.0,48.0,0.0048,,272.0,4.0
Ghana,2020-06-10,10201.0,337.0,3755.0,48.0,0.0047,,291.0,0.0
Ghana,2020-06-12,10358.0,342.0,3824.0,48.0,0.0046,,157.0,0.0
Ghana,2020-06-13,10856.0,359.0,3921.0,48.0,0.0044,,498.0,0.0
Ghana,2020-06-14,11118.0,367.0,3979.0,48.0,0.0043,,262.0,0.0
Ghana,2020-06-15,11422.0,377.0,4156.0,51.0,0.0045,,304.0,3.0
Ghana,2020-06-16,11964.0,395.0,4258.0,54.0,0.0045,,542.0,3.0
Ghana,2020-06-17,12193.0,403.0,4326.0,58.0,0.0048,,229.0,4.0
Ghana,2020-06-18,12590.0,416.0,4410.0,66.0,0.0052,,397.0,8.0
Ghana,2020-06-19,12929.0,427.0,4468.0,66.0,0.0051,,339.0,0.0
Ghana,2020-06-20,13203.0,436.0,4548.0,70.0,0.0053,,274.0,4.0
Ghana,2020-06-21,13717.0,453.0,10074.0,85.0,0.0062,,514.0,15.0
Ghana,2020-06-22,14007.0,463.0,10473.0,85.0,0.0061,,290.0,0.0
Ghana,2020-06-23,14154.0,467.0,10473.0,85.0,0.006,,147.0,0.0
Ghana,2020-06-24,14568.0,481.0,104907.0,95.0,0.0065,,414.0,10.0
Ghana,2020-06-25,15013.0,496.0,11078.0,95.0,0.0063,,445.0,0.0
Ghana,2020-06-26,15473.0,511.0,11431.0,95.0,0.0061,,460.0,0.0
Ghana,2020-06-27,15834.0,523.0,11755.0,103.0,0.0065,,361.0,8.0
Ghana,2020-06-28,15834.0,523.0,11755.0,103.0,0.0065,,0.0,0.0
Ghana,2020-06-29,16742.0,553.0,12720.0,112.0,0.0067,,908.0,9.0
Ghana,2020-06-30,17351.0,573.0,12994.0,112.0,0.0065,,609.0,0.0
Ghana,2020-07-01,17741.0,586.0,13268.0,112.0,0.0063,,390.0,0.0
Ghana,2020-07-02,17741.0,586.0,13268.0,112.0,0.0063,,0.0,0.0
Ghana,2020-07-03,18134.0,599.0,13550.0,117.0,0.0065,,393.0,5.0
Ghana,2020-07-04,18134.0,599.0,13550.0,117.0,0.0065,,0.0,0.0
Ghana,2020-07-05,19388.0,640.0,14330.0,117.0,0.006,,1254.0,0.0
Ghana,2020-07-06,20085.0,663.0,14870.0,122.0,0.0061,,697.0,5.0
Ghana,2020-07-07,21077.0,696.0,16070.0,129.0,0.0061,,992.0,7.0
Ghana,2020-07-09,22822.0,754.0,17564.0,129.0,0.0057,,1745.0,0.0
Ghana,2020-07-10,22822.0,754.0,17564.0,129.0,0.0057,,0.0,0.0
Ghana,2020-07-11,23463.0,775.0,18622.0,129.0,0.0055,,641.0,0.0
Ghana,2020-07-12,23463.0,775.0,18622.0,129.0,0.0055,,0.0,0.0
Ghana,2020-07-13,24248.0,801.0,0.0,135.0,0.0056,,785.0,6.0
Ghana,2020-07-14,24988.0,825.0,21067.0,139.0,0.0056,,740.0,4.0
Ghana,2020-07-15,24988.0,825.0,21067.0,139.0,0.0056,,0.0,0.0
Ghana,2020-07-16,24988.0,825.0,21067.0,139.0,0.0056,,0.0,0.0
Ghana,2020-07-18,26125.0,863.0,22270.0,139.0,0.0053,,1137.0,0.0
Ghana,2020-07-19,26572.0,878.0,22915.0,144.0,0.0054,,447.0,5.0
Ghana,2020-07-19,27060.0,894.0,23044.0,145.0,0.0054,,488.0,1.0
Ghana,2020-07-21,27060.0,894.0,23044.0,145.0,0.0054,,0.0,0.0
Ghana,2020-07-22,28989.0,957.0,25331.0,153.0,0.0053,,1929.0,8.0
Ghana,2020-07-23,28989.0,957.0,25331.0,153.0,0.0053,,0.0,0.0
Ghana,2020-07-24,29672.0,980.0,26090.0,153.0,0.0052,,683.0,0.0
Ghana,2020-07-25,31057.0,1026.0,27801.0,161.0,0.0052,,1385.0,8.0
Ghana,2020-07-26,31851.0,1052.0,28438.0,161.0,0.0051,,794.0,0.0
Ghana,2020-07-27,32969.0,1089.0,29494.0,168.0,0.0051,,1118.0,7.0
Ghana,2020-07-28,33624.0,1110.0,29801.0,168.0,0.005,,655.0,0.0
Ghana,2020-07-29,34406.0,1136.0,30621.0,168.0,0.0049,,782.0,0.0
Ghana,2020-07-30,34406.0,1136.0,30621.0,168.0,0.0049,,0.0,0.0
Ghana,2020-07-31,35501.0,1172.0,32096.0,182.0,0.0051,,1095.0,14.0
Ghana,2020-08-01,35501.0,1172.0,32096.0,182.0,0.0051,,0.0,0.0
Ghana,2020-08-02,35501.0,1172.0,32096.0,182.0,0.0051,,0.0,0.0
Ghana,2020-08-03,37014.0,1222.0,33365.0,182.0,0.0049,,1513.0,0.0
Ghana,2020-08-04,37014.0,1222.0,33365.0,182.0,0.0049,,0.0,0.0
Ghana,2020-08-05,37812.0,1249.0,34313.0,191.0,0.0051,,798.0,9.0
Ghana,2020-08-06,39075.0,1290.0,35563.0,199.0,0.0051,,1263.0,8.0
Ghana,2020-08-07,39075.0,1290.0,35563.0,199.0,0.0051,,0.0,0.0
Ghana,2020-08-08,40097.0,1324.0,36638.0,206.0,0.0051,,1022.0,7.0
Ghana,2020-08-09,40533.0,1339.0,37702.0,206.0,0.0051,,436.0,0.0
Ghana,2020-08-10,41003.0,1354.0,38330.0,215.0,0.0052,,470.0,9.0
Ghana,2020-08-11,41212.0,1361.0,38727.0,215.0,0.0052,,209.0,0.0
Ghana,2020-08-12,41404.0,1367.0,39055.0,215.0,0.0052,,192.0,0.0
Ghana,2020-08-13,41404.0,1367.0,39055.0,215.0,0.0052,,0.0,0.0
Ghana,2020-08-14,41725.0,1378.0,39495.0,223.0,0.0053,,321.0,8.0
Ghana,2020-08-15,41847.0,1382.0,39718.0,223.0,0.0053,,122.0,0.0
Ghana,2020-08-16,42063.0,1389.0,39993.0,231.0,0.0055,,216.0,8.0
Ghana,2020-08-17,42532.0,1405.0,40362.0,231.0,0.0054,,469.0,0.0
Ghana,2020-08-18,42653.0,1409.0,40567.0,239.0,0.0056,,121.0,8.0
Ghana,2020-08-19,42993.0,1420.0,40796.0,248.0,0.0058,,340.0,9.0
Ghana,2020-08-20,43094.0,1423.0,40963.0,256.0,0.0059,,101.0,8.0
Ghana,2020-08-22,43325.0,1431.0,41408.0,261.0,0.006,,231.0,5.0
Ghana,2020-08-23,43325.0,1431.0,41408.0,261.0,0.006,,0.0,0.0
Ghana,2020-08-24,43505.0,1437.0,41532.0,261.0,0.006,,180.0,0.0
Ghana,2020-08-25,43505.0,1437.0,41532.0,261.0,0.006,,0.0,0.0
Ghana,2020-08-26,43622.0,1441.0,41695.0,263.0,0.006,,117.0,2.0
Ghana,2020-08-27,43769.0,1445.0,42048.0,270.0,0.0062,,147.0,7.0
Ghana,2020-08-28,43841.0,1448.0,42246.0,270.0,0.0062,,72.0,0.0
Ghana,2020-08-29,43949.0,1451.0,42392.0,270.0,0.0061,,108.0,0.0
Ghana,2020-08-30,44118.0,1457.0,42581.0,270.0,0.0061,,169.0,0.0
Ghana,2020-08-31,44205.0,1460.0,42777.0,276.0,0.0062,,87.0,6.0
Ghana,2020-09-01,44298.0,1463.0,42963.0,276.0,0.0062,,93.0,0.0
Ghana,2020-09-02,44298.0,1463.0,42963.0,276.0,0.0062,,0.0,0.0
Ghana,2020-09-03,44460.0,1468.0,43121.0,276.0,0.0062,,162.0,0.0
Ghana,2020-09-04,44713.0,1477.0,43577.0,280.0,0.0063,,253.0,4.0
Ghana,2020-09-05,44713.0,1477.0,43577.0,280.0,0.0063,,0.0,0.0
Ghana,2020-09-07,44777.0,1479.0,43693.0,283.0,0.0063,,64.0,3.0
Ghana,2020-09-08,45012.0,1486.0,43898.0,283.0,0.0063,,235.0,0.0
Ghana,2020-09-09,45012.0,1486.0,43898.0,283.0,0.0063,,0.0,0.0
Ghana,2020-09-10,45188.0,1492.0,44042.0,283.0,0.0063,,176.0,0.0
Ghana,2020-09-11,45313.0,1496.0,44188.0,283.0,0.0062,,125.0,0.0
Ghana,2020-09-12,45388.0,1499.0,44267.0,285.0,0.0063,,75.0,2.0
Ghana,2020-09-13,45388.0,1499.0,44267.0,285.0,0.0063,,0.0,0.0
Ghana,2020-09-14,45388.0,1499.0,44267.0,285.0,0.0063,,0.0,0.0
Ghana,2020-09-15,45388.0,1499.0,44267.0,285.0,0.0063,,0.0,0.0
Ghana,2020-09-16,45388.0,1499.0,44267.0,285.0,0.0063,,0.0,0.0
Ghana,2020-09-17,45388.0,1499.0,44267.0,285.0,0.0063,,0.0,0.0
Ghana,2020-09-18,45388.0,1499.0,44267.0,285.0,0.0063,,0.0,0.0
Ghana,2020-09-20,45877.0,1515.0,45081.0,297.0,0.0065,,489.0,12.0
Ghana,2020-09-21,46004.0,1519.0,45153.0,297.0,0.0065,,127.0,0.0
Ghana,2020-09-22,46062.0,1521.0,45258.0,297.0,0.0064,,58.0,0.0
Ghana,2020-09-23,46062.0,1521.0,45258.0,297.0,0.0064,,0.0,0.0
Ghana,2020-09-24,46153.0,0.0,,299.0,0.0065,1524.0,91.0,2.0
Ghana,2020-09-25,46153.0,0.0,,299.0,0.0065,1524.0,0.0,0.0
Ghana,2020-09-26,46222.0,0.0,,299.0,0.0065,1526.0,69.0,0.0
Ghana,2020-09-27,46222.0,0.0,,299.0,0.0065,1526.0,0.0,0.0
Ghana,2020-09-28,46387.0,0.0,,299.0,0.0064,1532.0,165.0,0.0
Ghana,2020-09-29,46387.0,0.0,,299.0,0.0064,1532.0,0.0,0.0
Ghana,2020-09-30,46482.0,0.0,,301.0,0.0065,1535.0,95.0,2.0
Ghana,2020-10-02,46626.0,0.0,,301.0,0.0065,1540.0,144.0,0.0
Ghana,2020-10-03,46656.0,0.0,,301.0,0.0065,1541.0,30.0,0.0
Ghana,2020-10-04,46694.0,0.0,,301.0,0.0064,1542.0,38.0,0.0
Ghana,2020-10-05,46803.0,0.0,,303.0,0.0065,1546.0,109.0,2.0
Ghana,2020-10-06,46829.0,0.0,,303.0,0.0065,1546.0,26.0,0.0
Ghana,2020-10-08,46829.0,0.0,,303.0,0.0065,1546.0,0.0,0.0
Ghana,2020-10-09,46829.0,0.0,,303.0,0.0065,1546.0,0.0,0.0
Ghana,2020-10-10,46947.0,0.0,,306.0,0.0065,1550.0,118.0,3.0
Ghana,2020-10-11,46987.0,0.0,,306.0,0.0065,1552.0,40.0,0.0
Ghana,2020-10-12,47005.0,0.0,,306.0,0.0065,1552.0,18.0,0.0
Ghana,2020-10-13,47005.0,0.0,,306.0,0.0065,1552.0,0.0,0.0
Ghana,2020-10-14,47030.0,0.0,,308.0,0.0065,1553.0,25.0,2.0
Ghana,2020-10-15,47126.0,0.0,,310.0,0.0066,1556.0,96.0,2.0
