Location,Date,Confirmed,Case_Per_1M_people,Recovered,Deaths,Mortality,Cases per 1 million people,NewConfirmed,NewDeaths
Gibraltar,2020-03-31,69.0,3290.89,14.0,0.0,0.0,,0.0,0.0
Gibraltar,2020-04-01,69.0,3290.89,14.0,0.0,0.0,,0.0,0.0
Gibraltar,2020-04-02,69.0,3290.89,14.0,0.0,0.0,,0.0,0.0
Gibraltar,2020-04-03,88.0,4197.07,42.0,0.0,0.0,,19.0,0.0
Gibraltar,2020-04-07,103.0,3056.29,52.0,0.0,0.0,,15.0,0.0
Gibraltar,2020-04-10,123.0,3649.74,60.0,0.0,0.0,,20.0,0.0
Gibraltar,2020-04-11,127.0,3768.43,69.0,0.0,0.0,,4.0,0.0
Gibraltar,2020-04-12,129.0,3827.78,84.0,0.0,0.0,,2.0,0.0
Gibraltar,2020-04-14,129.0,3827.78,84.0,0.0,0.0,,0.0,0.0
Gibraltar,2020-04-17,131.0,3887.13,105.0,0.0,0.0,,2.0,0.0
Gibraltar,2020-04-18,132.0,3916.8,105.0,0.0,0.0,,1.0,0.0
Gibraltar,2020-04-20,132.0,3916.8,120.0,0.0,0.0,,0.0,0.0
Gibraltar,2020-04-22,132.0,3916.8,120.0,0.0,0.0,,0.0,0.0
Gibraltar,2020-04-23,133.0,3946.47,120.0,0.0,0.0,,1.0,0.0
Gibraltar,2020-04-24,133.0,3946.47,129.0,0.0,0.0,,0.0,0.0
Gibraltar,2020-04-25,133.0,3946.47,131.0,0.0,0.0,,0.0,0.0
Gibraltar,2020-04-26,136.0,4035.49,131.0,0.0,0.0,,3.0,0.0
Gibraltar,2020-04-27,141.0,4183.85,131.0,0.0,0.0,,5.0,0.0
Gibraltar,2020-04-28,141.0,4183.85,131.0,0.0,0.0,,0.0,0.0
Gibraltar,2020-04-29,141.0,4183.85,131.0,0.0,0.0,,0.0,0.0
Gibraltar,2020-04-30,141.0,4183.85,131.0,0.0,0.0,,0.0,0.0
Gibraltar,2020-05-01,144.0,4273.0,131.0,0.0,0.0,,3.0,0.0
Gibraltar,2020-05-02,144.0,4273.0,131.0,0.0,0.0,,0.0,0.0
Gibraltar,2020-05-03,144.0,4273.0,132.0,0.0,0.0,,0.0,0.0
Gibraltar,2020-05-04,144.0,4273.0,132.0,0.0,0.0,,0.0,0.0
Gibraltar,2020-05-05,144.0,4273.0,133.0,0.0,0.0,,0.0,0.0
Gibraltar,2020-05-06,144.0,4273.0,133.0,0.0,0.0,,0.0,0.0
Gibraltar,2020-05-07,144.0,4273.0,136.0,0.0,0.0,,0.0,0.0
Gibraltar,2020-05-08,144.0,4273.0,136.0,0.0,0.0,,0.0,0.0
Gibraltar,2020-05-09,146.0,4332.0,141.0,0.0,0.0,,2.0,0.0
Gibraltar,2020-05-10,146.0,4332.0,143.0,0.0,0.0,,0.0,0.0
Gibraltar,2020-05-11,146.0,4332.0,143.0,0.0,0.0,,0.0,0.0
Gibraltar,2020-05-12,147.0,4362.0,143.0,0.0,0.0,,1.0,0.0
Gibraltar,2020-05-13,148.0,4392.0,144.0,0.0,0.0,,1.0,0.0
Gibraltar,2020-05-15,147.0,4362.0,144.0,0.0,0.0,,0.0,0.0
Gibraltar,2020-05-16,147.0,4362.0,144.0,0.0,0.0,,0.0,0.0
Gibraltar,2020-05-17,147.0,4362.0,144.0,0.0,0.0,,0.0,0.0
Gibraltar,2020-05-18,147.0,4362.0,145.0,0.0,0.0,,0.0,0.0
Gibraltar,2020-05-19,147.0,4362.0,145.0,0.0,0.0,,0.0,0.0
Gibraltar,2020-05-20,147.0,4362.0,145.0,0.0,0.0,,0.0,0.0
,2020-05-21,,,,,,,,
Gibraltar,2020-05-22,151.0,4481.0,146.0,0.0,0.0,,,
Gibraltar,2020-05-23,151.0,4481.0,146.0,0.0,0.0,,0.0,0.0
Gibraltar,2020-05-24,151.0,4481.0,147.0,0.0,0.0,,0.0,0.0
Gibraltar,2020-05-25,154.0,4570.0,147.0,0.0,0.0,,3.0,0.0
Gibraltar,2020-05-26,154.0,4570.0,147.0,0.0,0.0,,0.0,0.0
Gibraltar,2020-05-27,154.0,4570.0,147.0,0.0,0.0,,0.0,0.0
Gibraltar,2020-05-28,157.0,4659.0,147.0,0.0,0.0,,3.0,0.0
Gibraltar,2020-05-29,157.0,4659.0,147.0,0.0,0.0,,0.0,0.0
Gibraltar,2020-05-30,161.0,4777.0,148.0,0.0,0.0,,4.0,0.0
Gibraltar,2020-05-31,169.0,5015.0,149.0,0.0,0.0,,8.0,0.0
Gibraltar,2020-06-01,170.0,5044.0,149.0,0.0,0.0,,1.0,0.0
Gibraltar,2020-06-02,170.0,5044.0,151.0,0.0,0.0,,0.0,0.0
Gibraltar,2020-06-03,172.0,5104.0,152.0,0.0,0.0,,2.0,0.0
Gibraltar,2020-06-04,173.0,5133.0,153.0,0.0,0.0,,1.0,0.0
Gibraltar,2020-06-05,173.0,5133.0,153.0,0.0,0.0,,0.0,0.0
Gibraltar,2020-06-06,174.0,5163.0,153.0,0.0,0.0,,1.0,0.0
Gibraltar,2020-06-07,175.0,5193.0,155.0,0.0,0.0,,1.0,0.0
Gibraltar,2020-06-08,176.0,5222.0,164.0,0.0,0.0,,1.0,0.0
Gibraltar,2020-06-09,176.0,5222.0,164.0,0.0,0.0,,0.0,0.0
Gibraltar,2020-06-10,176.0,5222.0,164.0,0.0,0.0,,0.0,0.0
Gibraltar,2020-06-12,176.0,5222.0,169.0,0.0,0.0,,0.0,0.0
Gibraltar,2020-06-13,176.0,5222.0,172.0,0.0,0.0,,0.0,0.0
Gibraltar,2020-06-14,176.0,5222.0,172.0,0.0,0.0,,0.0,0.0
Gibraltar,2020-06-15,176.0,5222.0,172.0,0.0,0.0,,0.0,0.0
Gibraltar,2020-06-16,176.0,5222.0,172.0,0.0,0.0,,0.0,0.0
Gibraltar,2020-06-17,176.0,5222.0,172.0,0.0,0.0,,0.0,0.0
Gibraltar,2020-06-18,176.0,5222.0,174.0,0.0,0.0,,0.0,0.0
Gibraltar,2020-06-19,176.0,5222.0,174.0,0.0,0.0,,0.0,0.0
Gibraltar,2020-06-20,176.0,5222.0,174.0,0.0,0.0,,0.0,0.0
Gibraltar,2020-06-21,176.0,5222.0,174.0,0.0,0.0,,0.0,0.0
Gibraltar,2020-06-22,176.0,5222.0,174.0,0.0,0.0,,0.0,0.0
Gibraltar,2020-06-23,176.0,5222.0,174.0,0.0,0.0,,0.0,0.0
Gibraltar,2020-06-24,176.0,5222.0,176.0,0.0,0.0,,0.0,0.0
Gibraltar,2020-06-25,176.0,5222.0,176.0,0.0,0.0,,0.0,0.0
Gibraltar,2020-06-26,176.0,5222.0,176.0,0.0,0.0,,0.0,0.0
Gibraltar,2020-06-27,176.0,5222.0,176.0,0.0,0.0,,0.0,0.0
Gibraltar,2020-06-28,176.0,5222.0,176.0,0.0,0.0,,0.0,0.0
Gibraltar,2020-06-29,176.0,5222.0,176.0,0.0,0.0,,0.0,0.0
Gibraltar,2020-06-30,176.0,5222.0,176.0,0.0,0.0,,0.0,0.0
Gibraltar,2020-07-01,176.0,5222.0,176.0,0.0,0.0,,0.0,0.0
Gibraltar,2020-07-02,177.0,5252.0,0.0,0.0,0.0,,1.0,0.0
Gibraltar,2020-07-03,178.0,5282.0,176.0,0.0,0.0,,1.0,0.0
Gibraltar,2020-07-04,178.0,5282.0,176.0,0.0,0.0,,0.0,0.0
Gibraltar,2020-07-05,178.0,5282.0,176.0,0.0,0.0,,0.0,0.0
Gibraltar,2020-07-06,179.0,5311.0,176.0,0.0,0.0,,1.0,0.0
Gibraltar,2020-07-07,179.0,5311.0,176.0,0.0,0.0,,0.0,0.0
Gibraltar,2020-07-09,179.0,5311.0,176.0,0.0,0.0,,0.0,0.0
Gibraltar,2020-07-10,179.0,5311.0,176.0,0.0,0.0,,0.0,0.0
Gibraltar,2020-07-11,179.0,5311.0,176.0,0.0,0.0,,0.0,0.0
Gibraltar,2020-07-12,180.0,5341.0,0.0,0.0,0.0,,1.0,0.0
Gibraltar,2020-07-13,180.0,5341.0,0.0,0.0,0.0,,0.0,0.0
Gibraltar,2020-07-14,180.0,5341.0,0.0,0.0,0.0,,0.0,0.0
Gibraltar,2020-07-15,180.0,5341.0,0.0,0.0,0.0,,0.0,0.0
Gibraltar,2020-07-16,180.0,5341.0,0.0,0.0,0.0,,0.0,0.0
Gibraltar,2020-07-18,180.0,5341.0,180.0,0.0,0.0,,0.0,0.0
Gibraltar,2020-07-19,180.0,5341.0,180.0,0.0,0.0,,0.0,0.0
Gibraltar,2020-07-19,180.0,5341.0,180.0,0.0,0.0,,0.0,0.0
Gibraltar,2020-07-21,180.0,5341.0,180.0,0.0,0.0,,0.0,0.0
Gibraltar,2020-07-22,180.0,5341.0,180.0,0.0,0.0,,0.0,0.0
Gibraltar,2020-07-23,180.0,5341.0,180.0,0.0,0.0,,0.0,0.0
Gibraltar,2020-07-24,180.0,5341.0,180.0,0.0,0.0,,0.0,0.0
Gibraltar,2020-07-25,184.0,5460.0,180.0,0.0,0.0,,4.0,0.0
Gibraltar,2020-07-26,184.0,5460.0,180.0,0.0,0.0,,0.0,0.0
Gibraltar,2020-07-27,185.0,5489.0,0.0,0.0,0.0,,1.0,0.0
Gibraltar,2020-07-28,185.0,5489.0,180.0,0.0,0.0,,0.0,0.0
Gibraltar,2020-07-29,186.0,5519.0,180.0,0.0,0.0,,1.0,0.0
Gibraltar,2020-07-30,186.0,5519.0,180.0,0.0,0.0,,0.0,0.0
Gibraltar,2020-07-31,186.0,5519.0,180.0,0.0,0.0,,0.0,0.0
Gibraltar,2020-08-01,187.0,5549.0,180.0,0.0,0.0,,1.0,0.0
Gibraltar,2020-08-02,187.0,5549.0,180.0,0.0,0.0,,0.0,0.0
Gibraltar,2020-08-03,187.0,5549.0,180.0,0.0,0.0,,0.0,0.0
Gibraltar,2020-08-04,188.0,5578.0,183.0,0.0,0.0,,1.0,0.0
Gibraltar,2020-08-05,188.0,5578.0,183.0,0.0,0.0,,0.0,0.0
Gibraltar,2020-08-06,189.0,5608.0,183.0,0.0,0.0,,1.0,0.0
Gibraltar,2020-08-07,189.0,5608.0,183.0,0.0,0.0,,0.0,0.0
Gibraltar,2020-08-08,190.0,5638.0,184.0,0.0,0.0,,1.0,0.0
Gibraltar,2020-08-09,190.0,5638.0,184.0,0.0,0.0,,0.0,0.0
Gibraltar,2020-08-10,197.0,5846.0,184.0,0.0,0.0,,7.0,0.0
Gibraltar,2020-08-11,197.0,5846.0,184.0,0.0,0.0,,0.0,0.0
Gibraltar,2020-08-12,197.0,5846.0,184.0,0.0,0.0,,0.0,0.0
Gibraltar,2020-08-13,202.0,5994.0,184.0,0.0,0.0,,5.0,0.0
Gibraltar,2020-08-14,203.0,6024.0,187.0,0.0,0.0,,1.0,0.0
Gibraltar,2020-08-15,203.0,6024.0,187.0,0.0,0.0,,0.0,0.0
Gibraltar,2020-08-16,206.0,6113.0,188.0,0.0,0.0,,3.0,0.0
Gibraltar,2020-08-17,206.0,6113.0,188.0,0.0,0.0,,0.0,0.0
Gibraltar,2020-08-18,215.0,6380.0,190.0,0.0,0.0,,9.0,0.0
Gibraltar,2020-08-19,222.0,6587.0,195.0,0.0,0.0,,7.0,0.0
Gibraltar,2020-08-20,222.0,6587.0,195.0,0.0,0.0,,0.0,0.0
Gibraltar,2020-08-22,222.0,6587.0,195.0,0.0,0.0,,0.0,0.0
Gibraltar,2020-08-23,223.0,6617.0,0.0,0.0,0.0,,1.0,0.0
Gibraltar,2020-08-24,223.0,6617.0,0.0,0.0,0.0,,0.0,0.0
Gibraltar,2020-08-25,223.0,6617.0,0.0,0.0,0.0,,0.0,0.0
Gibraltar,2020-08-26,246.0,7299.0,0.0,0.0,0.0,,23.0,0.0
Gibraltar,2020-08-27,256.0,7596.0,203.0,0.0,0.0,,10.0,0.0
Gibraltar,2020-08-28,256.0,7596.0,203.0,0.0,0.0,,0.0,0.0
Gibraltar,2020-08-29,274.0,8130.0,221.0,0.0,0.0,,18.0,0.0
Gibraltar,2020-08-30,274.0,8130.0,221.0,0.0,0.0,,0.0,0.0
Gibraltar,2020-08-31,274.0,8130.0,221.0,0.0,0.0,,0.0,0.0
Gibraltar,2020-09-01,274.0,8130.0,221.0,0.0,0.0,,0.0,0.0
Gibraltar,2020-09-02,275.0,8160.0,0.0,0.0,0.0,,1.0,0.0
Gibraltar,2020-09-03,295.0,8753.0,240.0,0.0,0.0,,20.0,0.0
Gibraltar,2020-09-04,295.0,8753.0,240.0,0.0,0.0,,0.0,0.0
Gibraltar,2020-09-05,295.0,8753.0,240.0,0.0,0.0,,0.0,0.0
Gibraltar,2020-09-07,312.0,9258.0,255.0,0.0,0.0,,17.0,0.0
Gibraltar,2020-09-08,312.0,9258.0,255.0,0.0,0.0,,0.0,0.0
Gibraltar,2020-09-09,315.0,9347.0,273.0,0.0,0.0,,3.0,0.0
Gibraltar,2020-09-10,315.0,9347.0,273.0,0.0,0.0,,0.0,0.0
Gibraltar,2020-09-11,315.0,9347.0,273.0,0.0,0.0,,0.0,0.0
Gibraltar,2020-09-12,315.0,9347.0,273.0,0.0,0.0,,0.0,0.0
Gibraltar,2020-09-13,322.0,9555.0,0.0,0.0,0.0,,7.0,0.0
Gibraltar,2020-09-14,322.0,9555.0,0.0,0.0,0.0,,0.0,0.0
Gibraltar,2020-09-15,337.0,10000.0,298.0,0.0,0.0,,15.0,0.0
Gibraltar,2020-09-16,334.0,9911.0,304.0,0.0,0.0,,0.0,0.0
Gibraltar,2020-09-17,334.0,9911.0,304.0,0.0,0.0,,0.0,0.0
Gibraltar,2020-09-18,343.0,10178.0,313.0,0.0,0.0,,9.0,0.0
Gibraltar,2020-09-20,343.0,10178.0,313.0,0.0,0.0,,0.0,0.0
Gibraltar,2020-09-21,350.0,10385.0,322.0,0.0,0.0,,7.0,0.0
Gibraltar,2020-09-22,350.0,10385.0,322.0,0.0,0.0,,0.0,0.0
Gibraltar,2020-09-23,350.0,10385.0,322.0,0.0,0.0,,0.0,0.0
Gibraltar,2020-09-24,350.0,0.0,,0.0,0.0,10385.0,0.0,0.0
Gibraltar,2020-09-25,350.0,0.0,,0.0,0.0,10385.0,0.0,0.0
Gibraltar,2020-09-26,350.0,0.0,,0.0,0.0,10385.0,0.0,0.0
Gibraltar,2020-09-27,364.0,0.0,,0.0,0.0,10801.0,14.0,0.0
Gibraltar,2020-09-28,379.0,0.0,,0.0,0.0,11246.0,15.0,0.0
Gibraltar,2020-09-29,379.0,0.0,,0.0,0.0,11246.0,0.0,0.0
Gibraltar,2020-09-30,391.0,0.0,,0.0,0.0,11602.0,12.0,0.0
Gibraltar,2020-10-02,396.0,0.0,,0.0,0.0,11750.0,5.0,0.0
Gibraltar,2020-10-03,410.0,0.0,,0.0,0.0,12166.0,14.0,0.0
Gibraltar,2020-10-04,416.0,0.0,,0.0,0.0,12344.0,6.0,0.0
Gibraltar,2020-10-05,428.0,0.0,,0.0,0.0,12700.0,12.0,0.0
Gibraltar,2020-10-06,432.0,0.0,,0.0,0.0,12819.0,4.0,0.0
Gibraltar,2020-10-08,437.0,0.0,,0.0,0.0,12967.0,5.0,0.0
Gibraltar,2020-10-09,445.0,0.0,,0.0,0.0,13204.0,8.0,0.0
Gibraltar,2020-10-10,452.0,0.0,,0.0,0.0,13412.0,7.0,0.0
Gibraltar,2020-10-11,468.0,0.0,,0.0,0.0,13887.0,16.0,0.0
Gibraltar,2020-10-12,476.0,0.0,,0.0,0.0,14124.0,8.0,0.0
Gibraltar,2020-10-13,485.0,0.0,,0.0,0.0,14391.0,9.0,0.0
Gibraltar,2020-10-14,486.0,0.0,,0.0,0.0,14421.0,1.0,0.0
Gibraltar,2020-10-15,499.0,0.0,,0.0,0.0,14807.0,13.0,0.0
Gibraltar,2020-10-18,544.0,0.0,,0.0,0.0,16142.0,45.0,0.0
Gibraltar,2020-10-19,558.0,0.0,,0.0,0.0,16557.0,14.0,0.0
Gibraltar,2020-10-20,571.0,0.0,,0.0,0.0,16943.0,13.0,0.0
Gibraltar,2020-10-22,608.0,0.0,,0.0,0.0,18041.0,37.0,0.0
Gibraltar,2020-10-23,621.0,0.0,,0.0,0.0,18427.0,13.0,0.0
Gibraltar,2020-10-24,630.0,0.0,,0.0,0.0,18694.0,9.0,0.0
Gibraltar,2020-10-25,641.0,0.0,,0.0,0.0,19020.0,11.0,0.0
Gibraltar,2020-10-26,660.0,0.0,,0.0,0.0,19584.0,19.0,0.0
Gibraltar,2020-10-27,667.0,0.0,,0.0,0.0,19792.0,7.0,0.0
Gibraltar,2020-10-28,670.0,0.0,,0.0,0.0,19881.0,3.0,0.0
