Location,Date,Confirmed,Case_Per_1M_people,Recovered,Deaths,Mortality,Cases per 1 million people,NewConfirmed,NewDeaths
Guatemala,2020-03-31,36.0,2.45,10.0,1.0,0.027777778,,0.0,0.0
Guatemala,2020-04-01,38.0,2.59,10.0,1.0,0.02631578947368421,,2.0,0.0
Guatemala,2020-04-02,46.0,3.13,12.0,1.0,0.021739130434782608,,8.0,0.0
Guatemala,2020-04-03,46.0,3.13,12.0,1.0,0.021739130434782608,,0.0,0.0
Guatemala,2020-04-07,70.0,4.22,15.0,3.0,0.042857142857142864,,24.0,2.0
Guatemala,2020-04-10,126.0,7.59,17.0,3.0,0.023809523809523808,,56.0,0.0
Guatemala,2020-04-11,137.0,8.25,19.0,3.0,0.021897810218978103,,11.0,0.0
Guatemala,2020-04-12,137.0,8.25,19.0,3.0,0.021897810218978103,,0.0,0.0
Guatemala,2020-04-14,156.0,9.4,19.0,5.0,0.03205128205128205,,19.0,2.0
Guatemala,2020-04-17,196.0,11.8,19.0,5.0,0.025510204081632654,,40.0,0.0
Guatemala,2020-04-18,235.0,14.15,21.0,7.0,0.029787234042553193,,39.0,2.0
Guatemala,2020-04-20,257.0,15.48,21.0,7.0,0.027237354085603117,,22.0,0.0
Guatemala,2020-04-22,294.0,17.71,24.0,7.0,0.023809523809523808,,37.0,0.0
Guatemala,2020-04-23,316.0,19.03,24.0,9.0,0.02848101265822785,,22.0,2.0
Guatemala,2020-04-24,384.0,23.13,30.0,11.0,0.028645833333333325,,68.0,2.0
Guatemala,2020-04-25,384.0,23.13,30.0,11.0,0.028645833333333325,,0.0,0.0
Guatemala,2020-04-26,430.0,25.9,30.0,11.0,0.02558139534883721,,46.0,0.0
Guatemala,2020-04-27,473.0,28.49,45.0,13.0,0.02748414376321353,,43.0,2.0
Guatemala,2020-04-28,500.0,30.11,49.0,15.0,0.03,,27.0,2.0
Guatemala,2020-04-29,557.0,33.55,62.0,16.0,0.028725314183123882,,57.0,1.0
Guatemala,2020-04-30,557.0,33.55,62.0,16.0,0.028725314183123882,,0.0,0.0
Guatemala,2020-05-01,585.0,35.0,65.0,16.0,0.02735042735042735,,28.0,0.0
Guatemala,2020-05-02,599.0,36.0,66.0,16.0,0.02671118530884808,,14.0,0.0
Guatemala,2020-05-03,644.0,39.0,72.0,16.0,0.024844720496894408,,45.0,0.0
Guatemala,2020-05-04,688.0,41.0,72.0,17.0,0.024709302325581398,,44.0,1.0
Guatemala,2020-05-05,730.0,44.0,79.0,19.0,0.026027397260273973,,42.0,2.0
Guatemala,2020-05-06,730.0,44.0,79.0,19.0,0.026027397260273973,,0.0,0.0
Guatemala,2020-05-07,798.0,48.0,86.0,21.0,0.02631578947368421,,68.0,2.0
Guatemala,2020-05-08,798.0,48.0,86.0,21.0,0.02631578947368421,,0.0,0.0
Guatemala,2020-05-09,832.0,50.0,90.0,23.0,0.027644230769230768,,34.0,2.0
Guatemala,2020-05-10,967.0,58.0,104.0,24.0,0.02481902792140641,,135.0,1.0
Guatemala,2020-05-11,1052.0,63.0,110.0,26.0,0.024714828897338403,,85.0,2.0
Guatemala,2020-05-12,1114.0,67.0,111.0,26.0,0.02333931777378815,,62.0,0.0
Guatemala,2020-05-13,1199.0,72.0,120.0,27.0,0.02251876563803169,,85.0,1.0
Guatemala,2020-05-15,1342.0,81.0,121.0,29.0,0.021609538002980627,,143.0,2.0
Guatemala,2020-05-16,1643.0,99.0,135.0,30.0,0.018259281801582476,,301.0,1.0
Guatemala,2020-05-17,1643.0,99.0,135.0,30.0,0.018259281801582476,,0.0,0.0
Guatemala,2020-05-18,1763.0,106.0,138.0,33.0,0.018718094157685758,,120.0,3.0
Guatemala,2020-05-19,1912.0,115.0,138.0,35.0,0.01830543933054393,,149.0,2.0
Guatemala,2020-05-20,2001.0,121.0,139.0,38.0,0.018990504747626192,,89.0,3.0
,2020-05-21,,,,,,,,
Guatemala,2020-05-22,2512.0,151.0,222.0,48.0,0.01910828025477707,,,
Guatemala,2020-05-23,2512.0,151.0,222.0,48.0,0.01910828025477707,,0.0,0.0
Guatemala,2020-05-24,2743.0,165.0,222.0,51.0,0.01859278162595698,,231.0,3.0
Guatemala,2020-05-25,3054.0,184.0,244.0,55.0,0.018009168303863784,,311.0,4.0
Guatemala,2020-05-26,3424.0,206.0,258.0,58.0,0.016939252336448597,,370.0,3.0
Guatemala,2020-05-27,3760.0,226.0,274.0,59.0,0.015691489361702126,,336.0,1.0
Guatemala,2020-05-28,3954.0,238.0,289.0,63.0,0.015933232169954476,,194.0,4.0
Guatemala,2020-05-29,4145.0,250.0,493.0,68.0,0.016405307599517492,,191.0,5.0
Guatemala,2020-05-30,4348.0,262.0,565.0,80.0,0.018399264029438818,,203.0,12.0
Guatemala,2020-05-31,4607.0,277.0,648.0,90.0,0.019535489472541783,,259.0,10.0
Guatemala,2020-06-01,4739.0,285.0,706.0,102.0,0.02152352817050011,,132.0,12.0
Guatemala,2020-06-02,5087.0,306.0,735.0,108.0,0.02123058777275408,,348.0,6.0
Guatemala,2020-06-03,5586.0,336.0,824.0,123.0,0.022000000000000002,,499.0,15.0
Guatemala,2020-06-04,5760.0,347.0,929.0,143.0,0.0248,,174.0,20.0
Guatemala,2020-06-05,5760.0,347.0,929.0,143.0,0.0248,,0.0,0.0
Guatemala,2020-06-06,6154.0,371.0,979.0,158.0,0.0257,,394.0,15.0
Guatemala,2020-06-07,6485.0,391.0,1053.0,216.0,0.0333,,331.0,58.0
Guatemala,2020-06-08,6792.0,409.0,1133.0,230.0,0.0339,,307.0,14.0
Guatemala,2020-06-09,7502.0,452.0,1323.0,267.0,0.0356,,710.0,37.0
Guatemala,2020-06-10,7502.0,452.0,1323.0,267.0,0.0356,,0.0,0.0
Guatemala,2020-06-12,8221.0,495.0,1504.0,316.0,0.0384,,719.0,49.0
Guatemala,2020-06-13,8561.0,516.0,1567.0,334.0,0.039,,340.0,18.0
Guatemala,2020-06-14,8982.0,541.0,1702.0,351.0,0.0391,,421.0,17.0
Guatemala,2020-06-15,9491.0,572.0,1804.0,367.0,0.0387,,509.0,16.0
Guatemala,2020-06-16,9845.0,593.0,1886.0,384.0,0.039,,354.0,17.0
Guatemala,2020-06-17,10272.0,619.0,1966.0,399.0,0.0388,,427.0,15.0
Guatemala,2020-06-18,11251.0,678.0,2200.0,432.0,0.0384,,979.0,33.0
Guatemala,2020-06-19,11251.0,678.0,2200.0,432.0,0.0384,,0.0,0.0
Guatemala,2020-06-20,11868.0,715.0,2290.0,449.0,0.0378,,617.0,17.0
Guatemala,2020-06-21,12509.0,753.0,2419.0,483.0,0.0386,,641.0,34.0
Guatemala,2020-06-22,12755.0,768.0,2558.0,514.0,0.0403,,246.0,31.0
Guatemala,2020-06-23,13145.0,792.0,2711.0,531.0,0.0404,,390.0,17.0
Guatemala,2020-06-24,14540.0,876.0,2897.0,582.0,0.04,,1395.0,51.0
Guatemala,2020-06-25,14819.0,892.0,2930.0,601.0,0.0406,,279.0,19.0
Guatemala,2020-06-26,14819.0,892.0,2930.0,601.0,0.0406,,0.0,0.0
Guatemala,2020-06-27,15619.0,941.0,2949.0,623.0,0.0399,,800.0,22.0
Guatemala,2020-06-28,15619.0,941.0,2949.0,623.0,0.0399,,0.0,0.0
Guatemala,2020-06-29,16397.0,988.0,3123.0,706.0,0.0431,,778.0,83.0
Guatemala,2020-06-30,16930.0,1020.0,3152.0,727.0,0.0429,,533.0,21.0
Guatemala,2020-07-01,17409.0,1048.0,3170.0,746.0,0.0429,,479.0,19.0
Guatemala,2020-07-02,18096.0,1090.0,3194.0,773.0,0.0427,,687.0,27.0
Guatemala,2020-07-03,20072.0,1209.0,0.0,843.0,0.042,,1976.0,70.0
Guatemala,2020-07-04,21293.0,1282.0,3315.0,880.0,0.0413,,1221.0,37.0
Guatemala,2020-07-05,22501.0,1355.0,3330.0,920.0,0.0409,,1208.0,40.0
Guatemala,2020-07-06,23248.0,1400.0,3382.0,947.0,0.0407,,747.0,27.0
Guatemala,2020-07-07,23972.0,1444.0,3429.0,981.0,0.0409,,724.0,34.0
Guatemala,2020-07-09,24787.0,1493.0,3575.0,1004.0,0.0405,,815.0,23.0
Guatemala,2020-07-10,25411.0,1530.0,3718.0,1053.0,0.0414,,624.0,49.0
Guatemala,2020-07-11,27619.0,1663.0,4024.0,1139.0,0.0412,,2208.0,86.0
Guatemala,2020-07-12,27619.0,1663.0,4024.0,1139.0,0.0412,,0.0,0.0
Guatemala,2020-07-13,29355.0,1768.0,0.0,1219.0,0.0415,,1736.0,80.0
Guatemala,2020-07-14,29742.0,1791.0,4321.0,1244.0,0.0418,,387.0,25.0
Guatemala,2020-07-15,29742.0,1791.0,4321.0,1244.0,0.0418,,0.0,0.0
Guatemala,2020-07-16,30872.0,1859.0,0.0,1302.0,0.0422,,1130.0,58.0
Guatemala,2020-07-18,32939.0,1984.0,4807.0,1404.0,0.0426,,2067.0,102.0
Guatemala,2020-07-19,33809.0,2036.0,4989.0,1443.0,0.0427,,870.0,39.0
Guatemala,2020-07-19,33809.0,2036.0,4989.0,1443.0,0.0427,,0.0,0.0
Guatemala,2020-07-21,33809.0,2036.0,4989.0,1443.0,0.0427,,0.0,0.0
Guatemala,2020-07-22,33809.0,2036.0,4989.0,1443.0,0.0427,,0.0,0.0
Guatemala,2020-07-23,33809.0,2036.0,4989.0,1443.0,0.0427,,0.0,0.0
Guatemala,2020-07-24,33809.0,2036.0,4989.0,1443.0,0.0427,,0.0,0.0
Guatemala,2020-07-25,33809.0,2036.0,4989.0,1443.0,0.0427,,0.0,0.0
Guatemala,2020-07-26,44492.0,2680.0,31045.0,1699.0,0.0382,,10683.0,256.0
Guatemala,2020-07-27,45053.0,2713.0,31612.0,1734.0,0.0385,,561.0,35.0
Guatemala,2020-07-28,45309.0,2729.0,32455.0,1761.0,0.0389,,256.0,27.0
Guatemala,2020-07-29,46451.0,2798.0,33494.0,1782.0,0.0384,,1142.0,21.0
Guatemala,2020-07-30,46451.0,2798.0,33494.0,1782.0,0.0384,,0.0,0.0
Guatemala,2020-07-31,47605.0,2867.0,34488.0,1835.0,0.0385,,1154.0,53.0
Guatemala,2020-08-01,49789.0,2999.0,36816.0,1924.0,0.0386,,2184.0,89.0
Guatemala,2020-08-02,50979.0,3070.0,37873.0,1959.0,0.0384,,1190.0,35.0
Guatemala,2020-08-03,51306.0,3090.0,38416.0,1995.0,0.0389,,327.0,36.0
Guatemala,2020-08-04,51306.0,3090.0,38416.0,1995.0,0.0389,,0.0,0.0
Guatemala,2020-08-05,51542.0,3104.0,39346.0,2013.0,0.0391,,236.0,18.0
Guatemala,2020-08-06,53509.0,3223.0,41199.0,2072.0,0.0387,,1967.0,59.0
Guatemala,2020-08-07,53509.0,3223.0,41199.0,2072.0,0.0387,,0.0,0.0
Guatemala,2020-08-08,54339.0,3273.0,42070.0,2119.0,0.039,,830.0,47.0
Guatemala,2020-08-09,56189.0,3384.0,44072.0,2197.0,0.0391,,1850.0,78.0
Guatemala,2020-08-10,56605.0,3409.0,44598.0,2211.0,0.0391,,416.0,14.0
Guatemala,2020-08-11,56987.0,3432.0,45589.0,2222.0,0.039,,382.0,11.0
Guatemala,2020-08-12,57966.0,3491.0,46442.0,2233.0,0.0385,,979.0,11.0
Guatemala,2020-08-13,57966.0,3491.0,46442.0,2233.0,0.0385,,0.0,0.0
Guatemala,2020-08-14,60824.0,3663.0,48305.0,2296.0,0.0377,,2858.0,63.0
Guatemala,2020-08-15,60824.0,3663.0,48305.0,2296.0,0.0377,,0.0,0.0
Guatemala,2020-08-16,62313.0,3753.0,50183.0,2355.0,0.0378,,1489.0,59.0
Guatemala,2020-08-17,62562.0,3768.0,50692.0,2379.0,0.038,,249.0,24.0
Guatemala,2020-08-18,62562.0,3768.0,50692.0,2379.0,0.038,,0.0,0.0
Guatemala,2020-08-19,63847.0,3845.0,52370.0,2419.0,0.0379,,1285.0,40.0
Guatemala,2020-08-20,64881.0,3908.0,53362.0,2467.0,0.038,,1034.0,48.0
Guatemala,2020-08-22,66941.0,4032.0,55314.0,2632.0,0.0393,,2060.0,165.0
Guatemala,2020-08-23,66941.0,4032.0,55314.0,2632.0,0.0393,,0.0,0.0
Guatemala,2020-08-24,68188.0,4107.0,56778.0,2594.0,0.038,,1247.0,0.0
Guatemala,2020-08-25,68188.0,4107.0,56778.0,2594.0,0.038,,0.0,0.0
Guatemala,2020-08-26,68533.0,4127.0,50692.0,2611.0,0.0381,,345.0,17.0
Guatemala,2020-08-27,70714.0,4259.0,58783.0,2662.0,0.0376,,2181.0,51.0
Guatemala,2020-08-28,71856.0,4328.0,59641.0,2685.0,0.0374,,1142.0,23.0
Guatemala,2020-08-29,72921.0,4392.0,60534.0,2709.0,0.0371,,1065.0,24.0
Guatemala,2020-08-30,72921.0,4392.0,60534.0,2709.0,0.0371,,0.0,0.0
Guatemala,2020-08-31,73912.0,4451.0,50692.0,2379.0,0.0322,,991.0,0.0
Guatemala,2020-09-01,73912.0,4451.0,50692.0,2379.0,0.0322,,0.0,0.0
Guatemala,2020-09-02,74074.0,4461.0,50692.0,2760.0,0.0373,,162.0,381.0
Guatemala,2020-09-03,75644.0,4556.0,63688.0,2790.0,0.0369,,1570.0,30.0
Guatemala,2020-09-04,76358.0,4599.0,64399.0,2804.0,0.0367,,714.0,14.0
Guatemala,2020-09-05,76358.0,4599.0,64399.0,2804.0,0.0367,,0.0,0.0
Guatemala,2020-09-07,77683.0,4679.0,66131.0,2852.0,0.0367,,1325.0,48.0
Guatemala,2020-09-08,77828.0,4687.0,66584.0,2862.0,0.0368,,145.0,10.0
Guatemala,2020-09-09,78721.0,4741.0,67462.0,2890.0,0.0367,,893.0,28.0
Guatemala,2020-09-10,78721.0,4741.0,67462.0,2890.0,0.0367,,0.0,0.0
Guatemala,2020-09-11,79622.0,4795.0,50692.0,2897.0,0.0364,,901.0,7.0
Guatemala,2020-09-12,81009.0,4879.0,69703.0,2929.0,0.0362,,1387.0,32.0
Guatemala,2020-09-13,81658.0,4918.0,70403.0,2949.0,0.0361,,649.0,20.0
Guatemala,2020-09-14,81909.0,4933.0,70927.0,2957.0,0.0361,,251.0,8.0
Guatemala,2020-09-15,82172.0,4949.0,71352.0,2972.0,0.0362,,263.0,15.0
Guatemala,2020-09-16,82684.0,4980.0,71983.0,2984.0,0.0361,,512.0,12.0
Guatemala,2020-09-17,82684.0,4980.0,71983.0,2984.0,0.0361,,0.0,0.0
Guatemala,2020-09-18,82924.0,4994.0,72652.0,3009.0,0.0363,,240.0,25.0
Guatemala,2020-09-20,85152.0,5128.0,74497.0,3105.0,0.0365,,2228.0,96.0
Guatemala,2020-09-21,85444.0,5146.0,74859.0,3119.0,0.0365,,292.0,14.0
Guatemala,2020-09-22,85681.0,5160.0,75172.0,3124.0,0.0365,,237.0,5.0
Guatemala,2020-09-23,85681.0,5160.0,75172.0,3124.0,0.0365,,0.0,0.0
Guatemala,2020-09-24,87442.0,0.0,,3154.0,0.0361,5266.0,1761.0,30.0
Guatemala,2020-09-25,87993.0,0.0,,3170.0,0.036000000000000004,5299.0,551.0,16.0
Guatemala,2020-09-26,88878.0,0.0,,3186.0,0.0358,5353.0,885.0,16.0
Guatemala,2020-09-27,89702.0,0.0,,3213.0,0.0358,5402.0,824.0,27.0
Guatemala,2020-09-28,90092.0,0.0,,3229.0,0.0358,5426.0,390.0,16.0
Guatemala,2020-09-29,90263.0,0.0,,3234.0,0.0358,5436.0,171.0,5.0
Guatemala,2020-09-30,90263.0,0.0,,3234.0,0.0358,5436.0,0.0,0.0
Guatemala,2020-10-02,91746.0,0.0,,3246.0,0.0354,5526.0,1483.0,12.0
Guatemala,2020-10-03,92409.0,0.0,,3261.0,0.0353,5565.0,663.0,15.0
Guatemala,2020-10-04,93090.0,0.0,,3267.0,0.0351,5606.0,681.0,6.0
Guatemala,2020-10-05,93748.0,0.0,,3285.0,0.035,5646.0,658.0,18.0
Guatemala,2020-10-06,93963.0,0.0,,3293.0,0.035,5659.0,215.0,8.0
Guatemala,2020-10-08,94870.0,0.0,,3310.0,0.0349,5714.0,907.0,17.0
Guatemala,2020-10-09,95704.0,0.0,,3335.0,0.0348,5764.0,834.0,25.0
