Location,Date,Confirmed,Case_Per_1M_people,Recovered,Deaths,Mortality,Cases per 1 million people,NewCases,NewConfirmed,NewDeaths
Guinea-Bissau,2020-03-31,8.0,4.66,0.0,0.0,0.0,,,0.0,0.0
Guinea-Bissau,2020-04-01,8.0,4.66,0.0,0.0,0.0,,,0.0,0.0
Guinea-Bissau,2020-04-02,9.0,5.24,0.0,0.0,0.0,,,1.0,0.0
Guinea-Bissau,2020-04-03,9.0,5.24,0.0,0.0,0.0,,,0.0,0.0
Guinea-Bissau,2020-04-07,18.0,11.22,0.0,0.0,0.0,,,9.0,0.0
Guinea-Bissau,2020-04-10,36.0,22.44,0.0,0.0,0.0,,,18.0,0.0
Guinea-Bissau,2020-04-11,38.0,23.68,0.0,0.0,0.0,,,2.0,0.0
Guinea-Bissau,2020-04-12,38.0,23.68,0.0,0.0,0.0,,,0.0,0.0
Guinea-Bissau,2020-04-14,39.0,24.31,0.0,0.0,0.0,,,1.0,0.0
Guinea-Bissau,2020-04-17,46.0,28.67,0.0,0.0,0.0,,,7.0,0.0
Guinea-Bissau,2020-04-18,46.0,28.67,0.0,0.0,0.0,,,0.0,0.0
Guinea-Bissau,2020-04-20,50.0,31.16,3.0,0.0,0.0,,,4.0,0.0
Guinea-Bissau,2020-04-22,50.0,31.16,3.0,0.0,0.0,,,0.0,0.0
Guinea-Bissau,2020-04-23,50.0,31.16,3.0,0.0,0.0,,,0.0,0.0
Guinea-Bissau,2020-04-24,50.0,31.16,3.0,0.0,0.0,,,0.0,0.0
Guinea-Bissau,2020-04-25,52.0,32.41,3.0,0.0,0.0,,,2.0,0.0
Guinea-Bissau,2020-04-26,52.0,32.41,3.0,0.0,0.0,,,0.0,0.0
Guinea-Bissau,2020-04-27,53.0,33.03,3.0,1.0,0.018867924528301886,,,1.0,1.0
Guinea-Bissau,2020-04-28,73.0,45.5,18.0,1.0,0.0136986301369863,,,20.0,0.0
Guinea-Bissau,2020-04-29,73.0,45.5,18.0,1.0,0.0136986301369863,,,0.0,0.0
Guinea-Bissau,2020-04-30,73.0,45.5,18.0,1.0,0.0136986301369863,,,0.0,0.0
Guinea-Bissau,2020-05-01,205.0,128.0,19.0,1.0,0.004878048780487805,,,132.0,0.0
Guinea-Bissau,2020-05-02,257.0,160.0,19.0,1.0,0.0038910505836575885,,,52.0,0.0
Guinea-Bissau,2020-05-03,257.0,160.0,19.0,1.0,0.0038910505836575885,,,0.0,0.0
Guinea-Bissau,2020-05-04,257.0,160.0,19.0,1.0,0.0038910505836575885,,,0.0,0.0
Guinea-Bissau,2020-05-05,413.0,257.0,19.0,2.0,0.004842615012106539,,,156.0,1.0
Guinea-Bissau,2020-05-06,475.0,296.0,24.0,2.0,0.0042105263157894745,,,62.0,0.0
Guinea-Bissau,2020-05-07,475.0,296.0,24.0,2.0,0.0042105263157894745,,,0.0,0.0
Guinea-Bissau,2020-05-08,564.0,352.0,25.0,2.0,0.0035460992907801413,,,89.0,0.0
Guinea-Bissau,2020-05-09,594.0,370.0,25.0,2.0,0.0033670033670033673,,,30.0,0.0
Guinea-Bissau,2020-05-10,641.0,399.0,25.0,3.0,0.0046801872074883,,,47.0,1.0
Guinea-Bissau,2020-05-11,726.0,452.0,26.0,3.0,0.004132231404958678,,,85.0,0.0
Guinea-Bissau,2020-05-12,761.0,474.0,26.0,3.0,0.0039421813403416545,,,35.0,0.0
Guinea-Bissau,2020-05-13,820.0,511.0,26.0,3.0,0.003658536585365854,,,59.0,0.0
Guinea-Bissau,2020-05-15,913.0,569.0,26.0,3.0,0.0032858707557502733,,,93.0,0.0
Guinea-Bissau,2020-05-16,913.0,569.0,26.0,3.0,0.0032858707557502733,,,0.0,0.0
Guinea-Bissau,2020-05-17,969.0,604.0,26.0,4.0,0.0041279669762641896,,,56.0,1.0
Guinea-Bissau,2020-05-18,990.0,617.0,26.0,4.0,0.0040404040404040395,,,21.0,0.0
Guinea-Bissau,2020-05-19,1032.0,643.0,38.0,4.0,0.0038759689922480615,,,42.0,0.0
Guinea-Bissau,2020-05-20,1038.0,647.0,42.0,6.0,0.005780346820809247,,,6.0,2.0
,2020-05-21,,,,,,,,,
Guinea-Bissau,2020-05-22,1109.0,691.0,42.0,6.0,0.005410279531109108,,,,
Guinea-Bissau,2020-05-23,1114.0,694.0,42.0,6.0,0.005385996409335727,,,5.0,0.0
Guinea-Bissau,2020-05-24,1114.0,694.0,42.0,6.0,0.005385996409335727,,,0.0,0.0
Guinea-Bissau,2020-05-25,1114.0,694.0,42.0,6.0,0.005385996409335727,,,0.0,0.0
Guinea-Bissau,2020-05-26,1178.0,734.0,42.0,7.0,0.005942275042444821,,,64.0,1.0
Guinea-Bissau,2020-05-27,1178.0,734.0,42.0,7.0,0.005942275042444821,,,0.0,0.0
Guinea-Bissau,2020-05-28,1195.0,745.0,42.0,7.0,0.00585774058577406,,,17.0,0.0
Guinea-Bissau,2020-05-29,1195.0,745.0,42.0,7.0,0.00585774058577406,,,0.0,0.0
Guinea-Bissau,2020-05-30,1256.0,783.0,42.0,8.0,0.006369426751592357,,,61.0,1.0
Guinea-Bissau,2020-05-31,1256.0,783.0,42.0,8.0,0.006369426751592357,,,0.0,0.0
Guinea-Bissau,2020-06-01,1256.0,783.0,42.0,8.0,0.006369426751592357,,,0.0,0.0
Guinea-Bissau,2020-06-02,1339.0,835.0,53.0,8.0,0.00597460791635549,,,83.0,0.0
Guinea-Bissau,2020-06-03,1339.0,835.0,53.0,8.0,0.006,,,0.0,0.0
Guinea-Bissau,2020-06-04,1339.0,835.0,53.0,8.0,0.006,,,0.0,0.0
Guinea-Bissau,2020-06-05,1339.0,835.0,53.0,8.0,0.006,,,0.0,0.0
Guinea-Bissau,2020-06-06,1368.0,853.0,153.0,12.0,0.0088,,,29.0,4.0
Guinea-Bissau,2020-06-07,1368.0,853.0,153.0,12.0,0.0088,,,0.0,0.0
Guinea-Bissau,2020-06-08,1368.0,853.0,153.0,12.0,0.0088,,,0.0,0.0
Guinea-Bissau,2020-06-09,1389.0,866.0,153.0,12.0,0.0086,,,21.0,0.0
Guinea-Bissau,2020-06-10,1389.0,866.0,153.0,12.0,0.0086,,,0.0,0.0
Guinea-Bissau,2020-06-12,1389.0,866.0,153.0,12.0,0.0086,,,0.0,0.0
Guinea-Bissau,2020-06-13,1460.0,910.0,153.0,15.0,0.0103,,,71.0,3.0
Guinea-Bissau,2020-06-14,1460.0,910.0,153.0,15.0,0.0103,,,0.0,0.0
Guinea-Bissau,2020-06-15,1460.0,910.0,153.0,15.0,0.0103,,,0.0,0.0
Guinea-Bissau,2020-06-16,1460.0,910.0,153.0,15.0,0.0103,,,0.0,0.0
Guinea-Bissau,2020-06-17,1492.0,930.0,153.0,15.0,0.0101,,,32.0,0.0
Guinea-Bissau,2020-06-18,1492.0,930.0,153.0,15.0,0.0101,,,0.0,0.0
Guinea-Bissau,2020-06-19,1492.0,930.0,153.0,15.0,0.0101,,,0.0,0.0
Guinea-Bissau,2020-06-20,1541.0,960.0,153.0,17.0,0.011000000000000001,,,49.0,2.0
Guinea-Bissau,2020-06-21,1541.0,960.0,153.0,17.0,0.011000000000000001,,,0.0,0.0
Guinea-Bissau,2020-06-22,1541.0,960.0,153.0,17.0,0.011000000000000001,,,0.0,0.0
Guinea-Bissau,2020-06-23,1541.0,960.0,153.0,17.0,0.011000000000000001,,,0.0,0.0
Guinea-Bissau,2020-06-24,1556.0,970.0,191.0,19.0,0.0122,,,15.0,2.0
Guinea-Bissau,2020-06-25,1556.0,970.0,191.0,19.0,0.0122,,,0.0,0.0
Guinea-Bissau,2020-06-26,1556.0,970.0,191.0,19.0,0.0122,,,0.0,0.0
Guinea-Bissau,2020-06-27,1614.0,1006.0,317.0,22.0,0.0136,,,58.0,3.0
Guinea-Bissau,2020-06-28,1614.0,1006.0,317.0,22.0,0.0136,,,0.0,0.0
Guinea-Bissau,2020-06-29,1614.0,1006.0,317.0,22.0,0.0136,,,0.0,0.0
Guinea-Bissau,2020-06-30,1654.0,1031.0,317.0,24.0,0.0145,,,40.0,2.0
Guinea-Bissau,2020-07-01,1654.0,1031.0,317.0,24.0,0.0145,,,0.0,0.0
Guinea-Bissau,2020-07-02,1654.0,1031.0,317.0,24.0,0.0145,,,0.0,0.0
Guinea-Bissau,2020-07-03,1710.0,1066.0,0.0,24.0,0.013999999999999999,,,56.0,0.0
Guinea-Bissau,2020-07-04,1765.0,1100.0,676.0,25.0,0.0142,,,55.0,1.0
Guinea-Bissau,2020-07-05,1765.0,1100.0,676.0,25.0,0.0142,,,0.0,0.0
Guinea-Bissau,2020-07-06,1765.0,1100.0,676.0,25.0,0.0142,,,0.0,0.0
Guinea-Bissau,2020-07-07,1790.0,1116.0,760.0,25.0,0.013999999999999999,,,25.0,0.0
Guinea-Bissau,2020-07-09,1790.0,1116.0,760.0,25.0,0.013999999999999999,,,0.0,0.0
Guinea-Bissau,2020-07-10,1790.0,1116.0,760.0,25.0,0.013999999999999999,,,0.0,0.0
Guinea-Bissau,2020-07-11,1842.0,1148.0,773.0,26.0,0.0141,,,52.0,1.0
Guinea-Bissau,2020-07-12,1842.0,1148.0,773.0,26.0,0.0141,,,0.0,0.0
Guinea-Bissau,2020-07-14,1842.0,1148.0,773.0,26.0,0.0141,,,0.0,0.0
Guinea-Bissau,2020-07-15,1902.0,1185.0,0.0,26.0,0.0137,,,60.0,0.0
Guinea-Bissau,2020-07-16,1902.0,1185.0,0.0,26.0,0.0137,,,0.0,0.0
Guinea-Bissau,2020-07-18,1927.0,1201.0,0.0,26.0,0.0135,,,25.0,0.0
Guinea-Bissau,2020-07-19,1950.0,1215.0,0.0,26.0,0.0133,,,23.0,0.0
Guinea-Bissau,2020-07-19,1950.0,1215.0,0.0,26.0,0.0133,,,0.0,0.0
Guinea-Bissau,2020-07-21,1950.0,1215.0,0.0,26.0,0.0133,,,0.0,0.0
Guinea-Bissau,2020-07-22,1950.0,1215.0,0.0,26.0,0.0133,,,0.0,0.0
Guinea-Bissau,2020-07-23,1954.0,1218.0,0.0,26.0,0.0133,,,4.0,0.0
Guinea-Bissau,2020-07-24,1954.0,1218.0,0.0,26.0,0.0133,,,0.0,0.0
Guinea-Bissau,2020-07-25,1954.0,1218.0,0.0,26.0,0.0133,,,0.0,0.0
Guinea-Bissau,2020-07-26,1954.0,1218.0,0.0,26.0,0.0133,,,0.0,0.0
Guinea-Bissau,2020-07-27,1954.0,1218.0,0.0,26.0,0.0133,,,0.0,0.0
Guinea-Bissau,2020-07-28,1954.0,1218.0,0.0,26.0,0.0133,,,0.0,0.0
Guinea-Bissau,2020-07-29,1954.0,1218.0,0.0,26.0,0.0133,,,0.0,0.0
Guinea-Bissau,2020-07-30,1954.0,1218.0,0.0,26.0,0.0133,,,0.0,0.0
Guinea-Bissau,2020-07-31,1954.0,1218.0,0.0,26.0,0.0133,,,0.0,0.0
Guinea-Bissau,2020-08-01,1981.0,1235.0,0.0,26.0,0.0131,,,27.0,0.0
Guinea-Bissau,2020-08-02,1981.0,1235.0,0.0,27.0,0.0136,,,0.0,1.0
Guinea-Bissau,2020-08-03,1981.0,1235.0,0.0,27.0,0.0136,,,0.0,0.0
Guinea-Bissau,2020-08-04,1981.0,1235.0,0.0,27.0,0.0136,,,0.0,0.0
Guinea-Bissau,2020-08-05,2032.0,1266.0,944.0,27.0,0.0133,,,51.0,0.0
Guinea-Bissau,2020-08-06,2032.0,1266.0,944.0,27.0,0.0133,,,0.0,0.0
Guinea-Bissau,2020-08-07,2032.0,1266.0,944.0,27.0,0.0133,,,0.0,0.0
Guinea-Bissau,2020-08-08,2032.0,1266.0,944.0,27.0,0.0133,,,0.0,0.0
Guinea-Bissau,2020-08-09,2052.0,1279.0,0.0,29.0,0.0141,,,20.0,2.0
Guinea-Bissau,2020-08-10,2052.0,1279.0,0.0,29.0,0.0141,,,0.0,0.0
Guinea-Bissau,2020-08-11,2052.0,1279.0,0.0,29.0,0.0141,,,0.0,0.0
Guinea-Bissau,2020-08-12,2088.0,1301.0,1015.0,29.0,0.0139,,,36.0,0.0
Guinea-Bissau,2020-08-13,2088.0,1301.0,1015.0,29.0,0.0139,,,0.0,0.0
Guinea-Bissau,2020-08-14,2088.0,1301.0,1015.0,29.0,0.0139,,,0.0,0.0
Guinea-Bissau,2020-08-15,2088.0,1301.0,1015.0,29.0,0.0139,,,0.0,0.0
Guinea-Bissau,2020-08-16,2088.0,1301.0,1015.0,29.0,0.0139,,,0.0,0.0
Guinea-Bissau,2020-08-17,2088.0,1301.0,1015.0,29.0,0.0139,,,0.0,0.0
Guinea-Bissau,2020-08-18,2117.0,1319.0,1015.0,33.0,0.0156,,,29.0,4.0
Guinea-Bissau,2020-08-19,2117.0,1319.0,1015.0,33.0,0.0156,,,0.0,0.0
Guinea-Bissau,2020-08-20,2117.0,1319.0,1015.0,33.0,0.0156,,,0.0,0.0
Guinea-Bissau,2020-08-22,2117.0,1319.0,1015.0,33.0,0.0156,,,0.0,0.0
Guinea-Bissau,2020-08-23,2149.0,1339.0,0.0,33.0,0.0154,,,32.0,0.0
Guinea-Bissau,2020-08-24,2149.0,1339.0,0.0,33.0,0.0154,,,0.0,0.0
Guinea-Bissau,2020-08-25,2149.0,1339.0,0.0,33.0,0.0154,,,0.0,0.0
Guinea-Bissau,2020-08-26,2149.0,1339.0,0.0,33.0,0.0154,,,0.0,0.0
Guinea-Bissau,2020-08-27,2149.0,1339.0,0.0,33.0,0.0154,,,0.0,0.0
Guinea-Bissau,2020-08-28,2149.0,1339.0,0.0,33.0,0.0154,,,0.0,0.0
Guinea-Bissau,2020-08-29,2205.0,1374.0,1127.0,34.0,0.0154,,,56.0,1.0
Guinea-Bissau,2020-08-30,2205.0,1374.0,1127.0,34.0,0.0154,,,0.0,0.0
Guinea-Bissau,2020-08-31,2205.0,1374.0,1127.0,34.0,0.0154,,,0.0,0.0
Guinea-Bissau,2020-09-01,2205.0,1374.0,1127.0,34.0,0.0154,,,0.0,0.0
Guinea-Bissau,2020-09-02,2205.0,1374.0,1127.0,34.0,0.0154,,,0.0,0.0
Guinea-Bissau,2020-09-03,2205.0,1374.0,1127.0,34.0,0.0154,,,0.0,0.0
Guinea-Bissau,2020-09-04,2205.0,1374.0,1127.0,34.0,0.0154,,,0.0,0.0
Guinea-Bissau,2020-09-05,2205.0,1374.0,1127.0,34.0,0.0154,,,0.0,0.0
Guinea-Bissau,2020-09-07,2245.0,1399.0,0.0,38.0,0.0169,,,40.0,4.0
Guinea-Bissau,2020-09-08,2245.0,1399.0,0.0,38.0,0.0169,,,0.0,0.0
Guinea-Bissau,2020-09-09,2245.0,1399.0,0.0,38.0,0.0169,,,0.0,0.0
Guinea-Bissau,2020-09-10,2245.0,1399.0,0.0,38.0,0.0169,,,0.0,0.0
Guinea-Bissau,2020-09-11,2245.0,1399.0,0.0,38.0,0.0169,,,0.0,0.0
Guinea-Bissau,2020-09-12,2245.0,1399.0,0.0,38.0,0.0169,,,0.0,0.0
Guinea-Bissau,2020-09-13,2275.0,1418.0,0.0,39.0,0.0171,,,30.0,1.0
Guinea-Bissau,2020-09-14,2275.0,1418.0,0.0,39.0,0.0171,,,0.0,0.0
Guinea-Bissau,2020-09-15,2275.0,1418.0,0.0,39.0,0.0171,,,0.0,0.0
Guinea-Bissau,2020-09-16,2275.0,1418.0,1127.0,39.0,0.0171,,,0.0,0.0
Guinea-Bissau,2020-09-17,2275.0,1418.0,1127.0,39.0,0.0171,,,0.0,0.0
Guinea-Bissau,2020-09-18,2275.0,1418.0,1127.0,39.0,0.0171,,,0.0,0.0
Guinea-Bissau,2020-09-20,2303.0,1435.0,0.0,39.0,0.0169,,,28.0,0.0
Guinea-Bissau,2020-09-21,2303.0,1435.0,0.0,39.0,0.0169,,,0.0,0.0
Guinea-Bissau,2020-09-22,2303.0,1435.0,0.0,39.0,0.0169,,,0.0,0.0
Guinea-Bissau,2020-09-23,2303.0,1435.0,0.0,39.0,0.0169,,,0.0,0.0
Guinea-Bissau,2020-09-24,2303.0,0.0,,39.0,0.0169,1435.0,,0.0,0.0
Guinea-Bissau,2020-09-25,2303.0,0.0,,39.0,0.0169,1435.0,,0.0,0.0
Guinea-Bissau,2020-09-26,2324.0,0.0,,39.0,0.0168,1448.0,,21.0,0.0
Guinea-Bissau,2020-09-27,2324.0,0.0,,39.0,0.0168,1448.0,,0.0,0.0
Guinea-Bissau,2020-09-28,2324.0,0.0,,39.0,0.0168,1448.0,,0.0,0.0
Guinea-Bissau,2020-09-29,2324.0,0.0,,39.0,0.0168,1448.0,,0.0,0.0
Guinea-Bissau,2020-09-30,2324.0,0.0,,39.0,0.0168,1448.0,,0.0,0.0
Guinea-Bissau,2020-10-02,2324.0,0.0,,39.0,0.0168,1448.0,,0.0,0.0
Guinea-Bissau,2020-10-03,2324.0,0.0,,39.0,0.0168,1448.0,,0.0,0.0
Guinea-Bissau,2020-10-04,2362.0,0.0,,39.0,0.0165,1472.0,,38.0,0.0
Guinea-Bissau,2020-10-05,2362.0,0.0,,39.0,0.0165,1472.0,,0.0,0.0
Guinea-Bissau,2020-10-06,2362.0,0.0,,39.0,0.0165,1472.0,,0.0,0.0
Guinea-Bissau,2020-10-08,2385.0,0.0,,40.0,0.0168,1486.0,,23.0,1.0
Guinea-Bissau,2020-10-09,2385.0,0.0,,40.0,0.0168,1486.0,,0.0,0.0
Guinea-Bissau,2020-10-10,2385.0,0.0,,40.0,0.0168,1486.0,,0.0,0.0
Guinea-Bissau,2020-10-11,2385.0,0.0,,40.0,0.0168,1486.0,,0.0,0.0
Guinea-Bissau,2020-10-12,2385.0,0.0,,40.0,0.0168,1486.0,,0.0,0.0
Guinea-Bissau,2020-10-13,2385.0,0.0,,40.0,0.0168,1486.0,,0.0,0.0
Guinea-Bissau,2020-10-14,2389.0,0.0,,41.0,0.0172,1489.0,,4.0,1.0
Guinea-Bissau,2020-10-15,2389.0,0.0,,41.0,0.0172,1489.0,,0.0,0.0
Guinea-Bissau,2020-10-18,2389.0,0.0,,41.0,0.0172,1489.0,,0.0,0.0
Guinea-Bissau,2020-10-19,2389.0,0.0,,41.0,0.0172,1489.0,,0.0,0.0
Guinea-Bissau,2020-10-20,2389.0,0.0,,41.0,0.0172,1489.0,,0.0,0.0
Guinea-Bissau,2020-10-22,2403.0,0.0,,41.0,0.0171,1498.0,,14.0,0.0
Guinea-Bissau,2020-10-23,2403.0,0.0,,41.0,0.0171,1498.0,,0.0,0.0
Guinea-Bissau,2020-10-24,2403.0,0.0,,41.0,0.0171,1498.0,,0.0,0.0
Guinea-Bissau,2020-10-25,2403.0,0.0,,41.0,0.0171,1498.0,,0.0,0.0
Guinea-Bissau,2020-10-26,2403.0,0.0,,41.0,0.0171,1498.0,,0.0,0.0
Guinea-Bissau,2020-10-27,2403.0,0.0,,41.0,0.0171,1498.0,,0.0,0.0
Guinea-Bissau,2020-10-28,2403.0,1498.0,,41.0,0.0171,,0.0,0.0,0.0
Guinea-Bissau,2020-10-29,2403.0,1498.0,,41.0,0.0171,,0.0,0.0,0.0
Guinea-Bissau,2020-10-30,2403.0,1498.0,,41.0,0.0171,,0.0,0.0,0.0
Guinea-Bissau,2020-10-31,2403.0,1498.0,,41.0,0.0171,,0.0,0.0,0.0
Guinea-Bissau,2020-11-01,2403.0,1498.0,,41.0,0.0171,,0.0,0.0,0.0
Guinea-Bissau,2020-11-02,2413.0,1504.0,,41.0,0.017,,10.0,10.0,0.0
Guinea-Bissau,2020-11-03,2413.0,1504.0,,41.0,0.017,,0.0,0.0,0.0
Guinea-Bissau,2020-11-04,2413.0,1504.0,,41.0,0.017,,0.0,0.0,0.0
Guinea-Bissau,2020-11-05,2413.0,1504.0,,41.0,0.017,,0.0,0.0,0.0
Guinea-Bissau,2020-11-06,2414.0,1504.0,,42.0,0.0174,,1.0,1.0,1.0
Guinea-Bissau,2020-11-07,2414.0,1504.0,,42.0,0.0174,,0.0,0.0,0.0
Guinea-Bissau,2020-11-08,2414.0,1504.0,,42.0,0.0174,,0.0,0.0,0.0
Guinea-Bissau,2020-11-09,2414.0,1504.0,,42.0,0.0174,,0.0,0.0,0.0
Guinea-Bissau,2020-11-10,2414.0,1504.0,,42.0,0.0174,,0.0,0.0,0.0
Guinea-Bissau,2020-11-11,2419.0,1508.0,,43.0,0.0178,,5.0,5.0,1.0
Guinea-Bissau,2020-11-12,2419.0,1508.0,,43.0,0.0178,,0.0,0.0,0.0
Guinea-Bissau,2020-11-13,2419.0,1508.0,,43.0,0.0178,,0.0,0.0,0.0
Guinea-Bissau,2020-11-15,2419.0,1508.0,,43.0,0.0178,,0.0,0.0,0.0
Guinea-Bissau,2020-11-16,2419.0,1508.0,,43.0,0.0178,,0.0,0.0,0.0
Guinea-Bissau,2020-11-17,2419.0,1508.0,,43.0,0.0178,,0.0,0.0,0.0
Guinea-Bissau,2020-11-18,2419.0,1508.0,,43.0,0.0178,,0.0,0.0,0.0
Guinea-Bissau,2020-11-19,2419.0,1508.0,,43.0,0.0178,,0.0,0.0,0.0
Guinea-Bissau,2020-11-20,2421.0,1509.0,,43.0,0.0178,,2.0,2.0,0.0
Guinea-Bissau,2020-11-21,2421.0,1509.0,,43.0,0.0178,,0.0,0.0,0.0
Guinea-Bissau,2020-11-22,2421.0,1509.0,,43.0,0.0178,,0.0,0.0,0.0
