Location,Date,Confirmed,Case_Per_1M_people,Recovered,Deaths,Mortality,Cases per 1 million people,NewCases,NewConfirmed,NewDeaths
Haiti,2020-03-31,8.0,0.74,0.0,0.0,0.0,,,0.0,0.0
Haiti,2020-04-01,15.0,1.39,0.0,0.0,0.0,,,7.0,0.0
Haiti,2020-04-02,15.0,1.39,0.0,0.0,0.0,,,0.0,0.0
Haiti,2020-04-03,15.0,1.39,0.0,0.0,0.0,,,0.0,0.0
Haiti,2020-04-07,24.0,2.07,0.0,1.0,0.04166666666666666,,,9.0,1.0
Haiti,2020-04-10,30.0,2.59,0.0,2.0,0.06666666666666668,,,6.0,1.0
Haiti,2020-04-11,31.0,2.68,0.0,2.0,0.06451612903225806,,,1.0,0.0
Haiti,2020-04-12,31.0,2.68,0.0,2.0,0.06451612903225806,,,0.0,0.0
Haiti,2020-04-14,40.0,3.45,0.0,3.0,0.075,,,9.0,1.0
Haiti,2020-04-17,41.0,3.54,0.0,3.0,0.07317073170731707,,,1.0,0.0
Haiti,2020-04-18,43.0,3.71,0.0,3.0,0.06976744186046513,,,2.0,0.0
Haiti,2020-04-20,47.0,4.06,0.0,3.0,0.06382978723404255,,,4.0,0.0
Haiti,2020-04-22,57.0,4.92,0.0,3.0,0.05263157894736842,,,10.0,0.0
Haiti,2020-04-23,62.0,5.36,2.0,4.0,0.06451612903225806,,,5.0,1.0
Haiti,2020-04-24,72.0,6.22,2.0,5.0,0.06944444444444445,,,10.0,1.0
Haiti,2020-04-25,72.0,6.22,2.0,5.0,0.06944444444444445,,,0.0,0.0
Haiti,2020-04-26,72.0,6.22,2.0,5.0,0.06944444444444445,,,0.0,0.0
Haiti,2020-04-27,74.0,6.39,7.0,6.0,0.08108108108108109,,,2.0,1.0
Haiti,2020-04-28,74.0,6.39,7.0,6.0,0.08108108108108109,,,0.0,0.0
Haiti,2020-04-29,76.0,6.56,8.0,6.0,0.07894736842105263,,,2.0,0.0
Haiti,2020-04-30,76.0,6.56,8.0,6.0,0.07894736842105263,,,0.0,0.0
Haiti,2020-05-01,81.0,7.0,8.0,8.0,0.09876543209876544,,,5.0,2.0
Haiti,2020-05-02,81.0,7.0,8.0,8.0,0.09876543209876544,,,0.0,0.0
Haiti,2020-05-03,85.0,7.0,10.0,8.0,0.09411764705882353,,,4.0,0.0
Haiti,2020-05-04,85.0,7.0,10.0,8.0,0.09411764705882353,,,0.0,0.0
Haiti,2020-05-05,100.0,9.0,10.0,11.0,0.11,,,15.0,3.0
Haiti,2020-05-06,101.0,9.0,10.0,12.0,0.1188118811881188,,,1.0,1.0
Haiti,2020-05-07,101.0,9.0,10.0,12.0,0.1188118811881188,,,0.0,0.0
Haiti,2020-05-08,108.0,9.0,15.0,12.0,0.1111111111111111,,,7.0,0.0
Haiti,2020-05-09,146.0,13.0,17.0,12.0,0.0821917808219178,,,38.0,0.0
Haiti,2020-05-10,151.0,13.0,17.0,12.0,0.07947019867549669,,,5.0,0.0
Haiti,2020-05-11,182.0,16.0,17.0,15.0,0.08241758241758243,,,31.0,3.0
Haiti,2020-05-12,182.0,16.0,17.0,15.0,0.08241758241758243,,,0.0,0.0
Haiti,2020-05-13,219.0,19.0,17.0,18.0,0.0821917808219178,,,37.0,3.0
Haiti,2020-05-15,234.0,20.0,17.0,18.0,0.07692307692307693,,,15.0,0.0
Haiti,2020-05-16,273.0,24.0,18.0,20.0,0.07326007326007326,,,39.0,2.0
Haiti,2020-05-17,310.0,27.0,19.0,20.0,0.06451612903225806,,,37.0,0.0
Haiti,2020-05-18,456.0,39.0,21.0,20.0,0.04385964912280702,,,146.0,0.0
Haiti,2020-05-19,533.0,46.0,21.0,21.0,0.039399624765478425,,,77.0,1.0
Haiti,2020-05-20,533.0,46.0,21.0,21.0,0.039399624765478425,,,0.0,0.0
,2020-05-21,,,,,,,,,
Haiti,2020-05-22,663.0,57.0,21.0,22.0,0.033182503770739065,,,,
Haiti,2020-05-23,734.0,63.0,21.0,25.0,0.0340599455040872,,,71.0,3.0
Haiti,2020-05-24,812.0,70.0,22.0,25.0,0.030788177339901482,,,78.0,0.0
Haiti,2020-05-25,865.0,75.0,22.0,26.0,0.030057803468208088,,,53.0,1.0
Haiti,2020-05-26,958.0,83.0,22.0,27.0,0.028183716075156576,,,93.0,1.0
Haiti,2020-05-27,1063.0,92.0,22.0,31.0,0.02916274694261524,,,105.0,4.0
Haiti,2020-05-28,1174.0,101.0,22.0,33.0,0.028109028960817718,,,111.0,2.0
Haiti,2020-05-29,1320.0,114.0,22.0,34.0,0.02575757575757576,,,146.0,1.0
Haiti,2020-05-30,1443.0,125.0,22.0,35.0,0.024255024255024252,,,123.0,1.0
Haiti,2020-05-31,1584.0,137.0,22.0,35.0,0.0220959595959596,,,141.0,0.0
Haiti,2020-06-01,1865.0,161.0,24.0,41.0,0.02198391420911528,,,281.0,6.0
Haiti,2020-06-02,2124.0,183.0,24.0,44.0,0.020715630885122408,,,259.0,3.0
Haiti,2020-06-03,2507.0,217.0,24.0,48.0,0.0191,,,383.0,4.0
Haiti,2020-06-04,2640.0,228.0,24.0,50.0,0.0189,,,133.0,2.0
Haiti,2020-06-05,2640.0,228.0,24.0,50.0,0.0189,,,0.0,0.0
Haiti,2020-06-06,2740.0,237.0,24.0,50.0,0.0182,,,100.0,0.0
Haiti,2020-06-07,3072.0,265.0,24.0,50.0,0.0163,,,332.0,0.0
Haiti,2020-06-08,3072.0,265.0,24.0,50.0,0.0163,,,0.0,0.0
Haiti,2020-06-09,3538.0,306.0,24.0,54.0,0.0153,,,466.0,4.0
Haiti,2020-06-10,3538.0,306.0,24.0,54.0,0.0153,,,0.0,0.0
Haiti,2020-06-12,3796.0,328.0,24.0,58.0,0.0153,,,258.0,4.0
Haiti,2020-06-13,3941.0,340.0,24.0,64.0,0.0162,,,145.0,6.0
Haiti,2020-06-14,3941.0,340.0,24.0,64.0,0.0162,,,0.0,0.0
Haiti,2020-06-15,4165.0,360.0,24.0,70.0,0.0168,,,224.0,6.0
Haiti,2020-06-16,4309.0,372.0,24.0,73.0,0.0169,,,144.0,3.0
Haiti,2020-06-17,4441.0,384.0,24.0,76.0,0.0171,,,132.0,3.0
Haiti,2020-06-18,4547.0,393.0,24.0,80.0,0.0176,,,106.0,4.0
Haiti,2020-06-19,4688.0,405.0,24.0,82.0,0.0175,,,141.0,2.0
Haiti,2020-06-20,4916.0,425.0,24.0,84.0,0.0171,,,228.0,2.0
Haiti,2020-06-21,4980.0,430.0,24.0,87.0,0.0175,,,64.0,3.0
Haiti,2020-06-22,5077.0,439.0,24.0,88.0,0.0173,,,97.0,1.0
Haiti,2020-06-23,5077.0,439.0,24.0,88.0,0.0173,,,0.0,0.0
Haiti,2020-06-24,5211.0,450.0,338.0,88.0,0.0169,,,134.0,0.0
Haiti,2020-06-25,5324.0,460.0,436.0,89.0,0.0167,,,113.0,1.0
Haiti,2020-06-26,5429.0,469.0,512.0,92.0,0.0169,,,105.0,3.0
Haiti,2020-06-27,5543.0,479.0,512.0,96.0,0.0173,,,114.0,4.0
Haiti,2020-06-28,5543.0,479.0,512.0,96.0,0.0173,,,0.0,0.0
Haiti,2020-06-29,5777.0,499.0,706.0,100.0,0.0173,,,234.0,4.0
Haiti,2020-06-30,5847.0,505.0,787.0,104.0,0.0178,,,70.0,4.0
Haiti,2020-07-01,5933.0,512.0,839.0,105.0,0.0177,,,86.0,1.0
Haiti,2020-07-02,5975.0,516.0,931.0,105.0,0.0176,,,42.0,0.0
Haiti,2020-07-03,6040.0,522.0,1032.0,107.0,0.0177,,,65.0,2.0
Haiti,2020-07-04,6101.0,527.0,1141.0,110.0,0.018000000000000002,,,61.0,3.0
Haiti,2020-07-05,6230.0,538.0,1286.0,110.0,0.0177,,,129.0,0.0
Haiti,2020-07-06,6294.0,544.0,1408.0,113.0,0.018000000000000002,,,64.0,3.0
Haiti,2020-07-07,6371.0,550.0,1824.0,113.0,0.0177,,,77.0,0.0
Haiti,2020-07-09,6432.0,556.0,2080.0,117.0,0.0182,,,61.0,4.0
Haiti,2020-07-10,6486.0,560.0,2181.0,123.0,0.019,,,54.0,6.0
Haiti,2020-07-11,6582.0,569.0,2459.0,130.0,0.0198,,,96.0,7.0
Haiti,2020-07-12,6617.0,572.0,2590.0,135.0,0.0204,,,35.0,5.0
Haiti,2020-07-14,6727.0,581.0,2924.0,139.0,0.0207,,,110.0,4.0
Haiti,2020-07-15,6727.0,581.0,2924.0,139.0,0.0207,,,0.0,0.0
Haiti,2020-07-16,6831.0,590.0,0.0,143.0,0.0209,,,104.0,4.0
Haiti,2020-07-18,6948.0,600.0,3606.0,145.0,0.0209,,,117.0,2.0
Haiti,2020-07-19,6975.0,602.0,3738.0,146.0,0.0209,,,27.0,1.0
Haiti,2020-07-19,6975.0,602.0,3738.0,146.0,0.0209,,,0.0,0.0
Haiti,2020-07-21,6975.0,602.0,3738.0,146.0,0.0209,,,0.0,0.0
Haiti,2020-07-22,7053.0,609.0,3877.0,146.0,0.0207,,,78.0,0.0
Haiti,2020-07-23,7100.0,613.0,0.0,151.0,0.0213,,,47.0,5.0
Haiti,2020-07-24,7146.0,617.0,4095.0,154.0,0.0216,,,46.0,3.0
Haiti,2020-07-25,7197.0,622.0,4236.0,154.0,0.0214,,,51.0,0.0
Haiti,2020-07-26,7260.0,627.0,4236.0,156.0,0.0215,,,63.0,2.0
Haiti,2020-07-27,7297.0,630.0,4365.0,157.0,0.0215,,,37.0,1.0
Haiti,2020-07-28,7315.0,632.0,4365.0,157.0,0.0215,,,18.0,0.0
Haiti,2020-07-29,7340.0,634.0,4365.0,158.0,0.0215,,,25.0,1.0
Haiti,2020-07-30,7340.0,634.0,4365.0,158.0,0.0215,,,0.0,0.0
Haiti,2020-07-31,7378.0,637.0,4467.0,159.0,0.0216,,,38.0,1.0
Haiti,2020-08-01,7412.0,640.0,4467.0,161.0,0.0217,,,34.0,2.0
Haiti,2020-08-02,7424.0,641.0,4606.0,161.0,0.0217,,,12.0,0.0
Haiti,2020-08-03,7468.0,645.0,4606.0,165.0,0.0221,,,44.0,4.0
Haiti,2020-08-04,7468.0,645.0,4606.0,165.0,0.0221,,,0.0,0.0
Haiti,2020-08-05,7476.0,646.0,4606.0,165.0,0.0221,,,8.0,0.0
Haiti,2020-08-06,7511.0,649.0,4832.0,166.0,0.0221,,,35.0,1.0
Haiti,2020-08-07,7532.0,651.0,4832.0,171.0,0.0227,,,21.0,5.0
Haiti,2020-08-08,7544.0,652.0,4832.0,171.0,0.0227,,,12.0,0.0
Haiti,2020-08-09,7599.0,656.0,4832.0,177.0,0.0233,,,55.0,6.0
Haiti,2020-08-10,7611.0,657.0,4893.0,182.0,0.0239,,,12.0,5.0
Haiti,2020-08-11,7634.0,659.0,4982.0,183.0,0.024,,,23.0,1.0
Haiti,2020-08-12,7649.0,661.0,4982.0,183.0,0.0239,,,15.0,0.0
Haiti,2020-08-13,7649.0,661.0,4982.0,183.0,0.0239,,,0.0,0.0
Haiti,2020-08-14,7649.0,661.0,4982.0,183.0,0.0239,,,0.0,0.0
Haiti,2020-08-15,7649.0,661.0,4982.0,183.0,0.0239,,,0.0,0.0
Haiti,2020-08-16,7649.0,661.0,4982.0,183.0,0.0239,,,0.0,0.0
Haiti,2020-08-17,7879.0,681.0,5235.0,196.0,0.0249,,,230.0,13.0
Haiti,2020-08-18,7879.0,681.0,5235.0,196.0,0.0249,,,0.0,0.0
Haiti,2020-08-19,7921.0,684.0,5235.0,196.0,0.0247,,,42.0,0.0
Haiti,2020-08-20,7921.0,684.0,5235.0,196.0,0.0247,,,0.0,0.0
Haiti,2020-08-22,8016.0,692.0,5447.0,196.0,0.0245,,,95.0,0.0
Haiti,2020-08-23,8016.0,692.0,5447.0,196.0,0.0245,,,0.0,0.0
Haiti,2020-08-24,8016.0,692.0,5447.0,196.0,0.0245,,,0.0,0.0
Haiti,2020-08-25,8016.0,692.0,5447.0,196.0,0.0245,,,0.0,0.0
Haiti,2020-08-26,8110.0,700.0,0.0,196.0,0.0242,,,94.0,0.0
Haiti,2020-08-27,8122.0,702.0,5677.0,197.0,0.0243,,,12.0,1.0
Haiti,2020-08-28,8122.0,702.0,5677.0,197.0,0.0243,,,0.0,0.0
Haiti,2020-08-29,8161.0,705.0,5743.0,201.0,0.0246,,,39.0,4.0
Haiti,2020-08-30,8161.0,705.0,5743.0,201.0,0.0246,,,0.0,0.0
Haiti,2020-08-31,8161.0,705.0,5743.0,201.0,0.0246,,,0.0,0.0
Haiti,2020-09-01,8161.0,705.0,5743.0,201.0,0.0246,,,0.0,0.0
Haiti,2020-09-02,8209.0,709.0,0.0,201.0,0.0245,,,48.0,0.0
Haiti,2020-09-03,8258.0,713.0,5870.0,206.0,0.0249,,,49.0,5.0
Haiti,2020-09-04,8301.0,717.0,5870.0,210.0,0.0253,,,43.0,4.0
Haiti,2020-09-05,8326.0,719.0,5870.0,212.0,0.0255,,,25.0,2.0
Haiti,2020-09-07,8360.0,722.0,5933.0,214.0,0.0256,,,34.0,2.0
Haiti,2020-09-08,8362.0,722.0,5933.0,214.0,0.0256,,,2.0,0.0
Haiti,2020-09-09,8362.0,722.0,5933.0,214.0,0.0256,,,0.0,0.0
Haiti,2020-09-10,8362.0,722.0,5933.0,214.0,0.0256,,,0.0,0.0
Haiti,2020-09-11,8362.0,722.0,5933.0,214.0,0.0256,,,0.0,0.0
Haiti,2020-09-12,8362.0,722.0,5933.0,214.0,0.0256,,,0.0,0.0
Haiti,2020-09-13,8362.0,722.0,5933.0,214.0,0.0256,,,0.0,0.0
Haiti,2020-09-14,8362.0,722.0,5933.0,214.0,0.0256,,,0.0,0.0
Haiti,2020-09-15,8362.0,722.0,5933.0,214.0,0.0256,,,0.0,0.0
Haiti,2020-09-16,8499.0,734.0,6120.0,219.0,0.0258,,,137.0,5.0
Haiti,2020-09-17,8539.0,738.0,6181.0,220.0,0.0258,,,40.0,1.0
Haiti,2020-09-18,8530.0,737.0,6181.0,220.0,0.0258,,,0.0,0.0
Haiti,2020-09-20,8600.0,743.0,6363.0,221.0,0.0257,,,70.0,1.0
Haiti,2020-09-21,8600.0,743.0,6363.0,221.0,0.0257,,,0.0,0.0
Haiti,2020-09-22,8600.0,743.0,6363.0,221.0,0.0257,,,0.0,0.0
Haiti,2020-09-23,8624.0,745.0,6482.0,221.0,0.0256,,,24.0,0.0
Haiti,2020-09-24,8624.0,0.0,,221.0,0.0256,745.0,,0.0,0.0
Haiti,2020-09-25,8624.0,0.0,,221.0,0.0256,745.0,,0.0,0.0
Haiti,2020-09-26,8684.0,0.0,,227.0,0.0261,750.0,,60.0,6.0
Haiti,2020-09-27,8684.0,0.0,,227.0,0.0261,750.0,,0.0,0.0
Haiti,2020-09-28,8684.0,0.0,,227.0,0.0261,750.0,,0.0,0.0
Haiti,2020-09-29,8684.0,0.0,,227.0,0.0261,750.0,,0.0,0.0
Haiti,2020-09-30,8684.0,0.0,,227.0,0.0261,750.0,,0.0,0.0
Haiti,2020-10-02,8740.0,0.0,,227.0,0.026000000000000002,755.0,,56.0,0.0
Haiti,2020-10-03,8781.0,0.0,,229.0,0.0261,758.0,,41.0,2.0
Haiti,2020-10-04,8792.0,0.0,,229.0,0.026000000000000002,759.0,,11.0,0.0
Haiti,2020-10-05,8811.0,0.0,,229.0,0.026000000000000002,761.0,,19.0,0.0
Haiti,2020-10-06,8819.0,0.0,,229.0,0.026000000000000002,762.0,,8.0,0.0
Haiti,2020-10-08,8838.0,0.0,,229.0,0.0259,763.0,,19.0,0.0
Haiti,2020-10-09,8838.0,0.0,,229.0,0.0259,763.0,,0.0,0.0
Haiti,2020-10-10,8854.0,0.0,,230.0,0.026000000000000002,765.0,,16.0,1.0
Haiti,2020-10-11,8854.0,0.0,,230.0,0.026000000000000002,765.0,,0.0,0.0
Haiti,2020-10-12,8860.0,0.0,,230.0,0.026000000000000002,765.0,,6.0,0.0
Haiti,2020-10-13,8882.0,0.0,,230.0,0.0259,767.0,,22.0,0.0
Haiti,2020-10-14,8882.0,0.0,,230.0,0.0259,767.0,,0.0,0.0
Haiti,2020-10-15,8887.0,0.0,,230.0,0.0259,768.0,,5.0,0.0
Haiti,2020-10-18,8925.0,0.0,,231.0,0.0259,771.0,,38.0,1.0
Haiti,2020-10-19,8956.0,0.0,,231.0,0.0258,774.0,,31.0,0.0
Haiti,2020-10-20,8964.0,0.0,,231.0,0.0258,774.0,,8.0,0.0
Haiti,2020-10-22,8976.0,0.0,,231.0,0.0257,775.0,,12.0,0.0
Haiti,2020-10-23,8979.0,0.0,,231.0,0.0257,776.0,,3.0,0.0
Haiti,2020-10-24,9007.0,0.0,,231.0,0.0256,778.0,,28.0,0.0
Haiti,2020-10-25,9015.0,0.0,,231.0,0.0256,779.0,,8.0,0.0
Haiti,2020-10-26,9015.0,0.0,,231.0,0.0256,779.0,,0.0,0.0
Haiti,2020-10-27,9026.0,0.0,,232.0,0.0257,780.0,,11.0,1.0
Haiti,2020-10-28,9040.0,781.0,,232.0,0.0257,,14.0,14.0,0.0
Haiti,2020-10-29,9040.0,781.0,,232.0,0.0257,,14.0,0.0,0.0
Haiti,2020-10-30,9046.0,781.0,,232.0,0.0256,,6.0,6.0,0.0
Haiti,2020-10-31,9057.0,782.0,,232.0,0.0256,,11.0,11.0,0.0
Haiti,2020-11-01,9057.0,782.0,,232.0,0.0256,,0.0,0.0,0.0
Haiti,2020-11-02,9057.0,782.0,,232.0,0.0256,,0.0,0.0,0.0
Haiti,2020-11-03,9057.0,782.0,,232.0,0.0256,,0.0,0.0,0.0
Haiti,2020-11-04,9057.0,782.0,,232.0,0.0256,,0.0,0.0,0.0
Haiti,2020-11-05,9057.0,782.0,,232.0,0.0256,,0.0,0.0,0.0
Haiti,2020-11-06,9100.0,786.0,,232.0,0.0255,,43.0,43.0,0.0
Haiti,2020-11-07,9109.0,787.0,,232.0,0.0255,,9.0,9.0,0.0
Haiti,2020-11-08,9127.0,788.0,,232.0,0.0254,,18.0,18.0,0.0
Haiti,2020-11-09,9127.0,788.0,,232.0,0.0254,,0.0,0.0,0.0
Haiti,2020-11-10,9127.0,788.0,,232.0,0.0254,,0.0,0.0,0.0
Haiti,2020-11-11,9137.0,789.0,,232.0,0.0254,,10.0,10.0,0.0
Haiti,2020-11-12,9137.0,789.0,,232.0,0.0254,,0.0,0.0,0.0
Haiti,2020-11-13,9152.0,790.0,,232.0,0.0253,,15.0,15.0,0.0
Haiti,2020-11-15,9168.0,792.0,,232.0,0.0253,,8.0,16.0,0.0
Haiti,2020-11-16,9168.0,792.0,,232.0,0.0253,,0.0,0.0,0.0
Haiti,2020-11-17,9168.0,792.0,,232.0,0.0253,,0.0,0.0,0.0
Haiti,2020-11-18,9188.0,794.0,,232.0,0.0253,,20.0,20.0,0.0
Haiti,2020-11-19,9191.0,794.0,,232.0,0.0252,,3.0,3.0,0.0
Haiti,2020-11-20,9191.0,794.0,,232.0,0.0252,,0.0,0.0,0.0
Haiti,2020-11-21,9208.0,795.0,,232.0,0.0252,,17.0,17.0,0.0
Haiti,2020-11-22,9211.0,796.0,,232.0,0.0252,,3.0,3.0,0.0
Haiti,2020-11-23,9214.0,796.0,,232.0,0.0252,,3.0,3.0,0.0
Haiti,2020-11-24,9214.0,796.0,,232.0,0.0252,,0.0,0.0,0.0
Haiti,2020-11-25,9224.0,797.0,,232.0,0.0252,,10.0,10.0,0.0
Haiti,2020-11-26,9229.0,797.0,,232.0,0.0251,,5.0,5.0,0.0
Haiti,2020-11-27,9248.0,799.0,,232.0,0.0251,,19.0,19.0,0.0
Haiti,2020-11-28,9256.0,799.0,,232.0,0.0251,,8.0,8.0,0.0
Haiti,2020-11-29,9264.0,800.0,,232.0,0.025,,8.0,8.0,0.0
Haiti,2020-11-30,9272.0,801.0,,232.0,0.025,,8.0,8.0,0.0
Haiti,2020-12-01,9272.0,801.0,,232.0,0.025,,0.0,0.0,0.0
Haiti,2020-12-01,9272.0,801.0,,232.0,0.025,,0.0,0.0,0.0
Haiti,2020-12-02,9294.0,803.0,,233.0,0.0251,,22.0,22.0,1.0
Haiti,2020-12-03,9296.0,803.0,,233.0,0.0251,,2.0,2.0,0.0
Haiti,2020-12-04,9313.0,804.0,,233.0,0.025,,17.0,17.0,0.0
Haiti,2020-12-05,9331.0,806.0,,233.0,0.025,,18.0,18.0,0.0
