Location,Date,Confirmed,Case_Per_1M_people,Recovered,Deaths,Mortality,Cases per 1 million people,NewConfirmed,NewDeaths
Hong Kong,2020-03-31,682.0,66.34,124.0,4.0,0.005865103000000001,,0.0,0.0
Hong Kong,2020-04-01,714.0,69.46,128.0,4.0,0.0056022408963585435,,32.0,0.0
Hong Kong,2020-04-02,765.0,74.42,147.0,4.0,0.00522875816993464,,51.0,0.0
Hong Kong,2020-04-03,802.0,78.02,154.0,4.0,0.004987531172069825,,37.0,0.0
Hong Kong,2020-04-07,915.0,121.99,216.0,4.0,0.004371584699453553,,113.0,0.0
Hong Kong,2020-04-10,974.0,129.85,293.0,4.0,0.004106776180698152,,59.0,0.0
Hong Kong,2020-04-11,990.0,131.99,309.0,4.0,0.0040404040404040395,,16.0,0.0
Hong Kong,2020-04-12,1001.0,133.45,336.0,4.0,0.003996003996003996,,11.0,0.0
Hong Kong,2020-04-14,1010.0,134.65,397.0,4.0,0.0039603960396039604,,9.0,0.0
Hong Kong,2020-04-17,1018.0,135.72,485.0,4.0,0.003929273084479371,,8.0,0.0
Hong Kong,2020-04-18,1022.0,136.25,532.0,4.0,0.003913894324853229,,4.0,0.0
Hong Kong,2020-04-20,1026.0,136.79,602.0,4.0,0.0038986354775828462,,4.0,0.0
Hong Kong,2020-04-22,1030.0,137.32,650.0,4.0,0.003883495145631068,,4.0,0.0
Hong Kong,2020-04-23,1034.0,137.85,678.0,4.0,0.0038684719535783366,,4.0,0.0
Hong Kong,2020-04-24,1036.0,138.12,699.0,4.0,0.003861003861003861,,2.0,0.0
Hong Kong,2020-04-25,1036.0,138.12,725.0,4.0,0.003861003861003861,,0.0,0.0
Hong Kong,2020-04-26,1038.0,138.39,753.0,4.0,0.0038535645472061657,,2.0,0.0
Hong Kong,2020-04-27,1038.0,138.39,772.0,4.0,0.0038535645472061657,,0.0,0.0
Hong Kong,2020-04-28,1038.0,138.39,787.0,4.0,0.0038535645472061657,,0.0,0.0
Hong Kong,2020-04-29,1038.0,138.39,811.0,4.0,0.0038535645472061657,,0.0,0.0
Hong Kong,2020-04-30,1038.0,138.39,811.0,4.0,0.0038535645472061657,,0.0,0.0
Hong Kong,2020-05-01,1038.0,138.0,846.0,4.0,0.0038535645472061657,,0.0,0.0
Hong Kong,2020-05-02,1040.0,139.0,859.0,4.0,0.003846153846153847,,2.0,0.0
Hong Kong,2020-05-03,1040.0,139.0,864.0,4.0,0.003846153846153847,,0.0,0.0
Hong Kong,2020-05-04,1040.0,139.0,879.0,4.0,0.003846153846153847,,0.0,0.0
Hong Kong,2020-05-05,1041.0,139.0,900.0,4.0,0.0038424591738712775,,1.0,0.0
Hong Kong,2020-05-06,1041.0,139.0,920.0,4.0,0.0038424591738712775,,0.0,0.0
Hong Kong,2020-05-07,1041.0,139.0,932.0,4.0,0.0038424591738712775,,0.0,0.0
Hong Kong,2020-05-08,1045.0,139.0,944.0,4.0,0.0038277511961722493,,4.0,0.0
Hong Kong,2020-05-09,1045.0,139.0,960.0,4.0,0.0038277511961722493,,0.0,0.0
Hong Kong,2020-05-10,1048.0,140.0,982.0,4.0,0.0038167938931297713,,3.0,0.0
Hong Kong,2020-05-11,1048.0,140.0,982.0,4.0,0.0038167938931297713,,0.0,0.0
Hong Kong,2020-05-12,1048.0,140.0,985.0,4.0,0.0038167938931297713,,0.0,0.0
Hong Kong,2020-05-13,1048.0,140.0,991.0,4.0,0.0038167938931297713,,0.0,0.0
Hong Kong,2020-05-15,1052.0,140.0,1009.0,4.0,0.0038022813688212928,,4.0,0.0
Hong Kong,2020-05-16,1053.0,140.0,1019.0,4.0,0.003798670465337132,,1.0,0.0
Hong Kong,2020-05-17,1053.0,140.0,1019.0,4.0,0.003798670465337132,,0.0,0.0
Hong Kong,2020-05-18,1056.0,141.0,1024.0,4.0,0.0037878787878787884,,3.0,0.0
Hong Kong,2020-05-19,1056.0,141.0,1025.0,4.0,0.0037878787878787884,,0.0,0.0
Hong Kong,2020-05-20,1056.0,141.0,1025.0,4.0,0.0037878787878787884,,0.0,0.0
,2020-05-21,,,,,,,,
Hong Kong,2020-05-22,1064.0,142.0,1029.0,4.0,0.003759398496240601,,,
Hong Kong,2020-05-23,1066.0,142.0,1029.0,4.0,0.00375234521575985,,2.0,0.0
Hong Kong,2020-05-24,1066.0,142.0,1029.0,4.0,0.00375234521575985,,0.0,0.0
Hong Kong,2020-05-25,1066.0,142.0,1030.0,4.0,0.00375234521575985,,0.0,0.0
Hong Kong,2020-05-26,1066.0,142.0,1030.0,4.0,0.00375234521575985,,0.0,0.0
Hong Kong,2020-05-27,1066.0,142.0,1033.0,4.0,0.00375234521575985,,0.0,0.0
Hong Kong,2020-05-28,1067.0,142.0,1034.0,4.0,0.003748828491096533,,1.0,0.0
Hong Kong,2020-05-29,1067.0,142.0,1034.0,4.0,0.003748828491096533,,0.0,0.0
Hong Kong,2020-05-30,1080.0,144.0,1035.0,4.0,0.003703703703703704,,13.0,0.0
Hong Kong,2020-05-31,1083.0,144.0,1036.0,4.0,0.003693444136657433,,3.0,0.0
Hong Kong,2020-06-01,1085.0,145.0,1037.0,4.0,0.003686635944700461,,2.0,0.0
Hong Kong,2020-06-02,1088.0,145.0,1037.0,4.0,0.0036764705882352936,,3.0,0.0
Hong Kong,2020-06-03,1094.0,146.0,1037.0,4.0,0.0037,,6.0,0.0
Hong Kong,2020-06-04,1094.0,146.0,1039.0,4.0,0.0037,,0.0,0.0
Hong Kong,2020-06-05,1100.0,147.0,1042.0,4.0,0.0036,,6.0,0.0
Hong Kong,2020-06-06,1103.0,147.0,1045.0,4.0,0.0036,,3.0,0.0
Hong Kong,2020-06-07,1106.0,147.0,1048.0,4.0,0.0036,,3.0,0.0
Hong Kong,2020-06-08,1107.0,148.0,1049.0,4.0,0.0036,,1.0,0.0
Hong Kong,2020-06-09,1108.0,148.0,1049.0,4.0,0.0036,,1.0,0.0
Hong Kong,2020-06-10,1108.0,148.0,1049.0,4.0,0.0036,,0.0,0.0
Hong Kong,2020-06-12,1108.0,148.0,1055.0,4.0,0.0036,,0.0,0.0
Hong Kong,2020-06-13,1109.0,148.0,1060.0,4.0,0.0036,,1.0,0.0
Hong Kong,2020-06-14,1110.0,148.0,1061.0,4.0,0.0036,,1.0,0.0
Hong Kong,2020-06-15,1110.0,148.0,1061.0,4.0,0.0036,,0.0,0.0
Hong Kong,2020-06-16,1113.0,148.0,1067.0,4.0,0.0036,,3.0,0.0
Hong Kong,2020-06-17,1113.0,148.0,1069.0,4.0,0.0036,,0.0,0.0
Hong Kong,2020-06-18,1121.0,149.0,1071.0,4.0,0.0036,,8.0,0.0
Hong Kong,2020-06-19,1125.0,150.0,1072.0,4.0,0.0036,,4.0,0.0
Hong Kong,2020-06-20,1128.0,150.0,1074.0,4.0,0.0035,,3.0,0.0
Hong Kong,2020-06-21,1129.0,151.0,1077.0,5.0,0.0044,,1.0,1.0
Hong Kong,2020-06-22,1132.0,151.0,1078.0,5.0,0.0044,,3.0,0.0
Hong Kong,2020-06-23,1132.0,151.0,1078.0,5.0,0.0044,,0.0,0.0
Hong Kong,2020-06-24,1178.0,157.0,1083.0,6.0,0.0051,,46.0,1.0
Hong Kong,2020-06-25,1180.0,157.0,1086.0,6.0,0.0051,,2.0,0.0
Hong Kong,2020-06-26,1194.0,159.0,1088.0,7.0,0.0059,,14.0,1.0
Hong Kong,2020-06-27,1197.0,160.0,1091.0,7.0,0.0058,,3.0,0.0
Hong Kong,2020-06-28,1197.0,160.0,1091.0,7.0,0.0058,,0.0,0.0
Hong Kong,2020-06-29,1200.0,160.0,1104.0,7.0,0.0058,,3.0,0.0
Hong Kong,2020-06-30,1204.0,161.0,1105.0,7.0,0.0058,,4.0,0.0
Hong Kong,2020-07-01,1204.0,161.0,1105.0,7.0,0.0058,,0.0,0.0
Hong Kong,2020-07-02,1234.0,165.0,0.0,7.0,0.0057,,30.0,0.0
Hong Kong,2020-07-03,1243.0,166.0,0.0,7.0,0.0056,,9.0,0.0
Hong Kong,2020-07-04,1248.0,166.0,1125.0,7.0,0.0056,,5.0,0.0
Hong Kong,2020-07-05,1260.0,168.0,0.0,7.0,0.0056,,12.0,0.0
Hong Kong,2020-07-06,1269.0,169.0,1156.0,7.0,0.0055,,9.0,0.0
Hong Kong,2020-07-07,1286.0,171.0,1157.0,7.0,0.0054,,17.0,0.0
Hong Kong,2020-07-09,1324.0,177.0,1167.0,7.0,0.0053,,38.0,0.0
Hong Kong,2020-07-10,1366.0,182.0,0.0,7.0,0.0051,,42.0,0.0
Hong Kong,2020-07-11,1404.0,187.0,1187.0,7.0,0.005,,38.0,0.0
Hong Kong,2020-07-12,1432.0,191.0,0.0,7.0,0.0049,,28.0,0.0
Hong Kong,2020-07-13,1470.0,196.0,1214.0,7.0,0.0048,,38.0,0.0
Hong Kong,2020-07-14,1522.0,203.0,1217.0,8.0,0.0053,,52.0,1.0
Hong Kong,2020-07-15,1570.0,209.0,0.0,8.0,0.0051,,48.0,0.0
Hong Kong,2020-07-16,1589.0,212.0,0.0,8.0,0.005,,19.0,0.0
Hong Kong,2020-07-18,1714.0,229.0,0.0,11.0,0.0064,,125.0,3.0
Hong Kong,2020-07-19,1778.0,237.0,1274.0,12.0,0.0067,,64.0,1.0
Hong Kong,2020-07-19,1778.0,237.0,1274.0,12.0,0.0067,,0.0,0.0
Hong Kong,2020-07-21,1886.0,251.0,1294.0,12.0,0.0064,,108.0,0.0
Hong Kong,2020-07-22,2020.0,269.0,1324.0,14.0,0.0069,,134.0,2.0
Hong Kong,2020-07-23,2133.0,284.0,1344.0,14.0,0.0066,,113.0,0.0
Hong Kong,2020-07-24,2250.0,300.0,1379.0,15.0,0.0067,,117.0,1.0
Hong Kong,2020-07-25,2373.0,316.0,1407.0,16.0,0.0067,,123.0,1.0
Hong Kong,2020-07-26,2506.0,334.0,1455.0,18.0,0.0072,,133.0,2.0
Hong Kong,2020-07-27,2634.0,351.0,1495.0,18.0,0.0068,,128.0,0.0
Hong Kong,2020-07-28,2779.0,370.0,1495.0,22.0,0.0079,,145.0,4.0
Hong Kong,2020-07-29,2885.0,385.0,1527.0,23.0,0.008,,106.0,1.0
Hong Kong,2020-07-30,3003.0,400.0,1527.0,24.0,0.008,,118.0,1.0
Hong Kong,2020-07-31,3152.0,420.0,1660.0,24.0,0.0076,,149.0,0.0
Hong Kong,2020-08-01,3273.0,436.0,1751.0,27.0,0.0082,,121.0,3.0
Hong Kong,2020-08-02,3398.0,453.0,1858.0,31.0,0.0091,,125.0,4.0
Hong Kong,2020-08-03,3512.0,468.0,1959.0,34.0,0.0097,,114.0,3.0
Hong Kong,2020-08-04,3592.0,479.0,2037.0,37.0,0.0103,,80.0,3.0
Hong Kong,2020-08-05,3670.0,489.0,2141.0,42.0,0.0114,,78.0,5.0
Hong Kong,2020-08-06,3755.0,501.0,2314.0,43.0,0.0115,,85.0,1.0
Hong Kong,2020-08-07,3850.0,513.0,2458.0,45.0,0.0117,,95.0,2.0
Hong Kong,2020-08-08,3939.0,525.0,2620.0,47.0,0.0119,,89.0,2.0
Hong Kong,2020-08-09,4008.0,534.0,2755.0,47.0,0.0117,,69.0,0.0
Hong Kong,2020-08-10,4080.0,544.0,2847.0,52.0,0.0127,,72.0,5.0
Hong Kong,2020-08-11,4149.0,553.0,2917.0,55.0,0.0133,,69.0,3.0
Hong Kong,2020-08-12,4182.0,558.0,3052.0,59.0,0.0141,,33.0,4.0
Hong Kong,2020-08-13,4244.0,566.0,3052.0,63.0,0.0148,,62.0,4.0
Hong Kong,2020-08-14,4313.0,575.0,3295.0,65.0,0.0151,,69.0,2.0
Hong Kong,2020-08-15,4361.0,581.0,3392.0,67.0,0.0154,,48.0,2.0
Hong Kong,2020-08-16,4361.0,581.0,3392.0,67.0,0.0154,,0.0,0.0
Hong Kong,2020-08-17,4481.0,597.0,3548.0,69.0,0.0154,,120.0,2.0
Hong Kong,2020-08-18,4525.0,603.0,3599.0,69.0,0.0152,,44.0,0.0
Hong Kong,2020-08-19,4567.0,609.0,3677.0,71.0,0.0155,,42.0,2.0
Hong Kong,2020-08-20,4587.0,612.0,3599.0,72.0,0.0157,,20.0,1.0
Hong Kong,2020-08-22,4632.0,618.0,3900.0,75.0,0.0162,,45.0,3.0
Hong Kong,2020-08-23,4658.0,621.0,3900.0,76.0,0.0163,,26.0,1.0
Hong Kong,2020-08-24,4683.0,624.0,4018.0,77.0,0.0164,,25.0,1.0
Hong Kong,2020-08-25,4692.0,626.0,4052.0,77.0,0.0164,,9.0,0.0
Hong Kong,2020-08-26,4711.0,628.0,4108.0,77.0,0.0163,,19.0,0.0
Hong Kong,2020-08-27,4736.0,631.0,4161.0,78.0,0.0165,,25.0,1.0
Hong Kong,2020-08-28,4756.0,634.0,4200.0,81.0,0.017,,20.0,3.0
Hong Kong,2020-08-29,4769.0,636.0,4249.0,84.0,0.0176,,13.0,3.0
Hong Kong,2020-08-30,4787.0,638.0,4287.0,86.0,0.018000000000000002,,18.0,2.0
Hong Kong,2020-08-31,4802.0,640.0,4320.0,88.0,0.0183,,15.0,2.0
Hong Kong,2020-09-01,4811.0,641.0,4342.0,89.0,0.0185,,9.0,1.0
Hong Kong,2020-09-02,4823.0,643.0,4380.0,90.0,0.0187,,12.0,1.0
Hong Kong,2020-09-03,4831.0,644.0,4401.0,93.0,0.0193,,8.0,3.0
Hong Kong,2020-09-04,4839.0,645.0,4431.0,94.0,0.0194,,8.0,1.0
Hong Kong,2020-09-05,4851.0,647.0,4456.0,94.0,0.0194,,12.0,0.0
Hong Kong,2020-09-07,4879.0,650.0,4510.0,94.0,0.0193,,28.0,0.0
Hong Kong,2020-09-08,4890.0,652.0,4524.0,98.0,0.02,,11.0,4.0
Hong Kong,2020-09-09,4896.0,653.0,4543.0,99.0,0.0202,,6.0,1.0
Hong Kong,2020-09-10,4902.0,654.0,4557.0,99.0,0.0202,,6.0,0.0
Hong Kong,2020-09-11,4914.0,655.0,4582.0,99.0,0.0201,,12.0,0.0
Hong Kong,2020-09-12,4926.0,657.0,4597.0,99.0,0.0201,,12.0,0.0
Hong Kong,2020-09-13,4939.0,658.0,4613.0,100.0,0.0202,,13.0,1.0
Hong Kong,2020-09-14,4958.0,661.0,4630.0,100.0,0.0202,,19.0,0.0
Hong Kong,2020-09-15,4972.0,663.0,4635.0,101.0,0.0203,,14.0,1.0
Hong Kong,2020-09-16,4976.0,663.0,4635.0,101.0,0.0203,,4.0,0.0
Hong Kong,2020-09-17,4985.0,665.0,4663.0,102.0,0.0205,,9.0,1.0
Hong Kong,2020-09-18,4994.0,666.0,4686.0,102.0,0.0204,,9.0,0.0
Hong Kong,2020-09-20,5010.0,668.0,4707.0,103.0,0.0206,,16.0,1.0
Hong Kong,2020-09-21,5033.0,671.0,4712.0,103.0,0.0205,,23.0,0.0
Hong Kong,2020-09-22,5039.0,672.0,4717.0,103.0,0.0204,,6.0,0.0
Hong Kong,2020-09-23,5047.0,673.0,4717.0,103.0,0.0204,,8.0,0.0
Hong Kong,2020-09-24,5050.0,0.0,,104.0,0.0206,673.0,3.0,1.0
Hong Kong,2020-09-25,5057.0,0.0,,104.0,0.0206,674.0,7.0,0.0
Hong Kong,2020-09-26,5059.0,0.0,,105.0,0.0208,674.0,2.0,1.0
Hong Kong,2020-09-27,5060.0,0.0,,105.0,0.0208,675.0,1.0,0.0
Hong Kong,2020-09-28,5066.0,0.0,,105.0,0.0207,675.0,6.0,0.0
Hong Kong,2020-09-29,5076.0,0.0,,105.0,0.0207,677.0,10.0,0.0
Hong Kong,2020-09-30,5080.0,0.0,,105.0,0.0207,677.0,4.0,0.0
Hong Kong,2020-10-02,5098.0,0.0,,105.0,0.0206,680.0,18.0,0.0
Hong Kong,2020-10-03,5097.0,0.0,,105.0,0.0206,680.0,0.0,0.0
Hong Kong,2020-10-04,5104.0,0.0,,105.0,0.0206,680.0,7.0,0.0
Hong Kong,2020-10-05,5108.0,0.0,,105.0,0.0206,681.0,4.0,0.0
Hong Kong,2020-10-06,5113.0,0.0,,105.0,0.0205,682.0,5.0,0.0
Hong Kong,2020-10-08,5132.0,0.0,,105.0,0.0205,684.0,19.0,0.0
Hong Kong,2020-10-09,5143.0,0.0,,105.0,0.0204,686.0,11.0,0.0
Hong Kong,2020-10-10,5161.0,0.0,,105.0,0.0203,688.0,18.0,0.0
Hong Kong,2020-10-11,5169.0,0.0,,105.0,0.0203,689.0,8.0,0.0
Hong Kong,2020-10-12,5175.0,0.0,,105.0,0.0203,690.0,6.0,0.0
Hong Kong,2020-10-13,5182.0,0.0,,105.0,0.0203,691.0,7.0,0.0
Hong Kong,2020-10-14,5193.0,0.0,,105.0,0.0202,692.0,11.0,0.0
Hong Kong,2020-10-15,5201.0,0.0,,105.0,0.0202,693.0,8.0,0.0
