Location,Date,Confirmed,Case_Per_1M_people,Recovered,Deaths,Mortality,Cases per 1 million people,NewCases,NewConfirmed,NewDeaths
Hungary,2020-03-31,447.0,44.66,34.0,15.0,0.033557047,,,0.0,0.0
Hungary,2020-04-01,492.0,49.16,37.0,16.0,0.032520325203252036,,,45.0,1.0
Hungary,2020-04-02,525.0,52.46,40.0,20.0,0.0380952380952381,,,33.0,4.0
Hungary,2020-04-03,585.0,58.45,42.0,20.0,0.034188034188034185,,,60.0,0.0
Hungary,2020-04-07,744.0,76.13,67.0,38.0,0.051075268817204304,,,159.0,18.0
Hungary,2020-04-10,980.0,100.28,96.0,66.0,0.0673469387755102,,,236.0,28.0
Hungary,2020-04-11,1190.0,121.77,112.0,77.0,0.06470588235294117,,,210.0,11.0
Hungary,2020-04-12,1310.0,134.05,115.0,85.0,0.0648854961832061,,,120.0,8.0
Hungary,2020-04-14,1458.0,149.19,120.0,109.0,0.0747599451303155,,,148.0,24.0
Hungary,2020-04-17,1652.0,169.04,199.0,142.0,0.08595641646489104,,,194.0,33.0
Hungary,2020-04-18,1834.0,187.66,231.0,172.0,0.09378407851690294,,,182.0,30.0
Hungary,2020-04-20,1916.0,196.06,250.0,172.0,0.08977035490605427,,,82.0,0.0
Hungary,2020-04-22,2098.0,214.68,287.0,213.0,0.1015252621544328,,,182.0,41.0
Hungary,2020-04-23,2168.0,221.84,295.0,225.0,0.10378228782287822,,,70.0,12.0
Hungary,2020-04-24,2284.0,233.71,390.0,239.0,0.10464098073555167,,,116.0,14.0
Hungary,2020-04-25,2383.0,243.84,401.0,250.0,0.1049097775912715,,,99.0,11.0
Hungary,2020-04-26,2443.0,249.98,458.0,262.0,0.1072451903397462,,,60.0,12.0
Hungary,2020-04-27,2583.0,264.31,498.0,280.0,0.10840108401084013,,,140.0,18.0
Hungary,2020-04-28,2583.0,264.31,498.0,280.0,0.10840108401084013,,,0.0,0.0
Hungary,2020-04-29,2649.0,271.06,516.0,291.0,0.1098527746319366,,,66.0,11.0
Hungary,2020-04-30,2727.0,279.04,536.0,300.0,0.11001100110011,,,78.0,9.0
Hungary,2020-05-01,2775.0,284.0,581.0,312.0,0.11243243243243244,,,48.0,12.0
Hungary,2020-05-02,2863.0,293.0,609.0,323.0,0.11281872162067763,,,88.0,11.0
Hungary,2020-05-03,2942.0,301.0,625.0,335.0,0.11386811692726034,,,79.0,12.0
Hungary,2020-05-04,2998.0,307.0,629.0,340.0,0.1134089392928619,,,56.0,5.0
Hungary,2020-05-05,3035.0,311.0,709.0,363.0,0.11960461285008238,,,37.0,23.0
Hungary,2020-05-06,3065.0,314.0,709.0,363.0,0.11843393148450244,,,30.0,0.0
Hungary,2020-05-07,3111.0,318.0,759.0,373.0,0.11989713918354225,,,46.0,10.0
Hungary,2020-05-08,3150.0,322.0,801.0,383.0,0.1215873015873016,,,39.0,10.0
Hungary,2020-05-09,3178.0,325.0,865.0,392.0,0.12334801762114538,,,28.0,9.0
Hungary,2020-05-10,3263.0,334.0,933.0,413.0,0.12657064051486366,,,85.0,21.0
Hungary,2020-05-11,3284.0,336.0,958.0,421.0,0.1281973203410475,,,21.0,8.0
Hungary,2020-05-12,3313.0,339.0,1007.0,425.0,0.12828252339269544,,,29.0,4.0
Hungary,2020-05-13,3341.0,342.0,1102.0,430.0,0.12870398084405865,,,28.0,5.0
Hungary,2020-05-15,3380.0,346.0,1169.0,436.0,0.1289940828402367,,,39.0,6.0
Hungary,2020-05-16,3417.0,350.0,1287.0,442.0,0.12935323383084574,,,37.0,6.0
Hungary,2020-05-17,3473.0,355.0,1371.0,448.0,0.1289951050964584,,,56.0,6.0
Hungary,2020-05-18,3509.0,359.0,1396.0,451.0,0.12852664576802508,,,36.0,3.0
Hungary,2020-05-19,3535.0,362.0,1400.0,462.0,0.1306930693069307,,,26.0,11.0
Hungary,2020-05-20,3556.0,364.0,1412.0,467.0,0.1313273340832396,,,21.0,5.0
,2020-05-21,,,,,,,,,
Hungary,2020-05-22,3678.0,376.0,1587.0,476.0,0.12941816204458945,,,,
Hungary,2020-05-23,3678.0,376.0,1587.0,476.0,0.12941816204458945,,,0.0,0.0
Hungary,2020-05-24,3713.0,380.0,1655.0,482.0,0.12981416644222998,,,35.0,6.0
Hungary,2020-05-25,3741.0,383.0,1690.0,486.0,0.12991178829190056,,,28.0,4.0
Hungary,2020-05-26,3756.0,384.0,1711.0,491.0,0.1307241746538871,,,15.0,5.0
Hungary,2020-05-27,3771.0,386.0,1836.0,499.0,0.13232564306549988,,,15.0,8.0
Hungary,2020-05-28,3793.0,388.0,1856.0,505.0,0.13313999472712892,,,22.0,6.0
Hungary,2020-05-29,3816.0,390.0,1996.0,509.0,0.13338574423480085,,,23.0,4.0
Hungary,2020-05-30,3841.0,393.0,2024.0,517.0,0.13460036448841448,,,25.0,8.0
Hungary,2020-05-31,3841.0,393.0,2024.0,517.0,0.13460036448841448,,,0.0,0.0
Hungary,2020-06-01,3876.0,397.0,2147.0,526.0,0.13570691434468524,,,35.0,9.0
Hungary,2020-06-02,3892.0,398.0,2156.0,527.0,0.13540596094552929,,,16.0,1.0
Hungary,2020-06-03,3931.0,402.0,2190.0,534.0,0.1358,,,39.0,7.0
Hungary,2020-06-04,3954.0,405.0,2205.0,539.0,0.1363,,,23.0,5.0
Hungary,2020-06-05,3954.0,405.0,2205.0,539.0,0.1363,,,0.0,0.0
Hungary,2020-06-06,3970.0,406.0,2245.0,542.0,0.1365,,,16.0,3.0
Hungary,2020-06-07,3990.0,408.0,2279.0,545.0,0.1366,,,20.0,3.0
Hungary,2020-06-08,4008.0,410.0,2279.0,546.0,0.1362,,,18.0,1.0
Hungary,2020-06-09,4014.0,411.0,2284.0,547.0,0.1363,,,6.0,1.0
Hungary,2020-06-10,4017.0,411.0,2324.0,550.0,0.1369,,,3.0,3.0
Hungary,2020-06-12,4039.0,413.0,2391.0,553.0,0.1369,,,22.0,3.0
Hungary,2020-06-13,4053.0,415.0,2447.0,555.0,0.1369,,,14.0,2.0
Hungary,2020-06-14,4064.0,416.0,2476.0,559.0,0.1375,,,11.0,4.0
Hungary,2020-06-15,4069.0,416.0,2482.0,562.0,0.1381,,,5.0,3.0
Hungary,2020-06-16,4076.0,417.0,2485.0,563.0,0.1381,,,7.0,1.0
Hungary,2020-06-17,4077.0,417.0,2516.0,565.0,0.1386,,,1.0,2.0
Hungary,2020-06-18,4079.0,417.0,2564.0,568.0,0.1392,,,2.0,3.0
Hungary,2020-06-19,4079.0,417.0,2564.0,568.0,0.1392,,,0.0,0.0
Hungary,2020-06-20,4081.0,418.0,2581.0,568.0,0.1392,,,2.0,0.0
Hungary,2020-06-21,4086.0,418.0,2585.0,570.0,0.1395,,,5.0,2.0
Hungary,2020-06-22,4094.0,419.0,2589.0,570.0,0.1392,,,8.0,0.0
Hungary,2020-06-23,4102.0,420.0,2590.0,572.0,0.1394,,,8.0,2.0
Hungary,2020-06-24,4107.0,420.0,2600.0,573.0,0.1395,,,5.0,1.0
Hungary,2020-06-25,4114.0,421.0,2618.0,576.0,0.14,,,7.0,3.0
Hungary,2020-06-26,4123.0,422.0,2640.0,577.0,0.1399,,,9.0,1.0
Hungary,2020-06-27,4127.0,422.0,2663.0,578.0,0.1401,,,4.0,1.0
Hungary,2020-06-28,4138.0,423.0,2681.0,578.0,0.1397,,,11.0,0.0
Hungary,2020-06-29,4142.0,424.0,2685.0,581.0,0.1403,,,4.0,3.0
Hungary,2020-06-30,4145.0,424.0,2685.0,585.0,0.1411,,,3.0,4.0
Hungary,2020-07-01,4155.0,425.0,2692.0,585.0,0.1408,,,10.0,0.0
Hungary,2020-07-02,4157.0,425.0,2714.0,586.0,0.141,,,2.0,1.0
Hungary,2020-07-03,4172.0,427.0,2752.0,588.0,0.1409,,,15.0,2.0
Hungary,2020-07-04,4172.0,427.0,2752.0,588.0,0.1409,,,0.0,0.0
Hungary,2020-07-05,4174.0,427.0,2784.0,589.0,0.1411,,,2.0,1.0
Hungary,2020-07-06,4183.0,428.0,2811.0,589.0,0.1408,,,9.0,0.0
Hungary,2020-07-07,4189.0,429.0,2860.0,589.0,0.1406,,,6.0,0.0
Hungary,2020-07-09,4210.0,431.0,2885.0,589.0,0.1399,,,21.0,0.0
Hungary,2020-07-10,4220.0,432.0,2887.0,591.0,0.14,,,10.0,2.0
Hungary,2020-07-11,4223.0,432.0,2941.0,593.0,0.1404,,,3.0,2.0
Hungary,2020-07-12,4229.0,433.0,2974.0,595.0,0.1407,,,6.0,2.0
Hungary,2020-07-14,4258.0,436.0,3106.0,595.0,0.1397,,,29.0,0.0
Hungary,2020-07-15,4258.0,436.0,3106.0,595.0,0.1397,,,0.0,0.0
Hungary,2020-07-16,4263.0,436.0,3126.0,595.0,0.1396,,,5.0,0.0
Hungary,2020-07-18,4293.0,439.0,3220.0,595.0,0.1386,,,30.0,0.0
Hungary,2020-07-19,4315.0,442.0,3222.0,596.0,0.1381,,,22.0,1.0
Hungary,2020-07-19,4333.0,443.0,0.0,596.0,0.1375,,,18.0,0.0
Hungary,2020-07-21,4339.0,444.0,3232.0,596.0,0.1374,,,6.0,0.0
Hungary,2020-07-22,4347.0,445.0,3257.0,596.0,0.1371,,,8.0,0.0
Hungary,2020-07-23,4366.0,447.0,3283.0,596.0,0.1365,,,19.0,0.0
Hungary,2020-07-24,4380.0,448.0,3300.0,596.0,0.1361,,,14.0,0.0
Hungary,2020-07-25,4398.0,450.0,3312.0,596.0,0.1355,,,18.0,0.0
Hungary,2020-07-26,4435.0,454.0,3329.0,596.0,0.1344,,,37.0,0.0
Hungary,2020-07-27,4435.0,454.0,3329.0,596.0,0.1344,,,0.0,0.0
Hungary,2020-07-28,4448.0,455.0,3329.0,596.0,0.134,,,13.0,0.0
Hungary,2020-07-29,4456.0,456.0,3331.0,596.0,0.1338,,,8.0,0.0
Hungary,2020-07-30,4465.0,457.0,3339.0,596.0,0.1335,,,9.0,0.0
Hungary,2020-07-31,4484.0,459.0,3346.0,596.0,0.1329,,,19.0,0.0
Hungary,2020-08-01,4505.0,461.0,3353.0,596.0,0.1323,,,21.0,0.0
Hungary,2020-08-02,4526.0,463.0,3364.0,597.0,0.1319,,,21.0,1.0
Hungary,2020-08-03,4535.0,464.0,3389.0,597.0,0.1316,,,9.0,0.0
Hungary,2020-08-04,4544.0,465.0,3413.0,597.0,0.1314,,,9.0,0.0
Hungary,2020-08-05,4553.0,466.0,3415.0,598.0,0.1313,,,9.0,1.0
Hungary,2020-08-06,4564.0,467.0,3431.0,599.0,0.1312,,,11.0,1.0
Hungary,2020-08-07,4597.0,470.0,3463.0,600.0,0.1305,,,33.0,1.0
Hungary,2020-08-08,4621.0,473.0,3464.0,602.0,0.1303,,,24.0,2.0
Hungary,2020-08-09,4653.0,476.0,3491.0,602.0,0.1294,,,32.0,0.0
Hungary,2020-08-10,4696.0,481.0,3499.0,602.0,0.1282,,,43.0,0.0
Hungary,2020-08-11,4731.0,484.0,3525.0,605.0,0.1279,,,35.0,3.0
Hungary,2020-08-12,4746.0,486.0,3527.0,614.0,0.1294,,,15.0,9.0
Hungary,2020-08-13,4768.0,488.0,3529.0,634.0,0.133,,,22.0,20.0
Hungary,2020-08-14,4813.0,492.0,3561.0,607.0,0.1261,,,45.0,0.0
Hungary,2020-08-15,4853.0,497.0,3590.0,607.0,0.1251,,,40.0,0.0
Hungary,2020-08-16,4877.0,499.0,3606.0,607.0,0.1245,,,24.0,0.0
Hungary,2020-08-17,4916.0,503.0,3623.0,608.0,0.1237,,,39.0,1.0
Hungary,2020-08-18,4946.0,506.0,3630.0,608.0,0.1229,,,30.0,0.0
Hungary,2020-08-19,4970.0,509.0,3630.0,609.0,0.1225,,,24.0,1.0
Hungary,2020-08-20,5002.0,512.0,3665.0,609.0,0.1218,,,32.0,0.0
Hungary,2020-08-22,5098.0,522.0,3681.0,611.0,0.1199,,,96.0,2.0
Hungary,2020-08-23,5133.0,525.0,3692.0,611.0,0.11900000000000001,,,35.0,0.0
Hungary,2020-08-24,5155.0,527.0,3695.0,613.0,0.1189,,,22.0,2.0
Hungary,2020-08-25,5191.0,531.0,3695.0,613.0,0.1181,,,36.0,0.0
Hungary,2020-08-26,5215.0,534.0,3716.0,614.0,0.1177,,,24.0,1.0
Hungary,2020-08-27,5288.0,541.0,3734.0,614.0,0.1161,,,73.0,0.0
Hungary,2020-08-28,5379.0,550.0,3757.0,614.0,0.1141,,,91.0,0.0
Hungary,2020-08-29,5511.0,564.0,3759.0,614.0,0.1114,,,132.0,0.0
Hungary,2020-08-30,5669.0,580.0,3759.0,614.0,0.1083,,,158.0,0.0
Hungary,2020-08-31,5961.0,610.0,3759.0,614.0,0.10300000000000001,,,292.0,0.0
Hungary,2020-09-01,6139.0,628.0,3761.0,615.0,0.1002,,,178.0,1.0
Hungary,2020-09-02,6257.0,640.0,3821.0,616.0,0.0984,,,118.0,1.0
Hungary,2020-09-03,6622.0,678.0,3903.0,619.0,0.0935,,,365.0,3.0
Hungary,2020-09-04,6923.0,708.0,3930.0,620.0,0.0896,,,301.0,1.0
Hungary,2020-09-05,7382.0,755.0,3944.0,621.0,0.0841,,,459.0,1.0
Hungary,2020-09-07,8387.0,858.0,3958.0,624.0,0.0744,,,1005.0,3.0
Hungary,2020-09-08,8963.0,917.0,3961.0,625.0,0.0697,,,576.0,1.0
Hungary,2020-09-09,9304.0,952.0,3982.0,626.0,0.0673,,,341.0,1.0
Hungary,2020-09-10,9304.0,952.0,3982.0,626.0,0.0673,,,0.0,0.0
Hungary,2020-09-11,10191.0,1043.0,3990.0,630.0,0.0618,,,887.0,4.0
Hungary,2020-09-12,10909.0,1116.0,4014.0,631.0,0.0578,,,718.0,1.0
Hungary,2020-09-13,11825.0,1210.0,4058.0,633.0,0.0535,,,916.0,2.0
Hungary,2020-09-14,12309.0,1260.0,4069.0,637.0,0.0518,,,484.0,4.0
Hungary,2020-09-15,13153.0,1346.0,4117.0,642.0,0.0488,,,844.0,5.0
Hungary,2020-09-16,13879.0,1420.0,4130.0,646.0,0.0465,,,726.0,4.0
Hungary,2020-09-17,14460.0,1480.0,4153.0,654.0,0.0452,,,581.0,8.0
Hungary,2020-09-18,15170.0,1552.0,4227.0,663.0,0.0437,,,710.0,9.0
Hungary,2020-09-20,16920.0,1731.0,4382.0,675.0,0.0399,,,1750.0,12.0
Hungary,2020-09-21,17990.0,1841.0,4391.0,683.0,0.038,,,1070.0,8.0
Hungary,2020-09-22,18866.0,1930.0,4401.0,686.0,0.0364,,,876.0,3.0
Hungary,2020-09-23,19499.0,1995.0,4559.0,694.0,0.0356,,,633.0,8.0
Hungary,2020-09-24,20450.0,0.0,,702.0,0.0343,2093.0,,951.0,8.0
Hungary,2020-09-25,21200.0,0.0,,709.0,0.0334,2169.0,,750.0,7.0
Hungary,2020-09-26,22127.0,0.0,,718.0,0.0324,2264.0,,927.0,9.0
Hungary,2020-09-27,23077.0,0.0,,730.0,0.0316,2361.0,,950.0,12.0
Hungary,2020-09-28,24014.0,0.0,,736.0,0.0306,2457.0,,937.0,6.0
Hungary,2020-09-29,24716.0,0.0,,749.0,0.0303,2529.0,,702.0,13.0
Hungary,2020-09-30,25567.0,0.0,,757.0,0.0296,2616.0,,851.0,8.0
Hungary,2020-10-02,27309.0,0.0,,781.0,0.0286,2794.0,,1742.0,24.0
Hungary,2020-10-03,27309.0,0.0,,781.0,0.0286,2794.0,,0.0,0.0
Hungary,2020-10-04,28631.0,0.0,,798.0,0.0279,2930.0,,1322.0,17.0
Hungary,2020-10-05,29717.0,0.0,,812.0,0.0273,3041.0,,1086.0,14.0
Hungary,2020-10-06,30575.0,0.0,,822.0,0.0269,3129.0,,858.0,10.0
Hungary,2020-10-08,32298.0,0.0,,853.0,0.0264,3305.0,,1723.0,31.0
Hungary,2020-10-09,33114.0,0.0,,877.0,0.0265,3388.0,,816.0,24.0
Hungary,2020-10-10,34046.0,0.0,,898.0,0.0264,3484.0,,932.0,21.0
Hungary,2020-10-11,35222.0,0.0,,913.0,0.0259,3604.0,,1176.0,15.0
Hungary,2020-10-12,36596.0,0.0,,933.0,0.0255,3745.0,,1374.0,20.0
Hungary,2020-10-13,37664.0,0.0,,954.0,0.0253,3854.0,,1068.0,21.0
Hungary,2020-10-14,38837.0,0.0,,968.0,0.0249,3974.0,,1173.0,14.0
Hungary,2020-10-15,39862.0,0.0,,996.0,0.025,4079.0,,1025.0,28.0
Hungary,2020-10-18,43025.0,0.0,,1085.0,0.0252,4403.0,,3163.0,89.0
Hungary,2020-10-19,44816.0,0.0,,1109.0,0.0247,4586.0,,1791.0,24.0
Hungary,2020-10-20,46290.0,0.0,,1142.0,0.0247,4737.0,,1474.0,33.0
Hungary,2020-10-22,48757.0,0.0,,1211.0,0.0248,4989.0,,2467.0,69.0
Hungary,2020-10-23,50180.0,0.0,,1259.0,0.0251,5135.0,,1423.0,48.0
Hungary,2020-10-24,52212.0,0.0,,1305.0,0.025,5343.0,,2032.0,46.0
Hungary,2020-10-25,54278.0,0.0,,1352.0,0.0249,5554.0,,2066.0,47.0
Hungary,2020-10-26,56098.0,0.0,,1390.0,0.0248,5740.0,,1820.0,38.0
Hungary,2020-10-27,59247.0,0.0,,1425.0,0.0241,6062.0,,3149.0,35.0
Hungary,2020-10-28,63642.0,6512.0,,1535.0,0.0241,,2079.0,4395.0,110.0
Hungary,2020-10-29,63642.0,6512.0,,1535.0,0.0241,,2079.0,0.0,0.0
Hungary,2020-10-30,65933.0,6747.0,,1578.0,0.0239,,2291.0,2291.0,43.0
Hungary,2020-10-31,68127.0,6971.0,,1634.0,0.024,,2194.0,2194.0,56.0
Hungary,2020-11-01,71413.0,7307.0,,1699.0,0.0238,,3286.0,3286.0,65.0
Hungary,2020-11-02,75321.0,7707.0,,1750.0,0.0232,,3908.0,3908.0,51.0
Hungary,2020-11-03,79199.0,8104.0,,1819.0,0.023,,3878.0,3878.0,69.0
Hungary,2020-11-04,82780.0,8470.0,,1889.0,0.0228,,3581.0,3581.0,70.0
Hungary,2020-11-05,86769.0,8879.0,,1973.0,0.0227,,3989.0,3989.0,84.0
Hungary,2020-11-06,90988.0,9310.0,,2063.0,0.0227,,4219.0,4219.0,90.0
Hungary,2020-11-07,94916.0,9712.0,,2147.0,0.0226,,3928.0,3928.0,84.0
Hungary,2020-11-08,99625.0,10194.0,,2250.0,0.0226,,4709.0,4709.0,103.0
Hungary,2020-11-09,104943.0,10738.0,,2357.0,0.0225,,5318.0,5318.0,107.0
Hungary,2020-11-10,109616.0,11216.0,,2438.0,0.0222,,4673.0,4673.0,81.0
Hungary,2020-11-11,114778.0,11745.0,,2493.0,0.0217,,5162.0,5162.0,55.0
Hungary,2020-11-12,118918.0,12168.0,,2596.0,0.0218,,4140.0,4140.0,103.0
Hungary,2020-11-13,122863.0,12572.0,,2697.0,0.022000000000000002,,3945.0,3945.0,101.0
Hungary,2020-11-15,131887.0,13495.0,,2883.0,0.0219,,5097.0,9024.0,186.0
Hungary,2020-11-16,136723.0,13990.0,,2990.0,0.0219,,4836.0,4836.0,107.0
Hungary,2020-11-17,140961.0,14424.0,,3097.0,0.022000000000000002,,4238.0,4238.0,107.0
Hungary,2020-11-18,147456.0,15088.0,,3190.0,0.0216,,6495.0,6495.0,93.0
Hungary,2020-11-19,152659.0,15621.0,,3281.0,0.0215,,5203.0,5203.0,91.0
Hungary,2020-11-20,156949.0,16060.0,,3380.0,0.0215,,4290.0,4290.0,99.0
Hungary,2020-11-21,161461.0,16522.0,,3472.0,0.0215,,4512.0,4512.0,92.0
Hungary,2020-11-22,165901.0,16976.0,,3568.0,0.0215,,4440.0,4440.0,96.0
Hungary,2020-11-23,170298.0,17426.0,,3689.0,0.0217,,4397.0,4397.0,121.0
Hungary,2020-11-24,174618.0,17868.0,,3800.0,0.0218,,4320.0,4320.0,111.0
Hungary,2020-11-25,177952.0,18209.0,,3891.0,0.0219,,3334.0,3334.0,91.0
Hungary,2020-11-26,181881.0,18611.0,,4008.0,0.022000000000000002,,3929.0,3929.0,117.0
Hungary,2020-11-27,185687.0,19000.0,,4114.0,0.0222,,3806.0,3806.0,106.0
Hungary,2020-11-28,192047.0,19651.0,,4229.0,0.022000000000000002,,6360.0,6360.0,115.0
Hungary,2020-11-29,198440.0,20305.0,,4364.0,0.022000000000000002,,6393.0,6393.0,135.0
Hungary,2020-11-30,204708.0,20947.0,,4516.0,0.0221,,6268.0,6268.0,152.0
Hungary,2020-12-01,211527.0,21645.0,,4672.0,0.0221,,6819.0,6819.0,156.0
Hungary,2020-12-01,211527.0,21645.0,,4672.0,0.0221,,6819.0,0.0,0.0
