Location,Date,Confirmed,Case_Per_1M_people,Recovered,Deaths,Mortality,Cases per 1 million people,NewCases,NewConfirmed,NewDeaths
Iceland,2020-03-31,1086.0,3213.12,157.0,2.0,0.001841621,,,0.0,0.0
Iceland,2020-04-01,1135.0,3358.1,198.0,2.0,0.001762114537444934,,,49.0,0.0
Iceland,2020-04-02,1220.0,3609.58,236.0,2.0,0.001639344262295082,,,85.0,0.0
Iceland,2020-04-03,1220.0,3609.58,236.0,2.0,0.001639344262295082,,,0.0,0.0
Iceland,2020-04-07,1562.0,4288.15,460.0,6.0,0.003841229193341869,,,342.0,4.0
Iceland,2020-04-10,1648.0,4524.24,688.0,6.0,0.0036407766990291268,,,86.0,0.0
Iceland,2020-04-11,1675.0,4598.36,751.0,6.0,0.0035820895522388064,,,27.0,0.0
Iceland,2020-04-12,1689.0,4636.8,841.0,7.0,0.004144464179988159,,,14.0,1.0
Iceland,2020-04-14,1711.0,4697.19,933.0,9.0,0.005260081823495032,,,22.0,2.0
Iceland,2020-04-17,1739.0,4774.06,1144.0,8.0,0.004600345025876941,,,28.0,0.0
Iceland,2020-04-18,1754.0,4815.24,1224.0,9.0,0.0051311288483466356,,,15.0,1.0
Iceland,2020-04-20,1771.0,4861.91,1328.0,9.0,0.005081874647092038,,,17.0,0.0
Iceland,2020-04-22,1778.0,4881.13,1417.0,10.0,0.00562429696287964,,,7.0,1.0
Iceland,2020-04-23,1785.0,4900.35,1462.0,10.0,0.0056022408963585435,,,7.0,0.0
Iceland,2020-04-24,1789.0,4911.33,1509.0,10.0,0.005589714924538847,,,4.0,0.0
Iceland,2020-04-25,1789.0,4911.33,1509.0,10.0,0.005589714924538847,,,0.0,0.0
Iceland,2020-04-26,1790.0,4914.07,1570.0,10.0,0.00558659217877095,,,1.0,0.0
Iceland,2020-04-27,1792.0,4919.56,1608.0,10.0,0.005580357142857143,,,2.0,0.0
Iceland,2020-04-28,1792.0,4919.56,1624.0,10.0,0.005580357142857143,,,0.0,0.0
Iceland,2020-04-29,1795.0,4927.8,1636.0,10.0,0.0055710306406685246,,,3.0,0.0
Iceland,2020-04-30,1795.0,4927.8,1636.0,10.0,0.0055710306406685246,,,0.0,0.0
Iceland,2020-05-01,1797.0,4933.0,1670.0,10.0,0.005564830272676683,,,2.0,0.0
Iceland,2020-05-02,1798.0,4936.0,1689.0,10.0,0.0055617352614015575,,,1.0,0.0
Iceland,2020-05-03,1798.0,4936.0,1706.0,10.0,0.0055617352614015575,,,0.0,0.0
Iceland,2020-05-04,1798.0,4936.0,1706.0,10.0,0.0055617352614015575,,,0.0,0.0
Iceland,2020-05-05,1799.0,4939.0,1723.0,10.0,0.005558643690939411,,,1.0,0.0
Iceland,2020-05-06,1799.0,4939.0,1733.0,10.0,0.005558643690939411,,,0.0,0.0
Iceland,2020-05-07,1799.0,4939.0,1750.0,10.0,0.005558643690939411,,,0.0,0.0
Iceland,2020-05-08,1801.0,4944.0,1755.0,10.0,0.00555247084952804,,,2.0,0.0
Iceland,2020-05-09,1801.0,4944.0,1765.0,10.0,0.00555247084952804,,,0.0,0.0
Iceland,2020-05-10,1801.0,4944.0,1773.0,10.0,0.00555247084952804,,,0.0,0.0
Iceland,2020-05-11,1801.0,4944.0,1773.0,10.0,0.00555247084952804,,,0.0,0.0
Iceland,2020-05-12,1801.0,4944.0,1773.0,10.0,0.00555247084952804,,,0.0,0.0
Iceland,2020-05-13,1801.0,4944.0,1776.0,10.0,0.00555247084952804,,,0.0,0.0
Iceland,2020-05-15,1802.0,4947.0,1780.0,10.0,0.005549389567147614,,,1.0,0.0
Iceland,2020-05-16,1802.0,4947.0,1782.0,10.0,0.005549389567147614,,,0.0,0.0
Iceland,2020-05-17,1802.0,4947.0,1782.0,10.0,0.005549389567147614,,,0.0,0.0
Iceland,2020-05-18,1802.0,4947.0,1786.0,10.0,0.005549389567147614,,,0.0,0.0
Iceland,2020-05-19,1802.0,4947.0,1786.0,10.0,0.005549389567147614,,,0.0,0.0
Iceland,2020-05-20,1802.0,4947.0,1789.0,10.0,0.005549389567147614,,,0.0,0.0
,2020-05-21,,,,,,,,,
Iceland,2020-05-22,1803.0,4950.0,1790.0,10.0,0.005546311702717693,,,,
Iceland,2020-05-23,1803.0,4950.0,1791.0,10.0,0.005546311702717693,,,0.0,0.0
Iceland,2020-05-24,1804.0,4953.0,1791.0,10.0,0.005543237250554324,,,1.0,0.0
Iceland,2020-05-25,1804.0,4953.0,1791.0,10.0,0.005543237250554324,,,0.0,0.0
Iceland,2020-05-26,1804.0,4953.0,1791.0,10.0,0.005543237250554324,,,0.0,0.0
Iceland,2020-05-27,1804.0,4953.0,1792.0,10.0,0.005543237250554324,,,0.0,0.0
Iceland,2020-05-28,1805.0,4955.0,1792.0,10.0,0.00554016620498615,,,1.0,0.0
Iceland,2020-05-29,1805.0,4955.0,1792.0,10.0,0.00554016620498615,,,0.0,0.0
Iceland,2020-05-30,1805.0,4955.0,1794.0,10.0,0.00554016620498615,,,0.0,0.0
Iceland,2020-05-31,1806.0,4958.0,1794.0,10.0,0.005537098560354375,,,1.0,0.0
Iceland,2020-06-01,1806.0,4958.0,1794.0,10.0,0.005537098560354375,,,0.0,0.0
Iceland,2020-06-02,1806.0,4958.0,1794.0,10.0,0.005537098560354375,,,0.0,0.0
Iceland,2020-06-03,1806.0,4958.0,1794.0,10.0,0.0055,,,0.0,0.0
Iceland,2020-06-04,1806.0,4958.0,1794.0,10.0,0.0055,,,0.0,0.0
Iceland,2020-06-05,1806.0,4958.0,1794.0,10.0,0.0055,,,0.0,0.0
Iceland,2020-06-06,1806.0,4958.0,1794.0,10.0,0.0055,,,0.0,0.0
Iceland,2020-06-07,1814.0,4980.0,1891.0,10.0,0.0055,,,8.0,0.0
Iceland,2020-06-08,1807.0,4961.0,1794.0,10.0,0.0055,,,0.0,0.0
Iceland,2020-06-09,1807.0,4961.0,1794.0,10.0,0.0055,,,0.0,0.0
Iceland,2020-06-10,1807.0,4961.0,1794.0,10.0,0.0055,,,0.0,0.0
Iceland,2020-06-12,1807.0,4961.0,1794.0,10.0,0.0055,,,0.0,0.0
Iceland,2020-06-13,1807.0,4961.0,1794.0,10.0,0.0055,,,0.0,0.0
Iceland,2020-06-14,1808.0,4963.0,1794.0,10.0,0.0055,,,1.0,0.0
Iceland,2020-06-15,1808.0,4963.0,1794.0,10.0,0.0055,,,0.0,0.0
Iceland,2020-06-16,1810.0,4969.0,1796.0,10.0,0.0055,,,2.0,0.0
Iceland,2020-06-17,1812.0,4974.0,1796.0,10.0,0.0055,,,2.0,0.0
Iceland,2020-06-18,1815.0,4983.0,1797.0,10.0,0.0055,,,3.0,0.0
Iceland,2020-06-19,1816.0,4985.0,1801.0,10.0,0.0055,,,1.0,0.0
Iceland,2020-06-20,1819.0,4994.0,1801.0,10.0,0.0055,,,3.0,0.0
Iceland,2020-06-21,1822.0,5002.0,1805.0,10.0,0.0055,,,3.0,0.0
Iceland,2020-06-22,1823.0,5005.0,1805.0,10.0,0.0055,,,1.0,0.0
Iceland,2020-06-23,1823.0,5005.0,1805.0,10.0,0.0055,,,0.0,0.0
Iceland,2020-06-24,1824.0,5007.0,1806.0,10.0,0.0055,,,1.0,0.0
Iceland,2020-06-25,1824.0,5007.0,1806.0,10.0,0.0055,,,0.0,0.0
Iceland,2020-06-26,1830.0,5024.0,1811.0,10.0,0.0055,,,6.0,0.0
Iceland,2020-06-27,1830.0,5024.0,1811.0,10.0,0.0055,,,0.0,0.0
Iceland,2020-06-28,1830.0,5024.0,1811.0,10.0,0.0055,,,0.0,0.0
Iceland,2020-06-29,1838.0,5046.0,1816.0,10.0,0.0054,,,8.0,0.0
Iceland,2020-06-30,1840.0,5051.0,1818.0,10.0,0.0054,,,2.0,0.0
Iceland,2020-07-01,1840.0,5051.0,1818.0,10.0,0.0054,,,0.0,0.0
Iceland,2020-07-02,1847.0,5071.0,0.0,10.0,0.0054,,,7.0,0.0
Iceland,2020-07-03,1850.0,5079.0,0.0,10.0,0.0054,,,3.0,0.0
Iceland,2020-07-04,1855.0,5093.0,1832.0,10.0,0.0054,,,5.0,0.0
Iceland,2020-07-05,1860.0,5106.0,0.0,10.0,0.0054,,,5.0,0.0
Iceland,2020-07-06,1863.0,5114.0,1833.0,10.0,0.0054,,,3.0,0.0
Iceland,2020-07-07,1866.0,5123.0,1840.0,10.0,0.0054,,,3.0,0.0
Iceland,2020-07-09,1880.0,5161.0,1850.0,10.0,0.0053,,,14.0,0.0
Iceland,2020-07-10,1882.0,5167.0,0.0,10.0,0.0053,,,2.0,0.0
Iceland,2020-07-11,1886.0,5178.0,1859.0,10.0,0.0053,,,4.0,0.0
Iceland,2020-07-12,1886.0,5178.0,1859.0,10.0,0.0053,,,0.0,0.0
Iceland,2020-07-14,1900.0,5216.0,0.0,10.0,0.0053,,,14.0,0.0
Iceland,2020-07-15,1905.0,5230.0,0.0,10.0,0.0052,,,5.0,0.0
Iceland,2020-07-16,1911.0,5246.0,0.0,10.0,0.0052,,,6.0,0.0
Iceland,2020-07-18,1916.0,5260.0,0.0,10.0,0.0052,,,5.0,0.0
Iceland,2020-07-19,1922.0,5276.0,1902.0,10.0,0.0052,,,6.0,0.0
Iceland,2020-07-19,1922.0,5276.0,1902.0,10.0,0.0052,,,0.0,0.0
Iceland,2020-07-21,1922.0,5276.0,1902.0,10.0,0.0052,,,0.0,0.0
Iceland,2020-07-22,1922.0,5276.0,1902.0,10.0,0.0052,,,0.0,0.0
Iceland,2020-07-23,1922.0,5276.0,1902.0,10.0,0.0052,,,0.0,0.0
Iceland,2020-07-24,1841.0,5054.0,1823.0,10.0,0.0054,,,0.0,0.0
Iceland,2020-07-25,1843.0,5060.0,1823.0,10.0,0.0054,,,2.0,0.0
Iceland,2020-07-26,1844.0,5062.0,1823.0,10.0,0.0054,,,1.0,0.0
Iceland,2020-07-27,1847.0,5071.0,1823.0,10.0,0.0054,,,3.0,0.0
Iceland,2020-07-28,1854.0,5090.0,1823.0,10.0,0.0054,,,7.0,0.0
Iceland,2020-07-29,1857.0,5098.0,1823.0,10.0,0.0054,,,3.0,0.0
Iceland,2020-07-30,1861.0,5109.0,0.0,10.0,0.0054,,,4.0,0.0
Iceland,2020-07-31,1872.0,5139.0,0.0,10.0,0.0053,,,11.0,0.0
Iceland,2020-08-01,1885.0,5175.0,1825.0,10.0,0.0053,,,13.0,0.0
Iceland,2020-08-02,1893.0,5197.0,1825.0,10.0,0.0053,,,8.0,0.0
Iceland,2020-08-03,1907.0,5235.0,1825.0,10.0,0.0052,,,14.0,0.0
Iceland,2020-08-04,1915.0,5257.0,1825.0,10.0,0.0052,,,8.0,0.0
Iceland,2020-08-05,1918.0,5265.0,1825.0,10.0,0.0052,,,3.0,0.0
Iceland,2020-08-06,1926.0,5287.0,1825.0,10.0,0.0052,,,8.0,0.0
Iceland,2020-08-07,1932.0,5304.0,1825.0,10.0,0.0052,,,6.0,0.0
Iceland,2020-08-08,1952.0,5359.0,1833.0,10.0,0.0051,,,20.0,0.0
Iceland,2020-08-09,1955.0,5367.0,1833.0,10.0,0.0051,,,3.0,0.0
Iceland,2020-08-10,1958.0,5375.0,1834.0,10.0,0.0051,,,3.0,0.0
Iceland,2020-08-11,1962.0,5386.0,1838.0,10.0,0.0051,,,4.0,0.0
Iceland,2020-08-12,1968.0,5403.0,1844.0,10.0,0.0051,,,6.0,0.0
Iceland,2020-08-13,1972.0,5414.0,1847.0,10.0,0.0051,,,4.0,0.0
Iceland,2020-08-14,1978.0,5430.0,1852.0,10.0,0.0051,,,6.0,0.0
Iceland,2020-08-15,1983.0,5444.0,1861.0,10.0,0.005,,,5.0,0.0
Iceland,2020-08-16,1983.0,5444.0,1861.0,10.0,0.005,,,0.0,0.0
Iceland,2020-08-17,2011.0,5521.0,1880.0,10.0,0.005,,,28.0,0.0
Iceland,2020-08-18,2014.0,5529.0,1888.0,10.0,0.005,,,3.0,0.0
Iceland,2020-08-19,2027.0,5565.0,1895.0,10.0,0.0049,,,13.0,0.0
Iceland,2020-08-20,2035.0,5587.0,1903.0,10.0,0.0049,,,8.0,0.0
Iceland,2020-08-22,2050.0,5628.0,1920.0,10.0,0.0049,,,15.0,0.0
Iceland,2020-08-23,2058.0,5650.0,1895.0,10.0,0.0049,,,8.0,0.0
Iceland,2020-08-24,2064.0,5666.0,1939.0,10.0,0.0048,,,6.0,0.0
Iceland,2020-08-25,2073.0,5691.0,1946.0,10.0,0.0048,,,9.0,0.0
Iceland,2020-08-26,2077.0,5702.0,1953.0,10.0,0.0048,,,4.0,0.0
Iceland,2020-08-27,2082.0,5716.0,1957.0,10.0,0.0048,,,5.0,0.0
Iceland,2020-08-28,2087.0,5729.0,1964.0,10.0,0.0048,,,5.0,0.0
Iceland,2020-08-29,2092.0,5743.0,1964.0,10.0,0.0048,,,5.0,0.0
Iceland,2020-08-30,2100.0,5765.0,1979.0,10.0,0.0048,,,8.0,0.0
Iceland,2020-08-31,2105.0,5779.0,1990.0,10.0,0.0048,,,5.0,0.0
Iceland,2020-09-01,2107.0,5784.0,1997.0,10.0,0.0047,,,2.0,0.0
Iceland,2020-09-02,2116.0,5809.0,2007.0,10.0,0.0047,,,9.0,0.0
Iceland,2020-09-03,2121.0,5823.0,2016.0,10.0,0.0047,,,5.0,0.0
Iceland,2020-09-04,2128.0,5842.0,2023.0,10.0,0.0047,,,7.0,0.0
Iceland,2020-09-05,2135.0,5861.0,2029.0,10.0,0.0047,,,7.0,0.0
Iceland,2020-09-07,2141.0,5878.0,2050.0,10.0,0.0047,,,6.0,0.0
Iceland,2020-09-08,2143.0,5883.0,2057.0,10.0,0.0047,,,2.0,0.0
Iceland,2020-09-09,2143.0,5883.0,2057.0,10.0,0.0047,,,0.0,0.0
Iceland,2020-09-10,2150.0,5902.0,2060.0,10.0,0.0047,,,7.0,0.0
Iceland,2020-09-11,2157.0,5922.0,2072.0,10.0,0.0046,,,7.0,0.0
Iceland,2020-09-12,2161.0,5933.0,2079.0,10.0,0.0046,,,4.0,0.0
Iceland,2020-09-13,2161.0,5933.0,2079.0,10.0,0.0046,,,0.0,0.0
Iceland,2020-09-14,2162.0,5935.0,2085.0,10.0,0.0046,,,1.0,0.0
Iceland,2020-09-15,2168.0,5952.0,0.0,10.0,0.0046,,,6.0,0.0
Iceland,2020-09-16,2174.0,5968.0,2102.0,10.0,0.0046,,,6.0,0.0
Iceland,2020-09-17,2189.0,6009.0,2104.0,10.0,0.0046,,,15.0,0.0
Iceland,2020-09-18,2206.0,6056.0,2112.0,10.0,0.0045,,,17.0,0.0
Iceland,2020-09-20,2307.0,6333.0,2116.0,10.0,0.0043,,,101.0,0.0
Iceland,2020-09-21,2346.0,6440.0,2121.0,10.0,0.0043,,,39.0,0.0
Iceland,2020-09-22,2377.0,6526.0,2125.0,10.0,0.0042,,,31.0,0.0
Iceland,2020-09-23,2377.0,6526.0,2125.0,10.0,0.0042,,,0.0,0.0
Iceland,2020-09-24,2476.0,0.0,,10.0,0.004,6797.0,,99.0,0.0
Iceland,2020-09-25,2512.0,0.0,,10.0,0.004,6896.0,,36.0,0.0
Iceland,2020-09-26,2561.0,0.0,,10.0,0.0039,7031.0,,49.0,0.0
Iceland,2020-09-27,2601.0,0.0,,10.0,0.0038,7141.0,,40.0,0.0
Iceland,2020-09-28,2623.0,0.0,,10.0,0.0038,7201.0,,22.0,0.0
Iceland,2020-09-29,2663.0,0.0,,10.0,0.0038,7311.0,,40.0,0.0
Iceland,2020-09-30,2695.0,0.0,,10.0,0.0037,7399.0,,32.0,0.0
Iceland,2020-10-02,2769.0,0.0,,10.0,0.0036,7602.0,,74.0,0.0
Iceland,2020-10-03,2769.0,0.0,,10.0,0.0036,7602.0,,0.0,0.0
Iceland,2020-10-04,2809.0,0.0,,10.0,0.0036,7712.0,,40.0,0.0
Iceland,2020-10-05,2872.0,0.0,,10.0,0.0035,7884.0,,63.0,0.0
Iceland,2020-10-06,2921.0,0.0,,10.0,0.0034,8019.0,,49.0,0.0
Iceland,2020-10-08,3081.0,0.0,,10.0,0.0032,8458.0,,160.0,0.0
Iceland,2020-10-09,3172.0,0.0,,10.0,0.0032,8708.0,,91.0,0.0
Iceland,2020-10-10,3267.0,0.0,,10.0,0.0031,8969.0,,95.0,0.0
Iceland,2020-10-11,3373.0,0.0,,10.0,0.003,9260.0,,106.0,0.0
Iceland,2020-10-12,3460.0,0.0,,10.0,0.0029,9499.0,,87.0,0.0
Iceland,2020-10-13,3526.0,0.0,,10.0,0.0028,9680.0,,66.0,0.0
Iceland,2020-10-14,3582.0,0.0,,10.0,0.0028,9834.0,,56.0,0.0
Iceland,2020-10-15,3668.0,0.0,,10.0,0.0027,10070.0,,86.0,0.0
Iceland,2020-10-18,3929.0,0.0,,11.0,0.0028,10786.0,,261.0,1.0
Iceland,2020-10-19,3998.0,0.0,,11.0,0.0028,10976.0,,69.0,0.0
Iceland,2020-10-20,4055.0,0.0,,11.0,0.0027,11132.0,,57.0,0.0
Iceland,2020-10-22,4193.0,0.0,,11.0,0.0026,11511.0,,138.0,0.0
Iceland,2020-10-23,4230.0,0.0,,11.0,0.0026,11613.0,,37.0,0.0
Iceland,2020-10-24,4268.0,0.0,,11.0,0.0026,11717.0,,38.0,0.0
Iceland,2020-10-25,4308.0,0.0,,11.0,0.0026,11827.0,,40.0,0.0
Iceland,2020-10-26,4394.0,0.0,,11.0,0.0025,12063.0,,86.0,0.0
Iceland,2020-10-27,4448.0,0.0,,11.0,0.0025,12211.0,,54.0,0.0
Iceland,2020-10-28,4574.0,12557.0,,11.0,0.0024,,70.0,126.0,0.0
Iceland,2020-10-29,4574.0,12557.0,,11.0,0.0024,,70.0,0.0,0.0
Iceland,2020-10-30,4671.0,12823.0,,12.0,0.0026,,97.0,97.0,1.0
Iceland,2020-10-31,4719.0,12955.0,,12.0,0.0025,,48.0,48.0,0.0
Iceland,2020-11-01,4797.0,13169.0,,12.0,0.0025,,78.0,78.0,0.0
Iceland,2020-11-02,4865.0,13356.0,,12.0,0.0025,,68.0,68.0,0.0
Iceland,2020-11-03,4865.0,13356.0,,12.0,0.0025,,0.0,0.0,0.0
Iceland,2020-11-04,4931.0,13537.0,,12.0,0.0024,,41.0,66.0,0.0
Iceland,2020-11-05,4957.0,13608.0,,17.0,0.0034,,26.0,26.0,5.0
Iceland,2020-11-06,4989.0,13696.0,,17.0,0.0034,,32.0,32.0,0.0
Iceland,2020-11-07,5017.0,13773.0,,18.0,0.0036,,28.0,28.0,1.0
Iceland,2020-11-08,5039.0,13834.0,,18.0,0.0036,,22.0,22.0,0.0
Iceland,2020-11-09,5063.0,13899.0,,18.0,0.0036,,24.0,24.0,0.0
Iceland,2020-11-10,5078.0,13941.0,,20.0,0.0039,,15.0,15.0,2.0
Iceland,2020-11-11,5101.0,14004.0,,23.0,0.0045,,23.0,23.0,3.0
Iceland,2020-11-12,5114.0,14039.0,,24.0,0.0047,,13.0,13.0,1.0
Iceland,2020-11-13,5142.0,14116.0,,24.0,0.0047,,28.0,28.0,0.0
Iceland,2020-11-15,5170.0,14193.0,,25.0,0.0048,,10.0,28.0,1.0
Iceland,2020-11-16,5186.0,14237.0,,25.0,0.0048,,16.0,16.0,0.0
Iceland,2020-11-17,5189.0,14245.0,,25.0,0.0048,,3.0,3.0,0.0
Iceland,2020-11-18,5205.0,14289.0,,25.0,0.0048,,16.0,16.0,0.0
Iceland,2020-11-19,5215.0,14317.0,,25.0,0.0048,,10.0,10.0,0.0
Iceland,2020-11-20,5226.0,14347.0,,25.0,0.0048,,11.0,11.0,0.0
Iceland,2020-11-21,5231.0,14361.0,,25.0,0.0048,,5.0,5.0,0.0
Iceland,2020-11-22,5251.0,14416.0,,26.0,0.005,,20.0,20.0,1.0
Iceland,2020-11-23,5269.0,14465.0,,26.0,0.0049,,18.0,18.0,0.0
Iceland,2020-11-24,5277.0,14487.0,,26.0,0.0049,,8.0,8.0,0.0
Iceland,2020-11-25,5289.0,14520.0,,26.0,0.0049,,12.0,12.0,0.0
Iceland,2020-11-26,5298.0,14545.0,,26.0,0.0049,,9.0,9.0,0.0
Iceland,2020-11-27,5312.0,14583.0,,26.0,0.0049,,14.0,14.0,0.0
Iceland,2020-11-28,5323.0,14613.0,,26.0,0.0049,,11.0,11.0,0.0
Iceland,2020-11-29,5346.0,14676.0,,26.0,0.0049,,23.0,23.0,0.0
Iceland,2020-11-30,5371.0,14745.0,,26.0,0.0048,,25.0,25.0,0.0
Iceland,2020-12-01,5381.0,14772.0,,26.0,0.0048,,10.0,10.0,0.0
Iceland,2020-12-01,5381.0,14772.0,,26.0,0.0048,,10.0,0.0,0.0
Iceland,2020-12-02,5392.0,14803.0,,26.0,0.0048,,11.0,11.0,0.0
Iceland,2020-12-03,5413.0,14860.0,,27.0,0.005,,21.0,21.0,1.0
Iceland,2020-12-04,5413.0,14860.0,,27.0,0.005,,0.0,0.0,0.0
Iceland,2020-12-05,5448.0,14956.0,,27.0,0.005,,35.0,35.0,0.0
