Location,Date,Confirmed,Case_Per_1M_people,Recovered,Deaths,Mortality,Cases per 1 million people,NewCases,NewConfirmed,NewDeaths
Ireland,2020-03-31,2615,500.65,5.0,46,0.017590822,,,0,0
Ireland,2020-04-01,2910,557.13,5.0,54,0.01855670103092784,,,295,8
Ireland,2020-04-02,3447,659.94,5.0,85,0.02465912387583406,,,537,31
Ireland,2020-04-03,3849,736.91,10.0,98,0.025461158742530528,,,402,13
Ireland,2020-04-07,5364,1089.91,25.0,174,0.032438478747203583,,,1515,76
Ireland,2020-04-10,6574,1335.77,25.0,263,0.04000608457560085,,,1210,89
Ireland,2020-04-11,8089,1643.6,25.0,287,0.0354802818642601,,,1515,24
Ireland,2020-04-12,8928,1814.08,25.0,320,0.035842293906810034,,,839,33
Ireland,2020-04-14,10647,2163.36,0.0,365,0.034281957358880434,,,1719,45
Ireland,2020-04-17,13271,2696.54,77.0,486,0.036621204129304495,,,2624,121
Ireland,2020-04-18,13980,2840.6,0.0,530,0.03791130185979971,,,709,44
Ireland,2020-04-20,15251,3098.85,0.0,610,0.039997377221165815,,,1271,80
Ireland,2020-04-22,16040,3259.17,9233.0,730,0.04551122194513716,,,789,120
Ireland,2020-04-23,16671,3387.38,9233.0,769,0.046128006718253255,,,631,39
Ireland,2020-04-24,17607,3577.57,9233.0,794,0.04509570057363549,,,936,25
Ireland,2020-04-25,18184,3694.81,9233.0,1014,0.05576330840299164,,,577,220
Ireland,2020-04-26,18561,3771.41,9233.0,1063,0.05727062119497873,,,377,49
Ireland,2020-04-27,19262,3913.85,9233.0,1087,0.056432353857335686,,,701,24
Ireland,2020-04-28,19648,3992.28,9233.0,1102,0.0560871335504886,,,386,15
Ireland,2020-04-29,19877,4038.81,9233.0,1159,0.0583085978769432,,,229,57
Ireland,2020-04-30,19877,4038.81,9233.0,1159,0.0583085978769432,,,0,0
Ireland,2020-05-01,20612,4188.0,13386.0,1232,0.059771007180283324,,,735,73
Ireland,2020-05-02,20833,4233.0,13386.0,1265,0.060720971535544566,,,221,33
Ireland,2020-05-03,21176,4303.0,13386.0,1265,0.059737438609746875,,,343,0
Ireland,2020-05-04,21176,4303.0,13386.0,1265,0.059737438609746875,,,0,0
Ireland,2020-05-05,21772,4424.0,13386.0,1319,0.06058239941208893,,,596,54
Ireland,2020-05-06,21983,4467.0,13386.0,1339,0.06091070372560615,,,211,20
Ireland,2020-05-07,22248,4521.0,13386.0,1375,0.06180330816253146,,,265,36
Ireland,2020-05-08,22385,4548.0,13386.0,1403,0.06267589903953541,,,137,28
Ireland,2020-05-09,22541,4580.0,17110.0,1429,0.06339559025775254,,,156,26
Ireland,2020-05-10,22760,4625.0,17110.0,1446,0.06353251318101934,,,219,17
Ireland,2020-05-11,22996,4673.0,17110.0,1458,0.06340233084014611,,,236,12
Ireland,2020-05-12,23135,4701.0,17110.0,1467,0.06341041711692241,,,139,9
Ireland,2020-05-13,23242,4723.0,17110.0,1488,0.06402202908527665,,,107,21
Ireland,2020-05-15,23827,4841.0,19470.0,1506,0.06320560708440005,,,585,18
Ireland,2020-05-16,23956,4868.0,19470.0,1518,0.0633661713140758,,,129,12
Ireland,2020-05-17,24048,4886.0,19470.0,1533,0.06374750499001998,,,92,15
Ireland,2020-05-18,24112,4899.0,19470.0,1543,0.06399303251493033,,,64,10
Ireland,2020-05-19,24200,4917.0,19470.0,1547,0.06392561983471075,,,88,4
Ireland,2020-05-20,24251,4928.0,19470.0,1561,0.0643684796503237,,,51,14
Ireland,2020-05-21,24315,4941.0,19470.0,1571,0.06461032284597985,,,64,10
Ireland,2020-05-22,24391,4956.0,21060.0,1583,0.06490098806936985,,,76,12
Ireland,2020-05-23,24506,4979.0,21060.0,1592,0.06496368236350282,,,115,9
Ireland,2020-05-24,24582,4995.0,21060.0,1604,0.06525099666422586,,,76,12
Ireland,2020-05-25,24639,5006.0,21060.0,1608,0.06526238889565324,,,57,4
Ireland,2020-05-26,24698,5018.0,21060.0,1606,0.06502550813831079,,,59,0
Ireland,2020-05-27,24735,5026.0,21060.0,1615,0.06529209621993128,,,37,9
Ireland,2020-05-28,24803,5040.0,21060.0,1631,0.06575817441438536,,,68,16
Ireland,2020-05-29,24841,5047.0,22089.0,1639,0.06597963044965982,,,38,8
Ireland,2020-05-30,24876,5055.0,22089.0,1645,0.0661279948544782,,,35,6
Ireland,2020-05-31,24929,5065.0,22089.0,1651,0.06622808776926471,,,53,6
Ireland,2020-06-01,24990,5078.0,22089.0,1652,0.06610644257703081,,,61,1
Ireland,2020-06-02,25062,5092.0,22089.0,1650,0.06583672492219296,,,72,0
Ireland,2020-06-03,25066,5093.0,22089.0,1658,0.0661,,,4,8
Ireland,2020-06-04,25111,5102.0,22698.0,1659,0.0661,,,45,1
Ireland,2020-06-05,25142,5109.0,22698.0,1664,0.0662,,,31,5
Ireland,2020-06-06,25163,5113.0,22698.0,1670,0.0664,,,21,6
Ireland,2020-06-07,25183,5117.0,22698.0,1678,0.0666,,,20,8
Ireland,2020-06-08,25201,5121.0,22698.0,1679,0.0666,,,18,1
Ireland,2020-06-09,25207,5122.0,22698.0,1683,0.0668,,,6,4
Ireland,2020-06-10,25215,5123.0,22698.0,1691,0.0671,,,8,8
Ireland,2020-06-12,25238,5128.0,23213.0,1703,0.0675,,,23,12
Ireland,2020-06-13,25250,5131.0,23213.0,1705,0.0675,,,12,2
Ireland,2020-06-14,25295,5140.0,23213.0,1705,0.0674,,,45,0
Ireland,2020-06-15,25303,5141.0,23213.0,1706,0.0674,,,8,1
Ireland,2020-06-16,25321,5145.0,23213.0,1706,0.0674,,,18,0
Ireland,2020-06-17,25334,5148.0,23213.0,1709,0.0675,,,13,3
Ireland,2020-06-18,25341,5149.0,23308.0,1710,0.0675,,,7,1
Ireland,2020-06-19,25355,5152.0,23308.0,1714,0.0676,,,14,4
Ireland,2020-06-20,25368,5155.0,23308.0,1714,0.0676,,,13,0
Ireland,2020-06-21,25374,5156.0,23308.0,1715,0.0676,,,6,1
Ireland,2020-06-22,25379,5157.0,23308.0,1715,0.0676,,,5,0
Ireland,2020-06-23,25383,5158.0,23308.0,1717,0.0676,,,4,2
Ireland,2020-06-24,25391,5159.0,23308.0,1720,0.0677,,,8,3
Ireland,2020-06-25,25396,5160.0,23349.0,1726,0.068,,,5,6
Ireland,2020-06-26,25405,5162.0,23349.0,1727,0.068,,,9,1
Ireland,2020-06-27,25414,5164.0,23349.0,1730,0.0681,,,9,3
Ireland,2020-06-28,25437,5169.0,23349.0,1734,0.0682,,,23,4
Ireland,2020-06-29,25439,5169.0,23349.0,1735,0.0682,,,2,1
Ireland,2020-06-30,25462,5174.0,23349.0,1735,0.0681,,,23,0
Ireland,2020-07-01,25473,5176.0,23349.0,1736,0.0682,,,11,1
Ireland,2020-07-02,25477,5177.0,23349.0,1738,0.0682,,,4,2
Ireland,2020-07-03,25489,5179.0,23349.0,1738,0.0682,,,12,0
Ireland,2020-07-04,25498,5181.0,23349.0,1740,0.0682,,,9,2
Ireland,2020-07-05,25509,5183.0,23349.0,1741,0.0683,,,11,1
Ireland,2020-07-06,25527,5187.0,23349.0,1741,0.0682,,,18,0
Ireland,2020-07-07,25531,5188.0,23349.0,1741,0.0682,,,4,0
Ireland,2020-07-09,25542,5190.0,23349.0,1738,0.068,,,11,0
Ireland,2020-07-10,25565,5195.0,23349.0,1743,0.0682,,,23,5
Ireland,2020-07-11,25589,5199.0,23349.0,1744,0.0682,,,24,1
Ireland,2020-07-12,25611,5204.0,23349.0,1746,0.0682,,,22,2
Ireland,2020-07-14,25638,5209.0,23349.0,1746,0.0681,,,27,0
Ireland,2020-07-15,25670,5216.0,23364.0,1746,0.068,,,32,0
Ireland,2020-07-16,25683,5219.0,23364.0,1748,0.0681,,,13,2
Ireland,2020-07-18,25730,5228.0,23364.0,1752,0.0681,,,47,4
Ireland,2020-07-19,25750,5232.0,23364.0,1753,0.0681,,,20,1
Ireland,2020-07-19,25750,5232.0,23364.0,1753,0.0681,,,0,0
Ireland,2020-07-21,25766,5235.0,23364.0,1753,0.068,,,16,0
Ireland,2020-07-22,25802,5243.0,23364.0,1753,0.0679,,,36,0
Ireland,2020-07-23,25819,5246.0,23364.0,1754,0.0679,,,17,1
Ireland,2020-07-24,25826,5248.0,23364.0,1763,0.0683,,,7,9
Ireland,2020-07-25,25845,5251.0,23364.0,1763,0.0682,,,19,0
Ireland,2020-07-26,25869,5256.0,23364.0,1764,0.0682,,,24,1
Ireland,2020-07-27,25881,5259.0,23364.0,1764,0.0682,,,12,0
Ireland,2020-07-28,25892,5261.0,23364.0,1764,0.0681,,,11,0
Ireland,2020-07-29,25929,5269.0,23932.0,1764,0.068,,,37,0
Ireland,2020-07-30,25942,5271.0,23932.0,1764,0.068,,,13,0
Ireland,2020-07-31,26027,5288.0,24000.0,1763,0.0677,,,85,0
Ireland,2020-08-01,26065,5296.0,24000.0,1763,0.0676,,,38,0
Ireland,2020-08-02,26109,5305.0,24000.0,1763,0.0675,,,44,0
Ireland,2020-08-03,26162,5316.0,24000.0,1763,0.0674,,,53,0
Ireland,2020-08-04,26208,5325.0,24000.0,1763,0.0673,,,46,0
Ireland,2020-08-05,26253,5334.0,24000.0,1763,0.0672,,,45,0
Ireland,2020-08-06,26303,5345.0,24000.0,1763,0.067,,,50,0
Ireland,2020-08-07,26372,5359.0,24000.0,1768,0.067,,,69,5
Ireland,2020-08-08,26470,5378.0,24000.0,1772,0.0669,,,98,4
Ireland,2020-08-09,26644,5414.0,24000.0,1772,0.0665,,,174,0
Ireland,2020-08-10,26712,5428.0,24000.0,1772,0.0663,,,68,0
Ireland,2020-08-11,26768,5439.0,24000.0,1772,0.0662,,,56,0
Ireland,2020-08-12,26801,5446.0,24000.0,1773,0.0662,,,33,1
Ireland,2020-08-13,26838,5453.0,24000.0,1774,0.0661,,,37,1
Ireland,2020-08-14,26929,5472.0,24000.0,1774,0.0659,,,91,0
Ireland,2020-08-15,26995,5485.0,24000.0,1774,0.0657,,,66,0
Ireland,2020-08-16,27191,5525.0,24000.0,1774,0.0652,,,196,0
Ireland,2020-08-17,27257,5538.0,24000.0,1774,0.0651,,,66,0
Ireland,2020-08-18,27313,5550.0,24000.0,1774,0.065,,,56,0
Ireland,2020-08-19,27499,5588.0,24000.0,1775,0.0645,,,186,1
Ireland,2020-08-20,27547,5597.0,24000.0,1775,0.0644,,,48,0
Ireland,2020-08-22,27755,5640.0,24000.0,1776,0.064,,,208,1
Ireland,2020-08-23,27908,5671.0,24000.0,1777,0.0637,,,153,1
Ireland,2020-08-24,27969,5683.0,24000.0,1777,0.0635,,,61,0
Ireland,2020-08-25,28116,5713.0,24000.0,1777,0.0632,,,147,0
Ireland,2020-08-26,28201,5730.0,24000.0,1777,0.063,,,85,0
Ireland,2020-08-27,28363,5763.0,24000.0,1777,0.0627,,,162,0
Ireland,2020-08-28,28453,5781.0,24000.0,1777,0.0625,,,90,0
Ireland,2020-08-29,28578,5807.0,24000.0,1777,0.0622,,,125,0
Ireland,2020-08-30,28720,5836.0,24000.0,1777,0.0619,,,142,0
Ireland,2020-08-31,28760,5844.0,24000.0,1777,0.0618,,,40,0
Ireland,2020-09-01,28811,5854.0,24000.0,1777,0.0617,,,51,0
Ireland,2020-09-02,29025,5898.0,24000.0,1777,0.0612,,,214,0
Ireland,2020-09-03,29114,5916.0,24000.0,1777,0.061,,,89,0
Ireland,2020-09-04,29206,5934.0,24000.0,1777,0.0608,,,92,0
Ireland,2020-09-05,29303,5954.0,24000.0,1777,0.0606,,,97,0
Ireland,2020-09-07,29672,6029.0,24000.0,1777,0.0599,,,369,0
Ireland,2020-09-08,29774,6050.0,24000.0,1777,0.0597,,,102,0
Ireland,2020-09-09,30080,6112.0,24000.0,1778,0.0591,,,306,1
Ireland,2020-09-10,30164,6129.0,24000.0,1781,0.059000000000000004,,,84,3
Ireland,2020-09-11,30360,6169.0,24000.0,1781,0.0587,,,196,0
Ireland,2020-09-12,30571,6212.0,24000.0,1781,0.0583,,,211,0
Ireland,2020-09-13,30730,6244.0,24000.0,1783,0.057999999999999996,,,159,2
Ireland,2020-09-14,30985,6296.0,24000.0,1784,0.0576,,,255,1
Ireland,2020-09-15,31192,6338.0,24000.0,1784,0.0572,,,207,0
Ireland,2020-09-16,31549,6410.0,24000.0,1787,0.0566,,,357,3
Ireland,2020-09-17,31799,6461.0,24000.0,1788,0.0562,,,250,1
Ireland,2020-09-18,32023,6507.0,24000.0,1789,0.0559,,,224,1
Ireland,2020-09-20,32538,6611.0,24000.0,1792,0.0551,,,515,3
Ireland,2020-09-21,32933,6692.0,24000.0,1792,0.0544,,,395,0
Ireland,2020-09-22,33121,6730.0,24000.0,1792,0.0541,,,188,0
Ireland,2020-09-23,33444,6795.0,24000.0,1792,0.0536,,,323,0
Ireland,2020-09-24,33675,0.0,,1794,0.0533,6842.0,,231,2
Ireland,2020-09-25,33994,0.0,,1797,0.0529,6907.0,,319,3
Ireland,2020-09-26,34315,0.0,,1797,0.0524,6972.0,,321,0
Ireland,2020-09-27,34560,0.0,,1802,0.0521,7022.0,,245,5
Ireland,2020-09-28,34990,0.0,,1802,0.0515,7110.0,,430,0
Ireland,2020-09-29,35377,0.0,,1802,0.0509,7188.0,,387,0
Ireland,2020-09-30,35740,0.0,,1803,0.0504,7262.0,,363,1
Ireland,2020-10-02,36597,0.0,,1806,0.0493,7436.0,,857,3
Ireland,2020-10-03,36597,0.0,,1806,0.0493,7436.0,,0,0
Ireland,2020-10-04,37063,0.0,,1801,0.0486,7531.0,,466,0
Ireland,2020-10-05,37668,0.0,,1810,0.0481,7654.0,,605,9
Ireland,2020-10-06,38032,0.0,,1810,0.0476,7728.0,,364,0
Ireland,2020-10-08,38973,0.0,,1811,0.0465,7919.0,,941,1
Ireland,2020-10-09,39584,0.0,,1816,0.0459,8043.0,,611,5
Ireland,2020-10-10,40086,0.0,,1817,0.0453,8145.0,,502,1
Ireland,2020-10-11,40703,0.0,,1821,0.0447,8270.0,,617,4
Ireland,2020-10-12,41714,0.0,,1824,0.0437,8476.0,,1011,3
Ireland,2020-10-13,42528,0.0,,1826,0.0429,8641.0,,814,2
Ireland,2020-10-14,43351,0.0,,1827,0.0421,8808.0,,823,1
Ireland,2020-10-15,44159,0.0,,1830,0.0414,8973.0,,808,3
Ireland,2020-10-18,47427,0.0,,1841,0.0388,9637.0,,3268,11
Ireland,2020-10-19,48678,0.0,,1849,0.038,9891.0,,1251,8
Ireland,2020-10-20,49962,0.0,,1852,0.0371,10152.0,,1284,3
Ireland,2020-10-22,52256,0.0,,1865,0.0357,10618.0,,2294,13
Ireland,2020-10-23,53422,0.0,,1868,0.035,10855.0,,1166,3
Ireland,2020-10-24,54476,0.0,,1871,0.0343,11069.0,,1054,3
Ireland,2020-10-25,55261,0.0,,1878,0.034,11228.0,,785,7
Ireland,2020-10-26,56108,0.0,,1882,0.0335,11401.0,,847,4
Ireland,2020-10-27,57128,0.0,,1882,0.0329,11608.0,,1020,0
Ireland,2020-10-28,58767,11941.0,,1890,0.0322,,700.0,1639,8
Ireland,2020-10-29,58767,11941.0,,1890,0.0322,,700.0,0,0
Ireland,2020-10-30,59434,12076.0,,1896,0.0319,,667.0,667,6
Ireland,2020-10-31,60297,12252.0,,1902,0.0315,,863.0,863,6
Ireland,2020-11-01,61059,12407.0,,1908,0.0312,,762.0,762,6
Ireland,2020-11-02,61456,12487.0,,1913,0.0311,,397.0,397,5
Ireland,2020-11-03,62002,12598.0,,1915,0.0309,,546.0,546,2
Ireland,2020-11-04,62750,12750.0,,1917,0.0305,,748.0,748,2
Ireland,2020-11-05,63048,12811.0,,1922,0.0305,,298.0,298,5
Ireland,2020-11-06,63483,12899.0,,1930,0.0304,,435.0,435,8
Ireland,2020-11-07,64046,13014.0,,1933,0.0302,,563.0,563,3
Ireland,2020-11-08,64538,13113.0,,1940,0.0301,,492.0,492,7
Ireland,2020-11-09,64855,13178.0,,1945,0.03,,317.0,317,5
Ireland,2020-11-10,65394,13287.0,,1947,0.0298,,539.0,539,2
Ireland,2020-11-11,65659,13341.0,,1948,0.0297,,265.0,265,1
Ireland,2020-11-12,65889,13388.0,,1963,0.0298,,230.0,230,15
Ireland,2020-11-13,66247,13461.0,,1965,0.0297,,358.0,358,2
Ireland,2020-11-15,67099,13634.0,,1972,0.0294,,467.0,852,7
Ireland,2020-11-16,67526,13721.0,,1978,0.0293,,427.0,427,6
Ireland,2020-11-17,67903,13797.0,,1979,0.0291,,377.0,377,1
Ireland,2020-11-18,68356,13889.0,,1984,0.028999999999999998,,453.0,453,5
Ireland,2020-11-19,68686,13956.0,,1995,0.028999999999999998,,330.0,330,11
Ireland,2020-11-20,69058,14032.0,,2006,0.028999999999999998,,372.0,372,11
Ireland,2020-11-21,69473,14116.0,,2010,0.0289,,415.0,415,4
Ireland,2020-11-22,69802,14183.0,,2018,0.0289,,329.0,329,8
Ireland,2020-11-23,70143,14252.0,,2022,0.0288,,341.0,341,4
Ireland,2020-11-24,70461,14317.0,,2023,0.0287,,318.0,318,1
Ireland,2020-11-25,70711,14368.0,,2023,0.0286,,250.0,250,0
Ireland,2020-11-26,70930,14412.0,,2028,0.0286,,219.0,219,5
Ireland,2020-11-27,71187,14464.0,,2033,0.0286,,257.0,257,5
