Location,Date,Confirmed,Case_Per_1M_people,Recovered,Deaths,Mortality,Cases per 1 million people,NewConfirmed,NewDeaths
Jersey,2020-03-31,81.0,790.9,0.0,2.0,0.024691357999999997,,0.0,0.0
Jersey,2020-04-01,81.0,790.9,0.0,2.0,0.02469135802469136,,0.0,0.0
Jersey,2020-04-02,81.0,790.9,0.0,2.0,0.02469135802469136,,0.0,0.0
Jersey,2020-04-03,96.0,937.36,0.0,2.0,0.02083333333333333,,15.0,0.0
Jersey,2020-04-07,155.0,1451.31,0.0,3.0,0.01935483870967742,,59.0,1.0
Jersey,2020-04-10,170.0,1591.76,0.0,3.0,0.017647058823529408,,15.0,0.0
Jersey,2020-04-11,198.0,1853.93,0.0,3.0,0.015151515151515154,,28.0,0.0
Jersey,2020-04-12,198.0,1853.93,0.0,3.0,0.015151515151515154,,0.0,0.0
Jersey,2020-04-14,213.0,1994.38,0.0,3.0,0.014084507042253518,,15.0,0.0
Jersey,2020-04-17,223.0,2088.01,0.0,10.0,0.044843049327354265,,10.0,7.0
Jersey,2020-04-18,223.0,2088.01,0.0,10.0,0.044843049327354265,,0.0,0.0
Jersey,2020-04-20,245.0,2294.01,0.0,12.0,0.048979591836734684,,22.0,2.0
Jersey,2020-04-22,255.0,2387.64,133.0,14.0,0.054901960784313725,,10.0,2.0
Jersey,2020-04-23,255.0,2387.64,133.0,14.0,0.054901960784313725,,0.0,0.0
Jersey,2020-04-24,276.0,2584.27,161.0,19.0,0.06884057971014493,,21.0,5.0
Jersey,2020-04-25,278.0,2603.0,165.0,19.0,0.0683453237410072,,2.0,0.0
Jersey,2020-04-26,280.0,2621.72,165.0,19.0,0.06785714285714285,,2.0,0.0
Jersey,2020-04-27,281.0,2631.09,170.0,19.0,0.06761565836298933,,1.0,0.0
Jersey,2020-04-28,281.0,2631.09,170.0,19.0,0.06761565836298933,,0.0,0.0
Jersey,2020-04-29,284.0,2659.18,185.0,20.0,0.07042253521126761,,3.0,1.0
Jersey,2020-04-30,284.0,2659.18,185.0,20.0,0.07042253521126761,,0.0,0.0
Jersey,2020-05-01,286.0,2678.0,197.0,23.0,0.08041958041958043,,2.0,3.0
Jersey,2020-05-02,290.0,2715.0,197.0,23.0,0.07931034482758621,,4.0,0.0
Jersey,2020-05-03,290.0,2715.0,197.0,23.0,0.07931034482758621,,0.0,0.0
Jersey,2020-05-04,290.0,2715.0,197.0,23.0,0.07931034482758621,,0.0,0.0
Jersey,2020-05-05,291.0,2725.0,197.0,24.0,0.08247422680412371,,1.0,1.0
Jersey,2020-05-06,293.0,2743.0,207.0,24.0,0.08191126279863481,,2.0,0.0
Jersey,2020-05-07,293.0,2743.0,207.0,24.0,0.08191126279863481,,0.0,0.0
Jersey,2020-05-08,293.0,2743.0,207.0,25.0,0.08532423208191127,,0.0,1.0
Jersey,2020-05-09,293.0,2743.0,207.0,25.0,0.08532423208191127,,0.0,0.0
Jersey,2020-05-10,293.0,2743.0,225.0,25.0,0.08532423208191127,,0.0,0.0
Jersey,2020-05-11,294.0,2753.0,226.0,25.0,0.08503401360544217,,1.0,0.0
Jersey,2020-05-12,294.0,2753.0,226.0,25.0,0.08503401360544217,,0.0,0.0
Jersey,2020-05-13,295.0,2762.0,226.0,26.0,0.08813559322033898,,1.0,1.0
Jersey,2020-05-15,297.0,2781.0,226.0,27.0,0.09090909090909093,,2.0,1.0
Jersey,2020-05-16,297.0,2781.0,226.0,27.0,0.09090909090909093,,0.0,0.0
Jersey,2020-05-17,297.0,2781.0,226.0,27.0,0.09090909090909093,,0.0,0.0
Jersey,2020-05-18,302.0,2828.0,226.0,27.0,0.08940397350993377,,5.0,0.0
Jersey,2020-05-19,303.0,2837.0,243.0,27.0,0.0891089108910891,,1.0,0.0
Jersey,2020-05-20,303.0,2837.0,285.0,28.0,0.0924092409240924,,0.0,1.0
,2020-05-21,,,,,,,,
Jersey,2020-05-22,306.0,2865.0,272.0,29.0,0.09477124183006536,,,
Jersey,2020-05-23,306.0,2865.0,272.0,29.0,0.09477124183006536,,0.0,0.0
Jersey,2020-05-24,306.0,2865.0,279.0,29.0,0.09477124183006536,,0.0,0.0
Jersey,2020-05-25,306.0,2865.0,280.0,29.0,0.09477124183006536,,0.0,0.0
Jersey,2020-05-26,307.0,2875.0,280.0,29.0,0.09446254071661238,,1.0,0.0
Jersey,2020-05-27,307.0,2875.0,280.0,29.0,0.09446254071661238,,0.0,0.0
Jersey,2020-05-28,308.0,2884.0,284.0,29.0,0.09415584415584416,,1.0,0.0
Jersey,2020-05-29,308.0,2884.0,287.0,29.0,0.09415584415584416,,0.0,0.0
Jersey,2020-05-30,308.0,2884.0,287.0,29.0,0.09415584415584416,,0.0,0.0
Jersey,2020-05-31,308.0,2884.0,287.0,29.0,0.09415584415584416,,0.0,0.0
Jersey,2020-06-01,308.0,2884.0,287.0,29.0,0.09415584415584416,,0.0,0.0
Jersey,2020-06-02,308.0,2884.0,290.0,29.0,0.09415584415584416,,0.0,0.0
Jersey,2020-06-03,308.0,2884.0,290.0,29.0,0.0942,,0.0,0.0
Jersey,2020-06-04,309.0,2893.0,290.0,30.0,0.0971,,1.0,1.0
Jersey,2020-06-05,309.0,2893.0,290.0,30.0,0.0971,,0.0,0.0
Jersey,2020-06-06,309.0,2893.0,290.0,30.0,0.0971,,0.0,0.0
Jersey,2020-06-07,309.0,2893.0,290.0,30.0,0.0971,,0.0,0.0
Jersey,2020-06-08,311.0,2912.0,290.0,30.0,0.0965,,2.0,0.0
Jersey,2020-06-09,312.0,2921.0,290.0,30.0,0.0962,,1.0,0.0
Jersey,2020-06-10,312.0,2921.0,290.0,30.0,0.0962,,0.0,0.0
Jersey,2020-06-12,313.0,2931.0,292.0,30.0,0.0958,,1.0,0.0
Jersey,2020-06-13,313.0,2931.0,292.0,30.0,0.0958,,0.0,0.0
Jersey,2020-06-14,313.0,2931.0,292.0,30.0,0.0958,,0.0,0.0
Jersey,2020-06-15,313.0,2931.0,292.0,30.0,0.0958,,0.0,0.0
Jersey,2020-06-16,313.0,2931.0,292.0,30.0,0.0958,,0.0,0.0
Jersey,2020-06-17,316.0,2959.0,296.0,30.0,0.0949,,3.0,0.0
Jersey,2020-06-18,318.0,2978.0,296.0,30.0,0.0943,,2.0,0.0
Jersey,2020-06-19,318.0,2978.0,296.0,30.0,0.0943,,0.0,0.0
Jersey,2020-06-20,318.0,2978.0,297.0,31.0,0.0975,,0.0,1.0
Jersey,2020-06-21,318.0,2978.0,297.0,31.0,0.0975,,0.0,0.0
Jersey,2020-06-22,318.0,2978.0,297.0,31.0,0.0975,,0.0,0.0
Jersey,2020-06-23,318.0,2978.0,297.0,31.0,0.0975,,0.0,0.0
Jersey,2020-06-24,318.0,2978.0,297.0,31.0,0.0975,,0.0,0.0
Jersey,2020-06-25,318.0,2978.0,297.0,31.0,0.0975,,0.0,0.0
Jersey,2020-06-26,318.0,2978.0,297.0,31.0,0.0975,,0.0,0.0
Jersey,2020-06-27,319.0,2987.0,298.0,31.0,0.0972,,1.0,0.0
Jersey,2020-06-28,319.0,2987.0,298.0,31.0,0.0972,,0.0,0.0
Jersey,2020-06-29,319.0,2987.0,298.0,31.0,0.0972,,0.0,0.0
Jersey,2020-06-30,319.0,2987.0,301.0,31.0,0.0972,,0.0,0.0
Jersey,2020-07-01,319.0,2987.0,301.0,31.0,0.0972,,0.0,0.0
Jersey,2020-07-02,319.0,2987.0,301.0,31.0,0.0972,,0.0,0.0
Jersey,2020-07-03,320.0,2996.0,0.0,31.0,0.0969,,1.0,0.0
Jersey,2020-07-04,320.0,2996.0,0.0,31.0,0.0969,,0.0,0.0
Jersey,2020-07-05,320.0,2996.0,0.0,31.0,0.0969,,0.0,0.0
Jersey,2020-07-06,320.0,2996.0,0.0,31.0,0.0969,,0.0,0.0
Jersey,2020-07-07,325.0,3043.0,303.0,15.0,0.0462,,5.0,0.0
Jersey,2020-07-09,325.0,3043.0,303.0,15.0,0.0462,,0.0,0.0
Jersey,2020-07-10,325.0,3043.0,303.0,15.0,0.0462,,0.0,0.0
Jersey,2020-07-11,325.0,3043.0,304.0,15.0,0.0462,,0.0,0.0
Jersey,2020-07-12,325.0,3043.0,304.0,15.0,0.0462,,0.0,0.0
Jersey,2020-07-13,325.0,3043.0,304.0,15.0,0.0462,,0.0,0.0
Jersey,2020-07-14,329.0,3081.0,0.0,31.0,0.0942,,4.0,16.0
Jersey,2020-07-15,329.0,3081.0,0.0,31.0,0.0942,,0.0,0.0
Jersey,2020-07-16,329.0,3081.0,0.0,31.0,0.0942,,0.0,0.0
Jersey,2020-07-18,331.0,3099.0,0.0,31.0,0.0937,,2.0,0.0
Jersey,2020-07-19,331.0,3099.0,0.0,31.0,0.0937,,0.0,0.0
Jersey,2020-07-19,331.0,3099.0,0.0,31.0,0.0937,,0.0,0.0
Jersey,2020-07-21,331.0,3099.0,0.0,31.0,0.0937,,0.0,0.0
Jersey,2020-07-22,331.0,3099.0,310.0,31.0,0.0937,,0.0,0.0
Jersey,2020-07-23,331.0,3099.0,312.0,15.0,0.0453,,0.0,0.0
Jersey,2020-07-24,331.0,3099.0,312.0,15.0,0.0453,,0.0,0.0
Jersey,2020-07-25,332.0,3109.0,314.0,15.0,0.0452,,1.0,0.0
Jersey,2020-07-26,332.0,3109.0,314.0,15.0,0.0452,,0.0,0.0
Jersey,2020-07-27,332.0,3109.0,314.0,15.0,0.0452,,0.0,0.0
Jersey,2020-07-28,334.0,3127.0,314.0,15.0,0.0449,,2.0,0.0
Jersey,2020-07-29,335.0,3137.0,314.0,15.0,0.0448,,1.0,0.0
Jersey,2020-07-30,335.0,3137.0,314.0,15.0,0.0448,,0.0,0.0
Jersey,2020-07-31,335.0,3137.0,314.0,15.0,0.0448,,0.0,0.0
Jersey,2020-08-01,335.0,3137.0,315.0,15.0,0.0448,,0.0,0.0
Jersey,2020-08-02,335.0,3137.0,315.0,15.0,0.0448,,0.0,0.0
Jersey,2020-08-03,335.0,3137.0,315.0,15.0,0.0448,,0.0,0.0
Jersey,2020-08-04,339.0,3174.0,317.0,15.0,0.0442,,4.0,0.0
Jersey,2020-08-05,339.0,3174.0,317.0,15.0,0.0442,,0.0,0.0
Jersey,2020-08-06,344.0,3221.0,321.0,15.0,0.0436,,5.0,0.0
Jersey,2020-08-07,345.0,3230.0,321.0,15.0,0.0435,,1.0,0.0
Jersey,2020-08-08,345.0,3230.0,321.0,15.0,0.0435,,0.0,0.0
Jersey,2020-08-09,345.0,3230.0,322.0,15.0,0.0435,,0.0,0.0
Jersey,2020-08-10,345.0,3230.0,322.0,15.0,0.0435,,0.0,0.0
Jersey,2020-08-11,347.0,3249.0,324.0,15.0,0.0432,,2.0,0.0
Jersey,2020-08-12,347.0,3249.0,324.0,15.0,0.0432,,0.0,0.0
Jersey,2020-08-13,351.0,3287.0,324.0,15.0,0.0427,,4.0,0.0
Jersey,2020-08-14,351.0,3287.0,324.0,15.0,0.0427,,0.0,0.0
Jersey,2020-08-15,355.0,3324.0,324.0,15.0,0.0423,,4.0,0.0
Jersey,2020-08-16,355.0,3324.0,324.0,15.0,0.0423,,0.0,0.0
Jersey,2020-08-17,355.0,3324.0,324.0,15.0,0.0423,,0.0,0.0
Jersey,2020-08-18,357.0,3343.0,328.0,16.0,0.0448,,2.0,1.0
Jersey,2020-08-19,358.0,3352.0,328.0,15.0,0.0419,,1.0,0.0
Jersey,2020-08-20,361.0,3380.0,329.0,16.0,0.0443,,3.0,1.0
Jersey,2020-08-22,363.0,3399.0,332.0,16.0,0.0441,,2.0,0.0
Jersey,2020-08-23,363.0,3399.0,332.0,16.0,0.0441,,0.0,0.0
Jersey,2020-08-24,363.0,3399.0,332.0,16.0,0.0441,,0.0,0.0
Jersey,2020-08-25,364.0,3408.0,339.0,16.0,0.044000000000000004,,1.0,0.0
Jersey,2020-08-26,368.0,3446.0,341.0,16.0,0.0435,,4.0,0.0
Jersey,2020-08-27,371.0,3474.0,343.0,16.0,0.0431,,3.0,0.0
Jersey,2020-08-28,372.0,3483.0,344.0,16.0,0.043,,1.0,0.0
Jersey,2020-08-29,373.0,3493.0,344.0,16.0,0.0429,,1.0,0.0
Jersey,2020-08-30,373.0,3493.0,344.0,16.0,0.0429,,0.0,0.0
Jersey,2020-08-31,373.0,3493.0,344.0,16.0,0.0429,,0.0,0.0
Jersey,2020-09-01,373.0,3493.0,344.0,16.0,0.0429,,0.0,0.0
Jersey,2020-09-02,378.0,3539.0,344.0,32.0,0.0847,,5.0,16.0
Jersey,2020-09-03,381.0,3567.0,349.0,16.0,0.042,,3.0,0.0
Jersey,2020-09-04,381.0,3567.0,349.0,16.0,0.042,,0.0,0.0
Jersey,2020-09-05,381.0,3567.0,349.0,16.0,0.042,,0.0,0.0
Jersey,2020-09-07,374.0,3502.0,344.0,16.0,0.0428,,0.0,0.0
Jersey,2020-09-08,374.0,3502.0,344.0,16.0,0.0428,,0.0,0.0
Jersey,2020-09-09,374.0,3502.0,344.0,16.0,0.0428,,0.0,0.0
Jersey,2020-09-10,374.0,3502.0,344.0,16.0,0.0428,,0.0,0.0
Jersey,2020-09-11,378.0,3539.0,351.0,16.0,0.0423,,4.0,0.0
Jersey,2020-09-12,380.0,3558.0,353.0,16.0,0.0421,,2.0,0.0
Jersey,2020-09-13,380.0,3558.0,353.0,16.0,0.0421,,0.0,0.0
Jersey,2020-09-14,380.0,3558.0,353.0,16.0,0.0421,,0.0,0.0
Jersey,2020-09-15,386.0,3614.0,357.0,16.0,0.0415,,6.0,0.0
Jersey,2020-09-16,386.0,3614.0,357.0,16.0,0.0415,,0.0,0.0
Jersey,2020-09-17,389.0,3642.0,358.0,16.0,0.0411,,3.0,0.0
Jersey,2020-09-18,391.0,3661.0,358.0,32.0,0.0818,,2.0,16.0
Jersey,2020-09-20,393.0,3680.0,358.0,32.0,0.0814,,2.0,0.0
Jersey,2020-09-21,393.0,3680.0,358.0,32.0,0.0814,,0.0,0.0
Jersey,2020-09-22,396.0,3708.0,361.0,16.0,0.0404,,3.0,0.0
Jersey,2020-09-23,398.0,3727.0,361.0,32.0,0.0804,,2.0,16.0
Jersey,2020-09-24,399.0,0.0,,16.0,0.0401,3736.0,1.0,0.0
Jersey,2020-09-25,399.0,0.0,,16.0,0.0401,3736.0,0.0,0.0
Jersey,2020-09-26,400.0,0.0,,16.0,0.04,3745.0,1.0,0.0
Jersey,2020-09-27,400.0,0.0,,32.0,0.08,3745.0,0.0,16.0
Jersey,2020-09-28,400.0,0.0,,32.0,0.08,3745.0,0.0,0.0
Jersey,2020-09-29,408.0,0.0,,32.0,0.0784,3820.0,8.0,0.0
Jersey,2020-09-30,409.0,0.0,,16.0,0.0391,3830.0,1.0,0.0
Jersey,2020-10-02,419.0,0.0,,32.0,0.0764,3923.0,10.0,16.0
