Location,Date,Confirmed,Case_Per_1M_people,Recovered,Deaths,Mortality,Cases per 1 million people,NewCases,NewConfirmed,NewDeaths
Kazakhstan,2020-03-31,325.0,16.71,21.0,1.0,0.003076923,,,0.0,0.0
Kazakhstan,2020-04-01,336.0,17.27,22.0,2.0,0.005952380952380952,,,11.0,1.0
Kazakhstan,2020-04-02,386.0,19.84,26.0,3.0,0.007772020725388602,,,50.0,1.0
Kazakhstan,2020-04-03,423.0,21.75,27.0,3.0,0.007092198581560284,,,37.0,0.0
Kazakhstan,2020-04-07,662.0,35.45,46.0,6.0,0.00906344410876133,,,239.0,3.0
Kazakhstan,2020-04-10,781.0,41.82,60.0,8.0,0.010243277848911651,,,119.0,2.0
Kazakhstan,2020-04-11,812.0,43.48,64.0,10.0,0.012315270935960592,,,31.0,2.0
Kazakhstan,2020-04-12,865.0,46.32,81.0,10.0,0.011560693641618495,,,53.0,0.0
Kazakhstan,2020-04-14,1091.0,58.42,138.0,12.0,0.010999083409715857,,,226.0,2.0
Kazakhstan,2020-04-17,1402.0,75.08,277.0,17.0,0.012125534950071327,,,311.0,5.0
Kazakhstan,2020-04-18,1593.0,85.3,361.0,17.0,0.010671688637790331,,,191.0,0.0
Kazakhstan,2020-04-20,1676.0,89.75,401.0,17.0,0.010143198090692123,,,83.0,0.0
Kazakhstan,2020-04-22,1995.0,106.83,489.0,19.0,0.009523809523809523,,,319.0,2.0
Kazakhstan,2020-04-23,2135.0,114.33,515.0,19.0,0.008899297423887589,,,140.0,0.0
Kazakhstan,2020-04-24,2334.0,124.98,568.0,22.0,0.009425878320479864,,,199.0,3.0
Kazakhstan,2020-04-25,2416.0,129.37,604.0,25.0,0.0103476821192053,,,82.0,3.0
Kazakhstan,2020-04-26,2601.0,139.28,646.0,25.0,0.009611687812379852,,,185.0,0.0
Kazakhstan,2020-04-27,2717.0,145.49,682.0,25.0,0.009201324990798673,,,116.0,0.0
Kazakhstan,2020-04-28,2835.0,151.81,725.0,25.0,0.008818342151675485,,,118.0,0.0
Kazakhstan,2020-04-29,3027.0,162.09,774.0,25.0,0.008259002312520648,,,192.0,0.0
Kazakhstan,2020-04-30,3027.0,162.09,774.0,25.0,0.008259002312520648,,,0.0,0.0
Kazakhstan,2020-05-01,3402.0,182.0,866.0,25.0,0.007348618459729571,,,375.0,0.0
Kazakhstan,2020-05-02,3597.0,193.0,922.0,25.0,0.006950236308034472,,,195.0,0.0
Kazakhstan,2020-05-03,3857.0,207.0,995.0,25.0,0.006481721545242417,,,260.0,0.0
Kazakhstan,2020-05-04,3877.0,208.0,995.0,25.0,0.006448284756254836,,,20.0,0.0
Kazakhstan,2020-05-05,4121.0,221.0,1173.0,29.0,0.007037126910943946,,,244.0,4.0
Kazakhstan,2020-05-06,4205.0,225.0,1279.0,29.0,0.006896551724137931,,,84.0,0.0
Kazakhstan,2020-05-07,4422.0,237.0,1408.0,30.0,0.0067842605156038,,,217.0,1.0
Kazakhstan,2020-05-08,4578.0,245.0,1518.0,30.0,0.00655307994757536,,,156.0,0.0
Kazakhstan,2020-05-09,4834.0,259.0,1631.0,31.0,0.006412908564335954,,,256.0,1.0
Kazakhstan,2020-05-10,5056.0,271.0,1828.0,31.0,0.00613132911392405,,,222.0,0.0
Kazakhstan,2020-05-11,5126.0,274.0,1941.0,31.0,0.006047600468201328,,,70.0,0.0
Kazakhstan,2020-05-12,5279.0,283.0,2108.0,32.0,0.006061754120098503,,,153.0,1.0
Kazakhstan,2020-05-13,5417.0,290.0,2223.0,32.0,0.005907328779767399,,,138.0,0.0
Kazakhstan,2020-05-15,5571.0,298.0,2531.0,32.0,0.005744031592173757,,,154.0,0.0
Kazakhstan,2020-05-16,5689.0,305.0,2558.0,34.0,0.005976445772543504,,,118.0,2.0
Kazakhstan,2020-05-17,5850.0,313.0,2980.0,34.0,0.005811965811965812,,,161.0,0.0
Kazakhstan,2020-05-18,6157.0,330.0,3256.0,34.0,0.0055221698879324346,,,307.0,0.0
Kazakhstan,2020-05-19,6440.0,345.0,3469.0,35.0,0.005434782608695652,,,283.0,1.0
Kazakhstan,2020-05-20,6751.0,362.0,3598.0,35.0,0.005184417123389127,,,311.0,0.0
,2020-05-21,,,,,,,,,
Kazakhstan,2020-05-22,7597.0,407.0,3885.0,35.0,0.004607081742793208,,,,
Kazakhstan,2020-05-23,7597.0,407.0,4096.0,35.0,0.004607081742793208,,,0.0,0.0
Kazakhstan,2020-05-24,7919.0,424.0,4214.0,35.0,0.004419749968430357,,,322.0,0.0
Kazakhstan,2020-05-25,8322.0,446.0,4352.0,35.0,0.004205719778899303,,,403.0,0.0
Kazakhstan,2020-05-26,8531.0,457.0,4515.0,35.0,0.004102684327745868,,,209.0,0.0
Kazakhstan,2020-05-27,8969.0,480.0,4613.0,37.0,0.004125320548556138,,,438.0,2.0
Kazakhstan,2020-05-28,9304.0,498.0,4768.0,37.0,0.003976784178847808,,,335.0,0.0
Kazakhstan,2020-05-29,9576.0,513.0,4900.0,37.0,0.003863826232247285,,,272.0,0.0
Kazakhstan,2020-05-30,9932.0,532.0,50157.0,37.0,0.0037253322593636725,,,356.0,0.0
Kazakhstan,2020-05-31,10382.0,556.0,5220.0,38.0,0.003660181082643036,,,450.0,1.0
Kazakhstan,2020-06-01,10858.0,581.0,5404.0,40.0,0.0036839196905507463,,,476.0,2.0
Kazakhstan,2020-06-02,11308.0,606.0,5587.0,41.0,0.003625751680226388,,,450.0,1.0
Kazakhstan,2020-06-03,11796.0,632.0,5941.0,44.0,0.0037,,,488.0,3.0
Kazakhstan,2020-06-04,12067.0,646.0,6240.0,48.0,0.004,,,271.0,4.0
Kazakhstan,2020-06-05,12067.0,646.0,6606.0,52.0,0.0043,,,0.0,4.0
Kazakhstan,2020-06-06,12312.0,659.0,6903.0,52.0,0.0042,,,245.0,0.0
Kazakhstan,2020-06-07,12511.0,670.0,7135.0,53.0,0.0042,,,199.0,1.0
Kazakhstan,2020-06-08,12694.0,680.0,7376.0,56.0,0.0044,,,183.0,3.0
Kazakhstan,2020-06-09,13074.0,700.0,7737.0,58.0,0.0044,,,380.0,2.0
Kazakhstan,2020-06-10,13074.0,700.0,8015.0,58.0,0.0044,,,0.0,0.0
Kazakhstan,2020-06-12,13558.0,726.0,8593.0,67.0,0.0049,,,484.0,9.0
Kazakhstan,2020-06-13,13872.0,743.0,8829.0,67.0,0.0048,,,314.0,0.0
Kazakhstan,2020-06-14,14238.0,762.0,8829.0,72.0,0.0051,,,366.0,5.0
Kazakhstan,2020-06-15,14496.0,776.0,9188.0,73.0,0.005,,,258.0,1.0
Kazakhstan,2020-06-16,14809.0,793.0,9388.0,81.0,0.0055,,,313.0,8.0
Kazakhstan,2020-06-17,15192.0,814.0,9647.0,88.0,0.0058,,,383.0,7.0
Kazakhstan,2020-06-18,15877.0,850.0,9902.0,100.0,0.0063,,,685.0,12.0
Kazakhstan,2020-06-19,15877.0,850.0,10065.0,100.0,0.0063,,,0.0,0.0
Kazakhstan,2020-06-20,16351.0,876.0,10411.0,113.0,0.0069,,,474.0,13.0
Kazakhstan,2020-06-21,16779.0,898.0,10671.0,118.0,0.006999999999999999,,,428.0,5.0
Kazakhstan,2020-06-22,17225.0,922.0,10897.0,120.0,0.006999999999999999,,,446.0,2.0
Kazakhstan,2020-06-23,17732.0,950.0,11158.0,127.0,0.0072,,,507.0,7.0
Kazakhstan,2020-06-24,18231.0,976.0,11514.0,134.0,0.0074,,,499.0,7.0
Kazakhstan,2020-06-25,18765.0,1005.0,11882.0,136.0,0.0072,,,534.0,2.0
Kazakhstan,2020-06-26,19285.0,1033.0,12220.0,140.0,0.0073,,,520.0,4.0
Kazakhstan,2020-06-27,19750.0,1058.0,12548.0,150.0,0.0076,,,465.0,10.0
Kazakhstan,2020-06-28,19750.0,1058.0,12548.0,150.0,0.0076,,,0.0,0.0
Kazakhstan,2020-06-29,20780.0,1113.0,12824.0,173.0,0.0083,,,1030.0,23.0
Kazakhstan,2020-06-30,21327.0,1142.0,13008.0,183.0,0.0086,,,547.0,10.0
Kazakhstan,2020-07-01,21819.0,1168.0,13008.0,188.0,0.0086,,,492.0,5.0
Kazakhstan,2020-07-02,22308.0,1195.0,13845.0,188.0,0.0084,,,489.0,0.0
Kazakhstan,2020-07-03,44075.0,2360.0,14777.0,188.0,0.0043,,,21767.0,0.0
Kazakhstan,2020-07-04,44075.0,2360.0,15276.0,188.0,0.0043,,,0.0,0.0
Kazakhstan,2020-07-05,45719.0,2448.0,15276.0,188.0,0.0041,,,1644.0,0.0
Kazakhstan,2020-07-06,47171.0,2526.0,15556.0,188.0,0.004,,,1452.0,0.0
Kazakhstan,2020-07-07,49683.0,2660.0,16183.0,264.0,0.0053,,,2512.0,76.0
Kazakhstan,2020-07-09,51059.0,2734.0,16928.0,264.0,0.0052,,,1376.0,0.0
Kazakhstan,2020-07-10,51059.0,2734.0,16928.0,264.0,0.0052,,,0.0,0.0
Kazakhstan,2020-07-11,54747.0,2932.0,31815.0,264.0,0.0048,,,3688.0,0.0
Kazakhstan,2020-07-12,56455.0,3023.0,32500.0,264.0,0.0047,,,1708.0,0.0
Kazakhstan,2020-07-14,61755.0,3307.0,35911.0,375.0,0.0061,,,5300.0,111.0
Kazakhstan,2020-07-15,61755.0,3307.0,35911.0,375.0,0.0061,,,0.0,0.0
Kazakhstan,2020-07-16,61755.0,3307.0,35911.0,375.0,0.0061,,,0.0,0.0
Kazakhstan,2020-07-18,66895.0,3582.0,40256.0,375.0,0.0056,,,5140.0,0.0
Kazakhstan,2020-07-19,68703.0,3679.0,42388.0,375.0,0.0055,,,1808.0,0.0
Kazakhstan,2020-07-19,68703.0,3679.0,42388.0,375.0,0.0055,,,0.0,0.0
Kazakhstan,2020-07-21,71838.0,3847.0,43401.0,585.0,0.0081,,,3135.0,210.0
Kazakhstan,2020-07-22,73468.0,3934.0,45376.0,585.0,0.008,,,1630.0,0.0
Kazakhstan,2020-07-23,75153.0,4024.0,46790.0,585.0,0.0078,,,1685.0,0.0
Kazakhstan,2020-07-24,76799.0,4113.0,48220.0,585.0,0.0076,,,1646.0,0.0
Kazakhstan,2020-07-25,78486.0,4203.0,49488.0,585.0,0.0075,,,1687.0,0.0
Kazakhstan,2020-07-26,80226.0,4296.0,51260.0,585.0,0.0073,,,1740.0,0.0
Kazakhstan,2020-07-27,81720.0,4376.0,51823.0,585.0,0.0072,,,1494.0,0.0
Kazakhstan,2020-07-28,83122.0,4451.0,52571.0,585.0,0.006999999999999999,,,1402.0,0.0
Kazakhstan,2020-07-29,84648.0,4533.0,54404.0,793.0,0.0094,,,1526.0,208.0
Kazakhstan,2020-07-30,86192.0,4615.0,56638.0,793.0,0.0092,,,1544.0,0.0
Kazakhstan,2020-07-31,87664.0,4694.0,57815.0,793.0,0.009000000000000001,,,1472.0,0.0
Kazakhstan,2020-08-01,89078.0,4770.0,59517.0,793.0,0.0089,,,1414.0,0.0
Kazakhstan,2020-08-02,90367.0,4839.0,60825.0,793.0,0.0088,,,1289.0,0.0
Kazakhstan,2020-08-03,91593.0,4905.0,60839.0,793.0,0.0087,,,1226.0,0.0
Kazakhstan,2020-08-04,91593.0,4905.0,60839.0,793.0,0.0087,,,0.0,0.0
Kazakhstan,2020-08-05,92662.0,4962.0,62511.0,1058.0,0.0114,,,1069.0,265.0
Kazakhstan,2020-08-06,93820.0,5024.0,65132.0,1058.0,0.0113,,,1158.0,0.0
Kazakhstan,2020-08-07,93820.0,5024.0,65132.0,1058.0,0.0113,,,0.0,0.0
Kazakhstan,2020-08-08,93820.0,5024.0,65132.0,1058.0,0.0113,,,0.0,0.0
Kazakhstan,2020-08-09,93820.0,5024.0,65132.0,1058.0,0.0113,,,0.0,0.0
Kazakhstan,2020-08-10,93820.0,5024.0,65132.0,1058.0,0.0113,,,0.0,0.0
Kazakhstan,2020-08-11,93820.0,5024.0,65132.0,1058.0,0.0113,,,0.0,0.0
Kazakhstan,2020-08-12,100164.0,5364.0,73702.0,1269.0,0.0127,,,6344.0,211.0
Kazakhstan,2020-08-13,100855.0,5401.0,74677.0,1269.0,0.0126,,,691.0,0.0
Kazakhstan,2020-08-14,101372.0,5428.0,76756.0,1269.0,0.0125,,,517.0,0.0
Kazakhstan,2020-08-15,102324.0,5479.0,59517.0,1335.0,0.013000000000000001,,,952.0,66.0
Kazakhstan,2020-08-16,102287.0,5477.0,80716.0,1269.0,0.0124,,,0.0,0.0
Kazakhstan,2020-08-17,102696.0,5499.0,81558.0,1269.0,0.0124,,,409.0,0.0
Kazakhstan,2020-08-18,121639.0,6514.0,81558.0,1633.0,0.0134,,,18943.0,364.0
Kazakhstan,2020-08-19,121639.0,6514.0,81558.0,1633.0,0.0134,,,0.0,0.0
Kazakhstan,2020-08-20,123325.0,6604.0,81558.0,1677.0,0.0136,,,1686.0,44.0
Kazakhstan,2020-08-22,125335.0,6712.0,81558.0,1724.0,0.0138,,,2010.0,47.0
Kazakhstan,2020-08-23,125335.0,6712.0,81558.0,1724.0,0.0138,,,0.0,0.0
Kazakhstan,2020-08-24,125335.0,6712.0,81558.0,1724.0,0.0138,,,0.0,0.0
Kazakhstan,2020-08-25,127462.0,6825.0,81558.0,1781.0,0.013999999999999999,,,2127.0,57.0
Kazakhstan,2020-08-26,127664.0,6836.0,81558.0,1795.0,0.0141,,,202.0,14.0
Kazakhstan,2020-08-27,127664.0,6836.0,81558.0,1795.0,0.0141,,,0.0,0.0
Kazakhstan,2020-08-28,127664.0,6836.0,81558.0,1795.0,0.0141,,,0.0,0.0
Kazakhstan,2020-08-29,127664.0,6836.0,81558.0,1795.0,0.0141,,,0.0,0.0
Kazakhstan,2020-08-30,127664.0,6836.0,81558.0,1795.0,0.0141,,,0.0,0.0
Kazakhstan,2020-08-31,127664.0,6836.0,81558.0,1795.0,0.0141,,,0.0,0.0
Kazakhstan,2020-09-01,127664.0,6836.0,81558.0,1795.0,0.0141,,,0.0,0.0
Kazakhstan,2020-09-02,130673.0,6997.0,0.0,1781.0,0.0136,,,3009.0,0.0
Kazakhstan,2020-09-03,130673.0,6997.0,0.0,1781.0,0.0136,,,0.0,0.0
Kazakhstan,2020-09-04,130673.0,6997.0,0.0,1781.0,0.0136,,,0.0,0.0
Kazakhstan,2020-09-05,131695.0,7052.0,0.0,1878.0,0.0143,,,1022.0,97.0
Kazakhstan,2020-09-07,132924.0,7118.0,0.0,1878.0,0.0141,,,1229.0,0.0
Kazakhstan,2020-09-08,132924.0,7118.0,0.0,1878.0,0.0141,,,0.0,0.0
Kazakhstan,2020-09-09,132924.0,7118.0,0.0,1878.0,0.0141,,,0.0,0.0
Kazakhstan,2020-09-10,132924.0,7118.0,0.0,1878.0,0.0141,,,0.0,0.0
Kazakhstan,2020-09-11,134203.0,7186.0,0.0,1948.0,0.0145,,,1279.0,70.0
Kazakhstan,2020-09-12,134203.0,7186.0,0.0,1948.0,0.0145,,,0.0,0.0
Kazakhstan,2020-09-13,134203.0,7186.0,0.0,1948.0,0.0145,,,0.0,0.0
Kazakhstan,2020-09-14,134203.0,7186.0,0.0,1948.0,0.0145,,,0.0,0.0
Kazakhstan,2020-09-15,134203.0,7186.0,0.0,1948.0,0.0145,,,0.0,0.0
Kazakhstan,2020-09-16,134203.0,7186.0,0.0,1948.0,0.0145,,,0.0,0.0
Kazakhstan,2020-09-17,134203.0,7186.0,0.0,1948.0,0.0145,,,0.0,0.0
Kazakhstan,2020-09-18,134203.0,7186.0,0.0,1948.0,0.0145,,,0.0,0.0
Kazakhstan,2020-09-20,137713.0,7374.0,0.0,1999.0,0.0145,,,3510.0,51.0
Kazakhstan,2020-09-21,137713.0,7374.0,0.0,1999.0,0.0145,,,0.0,0.0
Kazakhstan,2020-09-22,137713.0,7374.0,0.0,1999.0,0.0145,,,0.0,0.0
Kazakhstan,2020-09-23,137713.0,7374.0,0.0,1999.0,0.0145,,,0.0,0.0
Kazakhstan,2020-09-24,138542.0,0.0,,2044.0,0.0148,7419.0,,829.0,45.0
Kazakhstan,2020-09-25,138542.0,0.0,,2045.0,0.0148,7419.0,,0.0,1.0
Kazakhstan,2020-09-26,138542.0,0.0,,2046.0,0.0148,7419.0,,0.0,1.0
Kazakhstan,2020-09-27,136586.0,0.0,,1999.0,0.0146,7314.0,,0.0,0.0
Kazakhstan,2020-09-28,136586.0,0.0,,1999.0,0.0146,7314.0,,0.0,0.0
Kazakhstan,2020-09-29,139581.0,0.0,,2043.0,0.0146,7474.0,,2995.0,44.0
Kazakhstan,2020-09-30,139581.0,0.0,,2043.0,0.0146,7474.0,,0.0,0.0
Kazakhstan,2020-10-02,140333.0,0.0,,2075.0,0.0148,7515.0,,752.0,32.0
Kazakhstan,2020-10-03,108044.0,0.0,,1725.0,0.016,5786.0,,0.0,0.0
Kazakhstan,2020-10-04,108106.0,0.0,,1725.0,0.016,5789.0,,62.0,0.0
Kazakhstan,2020-10-05,108177.0,0.0,,1725.0,0.0159,5793.0,,71.0,0.0
Kazakhstan,2020-10-06,108236.0,0.0,,1725.0,0.0159,5796.0,,59.0,0.0
Kazakhstan,2020-10-08,108362.0,0.0,,1746.0,0.0161,5803.0,,126.0,21.0
Kazakhstan,2020-10-09,108454.0,0.0,,1746.0,0.0161,5808.0,,92.0,0.0
Kazakhstan,2020-10-10,108561.0,0.0,,1746.0,0.0161,5813.0,,107.0,0.0
Kazakhstan,2020-10-11,108663.0,0.0,,1746.0,0.0161,5819.0,,102.0,0.0
Kazakhstan,2020-10-12,108757.0,0.0,,1746.0,0.0161,5824.0,,94.0,0.0
Kazakhstan,2020-10-13,108831.0,0.0,,1746.0,0.016,5828.0,,74.0,0.0
Kazakhstan,2020-10-14,108901.0,0.0,,1746.0,0.016,5832.0,,70.0,0.0
Kazakhstan,2020-10-15,108984.0,0.0,,1768.0,0.0162,5836.0,,83.0,22.0
Kazakhstan,2020-10-18,109302.0,0.0,,1768.0,0.0162,5853.0,,318.0,0.0
Kazakhstan,2020-10-19,109406.0,0.0,,1768.0,0.0162,5859.0,,104.0,0.0
Kazakhstan,2020-10-20,109508.0,0.0,,1768.0,0.0161,5864.0,,102.0,0.0
Kazakhstan,2020-10-22,109766.0,0.0,,1796.0,0.0164,5878.0,,258.0,28.0
Kazakhstan,2020-10-23,109907.0,0.0,,1796.0,0.0163,5885.0,,141.0,0.0
Kazakhstan,2020-10-24,110086.0,0.0,,1796.0,0.0163,5895.0,,179.0,0.0
Kazakhstan,2020-10-25,110250.0,0.0,,1796.0,0.0163,5904.0,,164.0,0.0
Kazakhstan,2020-10-26,110402.0,0.0,,1796.0,0.0163,5912.0,,152.0,0.0
Kazakhstan,2020-10-27,110542.0,0.0,,1796.0,0.0162,5919.0,,140.0,0.0
Kazakhstan,2020-10-28,110832.0,5935.0,,1825.0,0.0165,,148.0,290.0,29.0
Kazakhstan,2020-10-29,110832.0,5935.0,,1825.0,0.0165,,148.0,0.0,0.0
Kazakhstan,2020-10-30,111100.0,5949.0,,1825.0,0.0164,,268.0,268.0,0.0
Kazakhstan,2020-10-31,111492.0,5970.0,,1825.0,0.0164,,392.0,392.0,0.0
Kazakhstan,2020-11-01,111953.0,5995.0,,1825.0,0.0163,,461.0,461.0,0.0
Kazakhstan,2020-11-02,112418.0,6020.0,,1825.0,0.0162,,465.0,465.0,0.0
Kazakhstan,2020-11-03,112860.0,6044.0,,1825.0,0.0162,,442.0,442.0,0.0
Kazakhstan,2020-11-04,113309.0,6068.0,,1857.0,0.0164,,449.0,449.0,32.0
Kazakhstan,2020-11-05,113741.0,6091.0,,1857.0,0.0163,,432.0,432.0,0.0
Kazakhstan,2020-11-06,114235.0,6117.0,,1857.0,0.0163,,494.0,494.0,0.0
Kazakhstan,2020-11-07,114826.0,6149.0,,1857.0,0.0162,,591.0,591.0,0.0
Kazakhstan,2020-11-08,115439.0,6182.0,,1857.0,0.0161,,613.0,613.0,0.0
Kazakhstan,2020-11-09,116162.0,6220.0,,1857.0,0.016,,723.0,723.0,0.0
Kazakhstan,2020-11-10,116772.0,6253.0,,1857.0,0.0159,,610.0,610.0,0.0
Kazakhstan,2020-11-11,117336.0,6283.0,,1857.0,0.0158,,564.0,564.0,0.0
Kazakhstan,2020-11-12,117904.0,6314.0,,1857.0,0.0158,,568.0,568.0,0.0
Kazakhstan,2020-11-13,118491.0,6345.0,,1899.0,0.016,,587.0,587.0,42.0
Kazakhstan,2020-11-15,119833.0,6417.0,,1899.0,0.0158,,704.0,1342.0,0.0
Kazakhstan,2020-11-16,120463.0,6451.0,,1899.0,0.0158,,630.0,630.0,0.0
Kazakhstan,2020-11-17,121051.0,6482.0,,1899.0,0.0157,,588.0,588.0,0.0
Kazakhstan,2020-11-18,121653.0,6514.0,,1899.0,0.0156,,602.0,602.0,0.0
Kazakhstan,2020-11-19,122335.0,6551.0,,1899.0,0.0155,,682.0,682.0,0.0
Kazakhstan,2020-11-20,123097.0,6592.0,,1945.0,0.0158,,762.0,762.0,46.0
Kazakhstan,2020-11-21,123888.0,6634.0,,1945.0,0.0157,,791.0,791.0,0.0
Kazakhstan,2020-11-22,124710.0,6678.0,,1945.0,0.0156,,822.0,822.0,0.0
Kazakhstan,2020-11-23,125466.0,6719.0,,1945.0,0.0155,,756.0,756.0,0.0
Kazakhstan,2020-11-24,126182.0,6757.0,,1945.0,0.0154,,716.0,716.0,0.0
Kazakhstan,2020-11-25,126182.0,6757.0,,1945.0,0.0154,,0.0,0.0,0.0
Kazakhstan,2020-11-26,127580.0,6832.0,,1945.0,0.0152,,1398.0,1398.0,0.0
Kazakhstan,2020-11-27,128400.0,6876.0,,1990.0,0.0155,,820.0,820.0,45.0
Kazakhstan,2020-11-28,129213.0,6919.0,,1990.0,0.0154,,813.0,813.0,0.0
Kazakhstan,2020-11-29,130039.0,6963.0,,1990.0,0.0153,,826.0,826.0,0.0
Kazakhstan,2020-11-30,130865.0,7008.0,,1990.0,0.0152,,826.0,826.0,0.0
Kazakhstan,2020-12-01,131659.0,7050.0,,1990.0,0.0151,,794.0,794.0,0.0
Kazakhstan,2020-12-02,132348.0,7087.0,,1990.0,0.015,,689.0,689.0,0.0
Kazakhstan,2020-12-03,175565.0,9401.0,,2434.0,0.0139,,1002.0,43217.0,444.0
Kazakhstan,2020-12-04,176342.0,9443.0,,2436.0,0.0138,,777.0,777.0,2.0
Kazakhstan,2020-12-05,177386.0,9499.0,,2438.0,0.0137,,1044.0,1044.0,2.0
Kazakhstan,2020-12-06,178378.0,9552.0,,2484.0,0.0139,,992.0,992.0,46.0
Kazakhstan,2020-12-07,179344.0,9604.0,,2488.0,0.0139,,966.0,966.0,4.0
Kazakhstan,2020-12-08,180089.0,9644.0,,2488.0,0.0138,,745.0,745.0,0.0
