Location,Date,Confirmed,Case_Per_1M_people,Recovered,Deaths,Mortality,Cases per 1 million people,NewConfirmed,NewDeaths
Kenya,2020-03-31,50.0,1.03,1.0,1.0,0.02,,0.0,0.0
Kenya,2020-04-01,59.0,1.21,1.0,1.0,0.01694915254237288,,9.0,0.0
Kenya,2020-04-02,81.0,1.66,3.0,1.0,0.012345679012345678,,22.0,0.0
Kenya,2020-04-03,110.0,2.26,4.0,3.0,0.027272727272727268,,29.0,2.0
Kenya,2020-04-07,158.0,3.32,4.0,6.0,0.0379746835443038,,48.0,3.0
Kenya,2020-04-10,184.0,3.87,12.0,7.0,0.03804347826086957,,26.0,1.0
Kenya,2020-04-11,189.0,3.97,22.0,7.0,0.037037037037037035,,5.0,0.0
Kenya,2020-04-12,191.0,4.02,22.0,7.0,0.03664921465968586,,2.0,0.0
Kenya,2020-04-14,208.0,4.37,40.0,9.0,0.04326923076923077,,17.0,2.0
Kenya,2020-04-17,234.0,4.92,53.0,11.0,0.047008547008547015,,26.0,2.0
Kenya,2020-04-18,246.0,5.17,53.0,11.0,0.044715447154471545,,12.0,0.0
Kenya,2020-04-20,270.0,5.68,67.0,14.0,0.05185185185185185,,24.0,3.0
Kenya,2020-04-22,296.0,6.22,74.0,14.0,0.0472972972972973,,26.0,0.0
Kenya,2020-04-23,303.0,6.37,83.0,14.0,0.0462046204620462,,7.0,0.0
Kenya,2020-04-24,320.0,6.73,89.0,14.0,0.04375,,17.0,0.0
Kenya,2020-04-25,336.0,7.06,95.0,14.0,0.04166666666666666,,16.0,0.0
Kenya,2020-04-26,343.0,7.21,95.0,14.0,0.040816326530612235,,7.0,0.0
Kenya,2020-04-27,355.0,7.46,106.0,14.0,0.03943661971830986,,12.0,0.0
Kenya,2020-04-28,363.0,7.63,114.0,14.0,0.03856749311294766,,8.0,0.0
Kenya,2020-04-29,374.0,7.86,124.0,14.0,0.0374331550802139,,11.0,0.0
Kenya,2020-04-30,374.0,7.86,124.0,14.0,0.0374331550802139,,0.0,0.0
Kenya,2020-05-01,396.0,8.0,144.0,17.0,0.04292929292929293,,22.0,3.0
Kenya,2020-05-02,411.0,9.0,150.0,21.0,0.051094890510948905,,15.0,4.0
Kenya,2020-05-03,435.0,9.0,150.0,22.0,0.05057471264367816,,24.0,1.0
Kenya,2020-05-04,435.0,9.0,150.0,22.0,0.05057471264367816,,0.0,0.0
Kenya,2020-05-05,490.0,10.0,173.0,24.0,0.048979591836734684,,55.0,2.0
Kenya,2020-05-06,535.0,11.0,182.0,24.0,0.04485981308411215,,45.0,0.0
Kenya,2020-05-07,582.0,12.0,190.0,26.0,0.044673539518900345,,47.0,2.0
Kenya,2020-05-08,607.0,13.0,197.0,29.0,0.04777594728171335,,25.0,3.0
Kenya,2020-05-09,621.0,13.0,202.0,29.0,0.046698872785829314,,14.0,0.0
Kenya,2020-05-10,649.0,14.0,207.0,30.0,0.046224961479198766,,28.0,1.0
Kenya,2020-05-11,672.0,14.0,239.0,32.0,0.047619047619047616,,23.0,2.0
Kenya,2020-05-12,700.0,15.0,251.0,33.0,0.047142857142857146,,28.0,1.0
Kenya,2020-05-13,715.0,15.0,259.0,36.0,0.05034965034965035,,15.0,3.0
Kenya,2020-05-15,758.0,16.0,284.0,42.0,0.055408970976253295,,43.0,6.0
Kenya,2020-05-16,781.0,16.0,284.0,45.0,0.057618437900128036,,23.0,3.0
Kenya,2020-05-17,830.0,17.0,301.0,50.0,0.060240963855421686,,49.0,5.0
Kenya,2020-05-18,887.0,19.0,313.0,50.0,0.05636978579481398,,57.0,0.0
Kenya,2020-05-19,912.0,19.0,336.0,50.0,0.05482456140350877,,25.0,0.0
Kenya,2020-05-20,963.0,20.0,358.0,50.0,0.05192107995846314,,51.0,0.0
,2020-05-21,,,,,,,,
Kenya,2020-05-22,1109.0,23.0,375.0,50.0,0.04508566275924256,,,
Kenya,2020-05-23,1161.0,24.0,380.0,50.0,0.04306632213608958,,52.0,0.0
Kenya,2020-05-24,1192.0,25.0,380.0,50.0,0.04194630872483222,,31.0,0.0
Kenya,2020-05-25,1214.0,26.0,383.0,51.0,0.04200988467874794,,22.0,1.0
Kenya,2020-05-26,1286.0,27.0,402.0,52.0,0.04043545878693624,,72.0,1.0
Kenya,2020-05-27,1348.0,28.0,405.0,52.0,0.03857566765578635,,62.0,0.0
Kenya,2020-05-28,1471.0,31.0,408.0,55.0,0.037389530931339225,,123.0,3.0
Kenya,2020-05-29,1618.0,34.0,421.0,58.0,0.03584672435105068,,147.0,3.0
Kenya,2020-05-30,1745.0,37.0,438.0,62.0,0.03553008595988539,,127.0,4.0
Kenya,2020-05-31,1888.0,40.0,464.0,63.0,0.03336864406779661,,143.0,1.0
Kenya,2020-06-01,1962.0,41.0,474.0,64.0,0.0326197757390418,,74.0,1.0
Kenya,2020-06-02,2021.0,42.0,482.0,69.0,0.03414151410192974,,59.0,5.0
Kenya,2020-06-03,2093.0,44.0,499.0,71.0,0.0339,,72.0,2.0
Kenya,2020-06-04,2216.0,47.0,553.0,74.0,0.0334,,123.0,3.0
Kenya,2020-06-05,2340.0,49.0,592.0,78.0,0.0333,,124.0,4.0
Kenya,2020-06-06,2474.0,52.0,643.0,79.0,0.0319,,134.0,1.0
Kenya,2020-06-07,2600.0,55.0,706.0,79.0,0.0304,,126.0,0.0
Kenya,2020-06-08,2767.0,58.0,752.0,84.0,0.0304,,167.0,5.0
Kenya,2020-06-09,2862.0,60.0,894.0,85.0,0.0297,,95.0,1.0
Kenya,2020-06-10,2898.0,61.0,873.0,88.0,0.0304,,36.0,3.0
Kenya,2020-06-12,3215.0,68.0,1092.0,92.0,0.0286,,317.0,4.0
Kenya,2020-06-13,3305.0,69.0,1164.0,96.0,0.028999999999999998,,90.0,4.0
Kenya,2020-06-14,3457.0,73.0,1221.0,100.0,0.0289,,152.0,4.0
Kenya,2020-06-15,3594.0,76.0,1253.0,103.0,0.0287,,137.0,3.0
Kenya,2020-06-16,3727.0,78.0,1286.0,104.0,0.0279,,133.0,1.0
Kenya,2020-06-17,3860.0,81.0,1328.0,105.0,0.0272,,133.0,1.0
Kenya,2020-06-18,4044.0,85.0,1353.0,107.0,0.0265,,184.0,2.0
Kenya,2020-06-19,4257.0,89.0,1459.0,117.0,0.0275,,213.0,10.0
Kenya,2020-06-20,4374.0,92.0,1550.0,119.0,0.0272,,117.0,2.0
Kenya,2020-06-21,4478.0,94.0,1586.0,121.0,0.027000000000000003,,104.0,2.0
Kenya,2020-06-22,4738.0,100.0,1607.0,123.0,0.026000000000000002,,260.0,2.0
Kenya,2020-06-23,4738.0,100.0,1607.0,123.0,0.026000000000000002,,0.0,0.0
Kenya,2020-06-24,4952.0,104.0,1782.0,128.0,0.0258,,214.0,5.0
Kenya,2020-06-25,5206.0,109.0,1823.0,130.0,0.025,,254.0,2.0
Kenya,2020-06-26,5384.0,113.0,1857.0,132.0,0.0245,,178.0,2.0
Kenya,2020-06-27,5553.0,117.0,1905.0,137.0,0.0247,,169.0,5.0
Kenya,2020-06-28,5811.0,122.0,1936.0,141.0,0.0243,,258.0,4.0
Kenya,2020-06-29,6070.0,128.0,1971.0,143.0,0.0236,,259.0,2.0
Kenya,2020-06-30,6190.0,130.0,2013.0,144.0,0.0233,,120.0,1.0
Kenya,2020-07-01,6366.0,134.0,2039.0,148.0,0.0232,,176.0,4.0
Kenya,2020-07-02,6673.0,140.0,2089.0,149.0,0.0223,,307.0,1.0
Kenya,2020-07-03,6941.0,146.0,2109.0,152.0,0.0219,,268.0,3.0
Kenya,2020-07-04,7188.0,151.0,2148.0,154.0,0.0214,,247.0,2.0
Kenya,2020-07-05,7577.0,159.0,2236.0,159.0,0.021,,389.0,5.0
Kenya,2020-07-06,7886.0,166.0,2287.0,160.0,0.0203,,309.0,1.0
Kenya,2020-07-07,8067.0,170.0,2414.0,164.0,0.0203,,181.0,4.0
Kenya,2020-07-09,8525.0,179.0,2593.0,169.0,0.0198,,458.0,5.0
Kenya,2020-07-10,8975.0,189.0,2657.0,173.0,0.0193,,450.0,4.0
Kenya,2020-07-11,9448.0,199.0,2733.0,181.0,0.0192,,473.0,8.0
Kenya,2020-07-12,9726.0,204.0,2832.0,184.0,0.0189,,278.0,3.0
Kenya,2020-07-13,10105.0,212.0,2881.0,185.0,0.0183,,379.0,1.0
Kenya,2020-07-14,10294.0,216.0,2946.0,197.0,0.0191,,189.0,12.0
Kenya,2020-07-15,10791.0,227.0,3017.0,202.0,0.0187,,497.0,5.0
Kenya,2020-07-16,11252.0,237.0,3068.0,209.0,0.0186,,461.0,7.0
Kenya,2020-07-18,12062.0,254.0,3983.0,222.0,0.0184,,810.0,13.0
Kenya,2020-07-19,12750.0,268.0,4440.0,225.0,0.0176,,688.0,3.0
Kenya,2020-07-19,12750.0,268.0,4440.0,225.0,0.0176,,0.0,0.0
Kenya,2020-07-21,13771.0,290.0,5616.0,238.0,0.0173,,1021.0,13.0
Kenya,2020-07-22,14168.0,298.0,6258.0,250.0,0.0176,,397.0,12.0
Kenya,2020-07-23,14805.0,311.0,6757.0,260.0,0.0176,,637.0,10.0
Kenya,2020-07-24,15601.0,328.0,7135.0,263.0,0.0169,,796.0,3.0
Kenya,2020-07-25,16268.0,342.0,7446.0,274.0,0.0168,,667.0,11.0
Kenya,2020-07-26,16643.0,350.0,7574.0,278.0,0.0167,,375.0,4.0
Kenya,2020-07-27,16643.0,350.0,7574.0,278.0,0.0167,,0.0,0.0
Kenya,2020-07-28,17975.0,378.0,7833.0,285.0,0.0159,,1332.0,7.0
Kenya,2020-07-29,18581.0,391.0,7908.0,299.0,0.0161,,606.0,14.0
Kenya,2020-07-30,19125.0,402.0,8021.0,311.0,0.0163,,544.0,12.0
Kenya,2020-07-31,19913.0,419.0,8121.0,325.0,0.0163,,788.0,14.0
Kenya,2020-08-01,20636.0,434.0,8165.0,341.0,0.0165,,723.0,16.0
Kenya,2020-08-02,21363.0,449.0,8419.0,364.0,0.017,,727.0,23.0
Kenya,2020-08-03,22053.0,464.0,8477.0,369.0,0.0167,,690.0,5.0
Kenya,2020-08-04,22597.0,475.0,8740.0,382.0,0.0169,,544.0,13.0
Kenya,2020-08-05,22597.0,475.0,8740.0,382.0,0.0169,,0.0,0.0
Kenya,2020-08-06,23873.0,502.0,9930.0,391.0,0.0164,,1276.0,9.0
Kenya,2020-08-07,23873.0,502.0,9930.0,391.0,0.0164,,0.0,0.0
Kenya,2020-08-08,24411.0,513.0,10444.0,399.0,0.0163,,538.0,8.0
Kenya,2020-08-09,25837.0,543.0,11899.0,418.0,0.0162,,1426.0,19.0
Kenya,2020-08-10,26436.0,556.0,12961.0,420.0,0.0159,,599.0,2.0
Kenya,2020-08-11,26928.0,566.0,13495.0,423.0,0.0157,,492.0,3.0
Kenya,2020-08-12,27425.0,577.0,13867.0,438.0,0.016,,497.0,15.0
Kenya,2020-08-13,27425.0,577.0,13867.0,438.0,0.016,,0.0,0.0
Kenya,2020-08-14,28104.0,591.0,14610.0,456.0,0.0162,,679.0,18.0
Kenya,2020-08-15,29334.0,617.0,15298.0,465.0,0.0159,,1230.0,9.0
Kenya,2020-08-16,29334.0,617.0,15298.0,465.0,0.0159,,0.0,0.0
Kenya,2020-08-17,30120.0,633.0,16656.0,474.0,0.0157,,786.0,9.0
Kenya,2020-08-18,30120.0,633.0,16656.0,474.0,0.0157,,0.0,0.0
Kenya,2020-08-19,30636.0,644.0,17368.0,487.0,0.0159,,516.0,13.0
Kenya,2020-08-20,31015.0,652.0,17612.0,506.0,0.0163,,379.0,19.0
Kenya,2020-08-22,31763.0,668.0,18157.0,532.0,0.0167,,748.0,26.0
Kenya,2020-08-23,32118.0,675.0,18453.0,542.0,0.0169,,355.0,10.0
Kenya,2020-08-24,32364.0,680.0,18670.0,548.0,0.0169,,246.0,6.0
Kenya,2020-08-25,32364.0,680.0,18670.0,548.0,0.0169,,0.0,0.0
Kenya,2020-08-26,32557.0,684.0,18895.0,554.0,0.017,,193.0,6.0
Kenya,2020-08-27,33016.0,694.0,19296.0,564.0,0.0171,,459.0,10.0
Kenya,2020-08-28,33389.0,702.0,19296.0,564.0,0.0169,,373.0,0.0
Kenya,2020-08-29,33630.0,707.0,19434.0,567.0,0.0169,,241.0,3.0
Kenya,2020-08-30,33794.0,710.0,19590.0,572.0,0.0169,,164.0,5.0
Kenya,2020-08-31,33794.0,710.0,19590.0,572.0,0.0169,,0.0,0.0
Kenya,2020-09-01,33794.0,710.0,19590.0,572.0,0.0169,,0.0,0.0
Kenya,2020-09-02,33794.0,710.0,19590.0,572.0,0.0169,,0.0,0.0
Kenya,2020-09-03,34493.0,725.0,20449.0,581.0,0.0168,,699.0,9.0
Kenya,2020-09-04,34705.0,730.0,20644.0,585.0,0.0169,,212.0,4.0
Kenya,2020-09-05,34705.0,730.0,20644.0,585.0,0.0169,,0.0,0.0
Kenya,2020-09-07,35103.0,738.0,21230.0,597.0,0.017,,398.0,12.0
Kenya,2020-09-08,35205.0,740.0,21310.0,599.0,0.017,,102.0,2.0
Kenya,2020-09-09,35205.0,740.0,21310.0,599.0,0.017,,0.0,0.0
Kenya,2020-09-10,35460.0,746.0,21557.0,607.0,0.0171,,255.0,8.0
Kenya,2020-09-11,35460.0,746.0,21557.0,607.0,0.0171,,0.0,0.0
Kenya,2020-09-12,35793.0,753.0,22442.0,616.0,0.0172,,333.0,9.0
Kenya,2020-09-13,35969.0,756.0,22771.0,619.0,0.0172,,176.0,3.0
Kenya,2020-09-14,36157.0,760.0,23067.0,622.0,0.0172,,188.0,3.0
Kenya,2020-09-15,36157.0,760.0,23067.0,622.0,0.0172,,0.0,0.0
Kenya,2020-09-16,36157.0,760.0,23067.0,622.0,0.0172,,0.0,0.0
Kenya,2020-09-17,36205.0,761.0,0.0,624.0,0.0172,,48.0,2.0
Kenya,2020-09-18,36576.0,769.0,23611.0,642.0,0.0176,,371.0,18.0
Kenya,2020-09-20,36576.0,769.0,23611.0,642.0,0.0176,,0.0,0.0
Kenya,2020-09-21,36981.0,777.0,23887.0,648.0,0.0175,,405.0,6.0
Kenya,2020-09-22,37079.0,780.0,23949.0,650.0,0.0175,,98.0,2.0
Kenya,2020-09-23,37079.0,780.0,23949.0,650.0,0.0175,,0.0,0.0
Kenya,2020-09-24,37079.0,0.0,,650.0,0.0175,780.0,0.0,0.0
Kenya,2020-09-25,37489.0,0.0,,669.0,0.0178,788.0,410.0,19.0
Kenya,2020-09-26,37707.0,0.0,,682.0,0.0181,793.0,218.0,13.0
Kenya,2020-09-27,37707.0,0.0,,682.0,0.0181,793.0,0.0,0.0
Kenya,2020-09-28,38115.0,0.0,,691.0,0.0181,801.0,408.0,9.0
Kenya,2020-09-29,38115.0,0.0,,691.0,0.0181,801.0,0.0,0.0
Kenya,2020-09-30,38168.0,0.0,,700.0,0.0183,802.0,53.0,9.0
Kenya,2020-10-02,38378.0,0.0,,707.0,0.0184,807.0,210.0,7.0
Kenya,2020-10-03,38713.0,0.0,,711.0,0.0184,814.0,335.0,4.0
Kenya,2020-10-04,38923.0,0.0,,725.0,0.0186,818.0,210.0,14.0
Kenya,2020-10-05,39184.0,0.0,,728.0,0.0186,824.0,261.0,3.0
Kenya,2020-10-06,39427.0,0.0,,731.0,0.0185,829.0,243.0,3.0
Kenya,2020-10-08,39586.0,0.0,,743.0,0.0188,832.0,159.0,12.0
Kenya,2020-10-09,39907.0,0.0,,748.0,0.0187,839.0,321.0,5.0
Kenya,2020-10-10,40178.0,0.0,,751.0,0.0187,845.0,271.0,3.0
Kenya,2020-10-11,40620.0,0.0,,755.0,0.0186,854.0,442.0,4.0
Kenya,2020-10-12,41158.0,0.0,,760.0,0.0185,865.0,538.0,5.0
Kenya,2020-10-13,41546.0,0.0,,766.0,0.0184,873.0,388.0,6.0
Kenya,2020-10-14,41619.0,0.0,,777.0,0.0187,875.0,73.0,11.0
Kenya,2020-10-15,41937.0,0.0,,787.0,0.0188,882.0,318.0,10.0
Kenya,2020-10-18,43580.0,0.0,,813.0,0.0187,916.0,1643.0,26.0
Kenya,2020-10-19,44196.0,0.0,,825.0,0.0187,929.0,616.0,12.0
Kenya,2020-10-20,44881.0,0.0,,832.0,0.0185,944.0,685.0,7.0
Kenya,2020-10-22,45647.0,0.0,,842.0,0.0184,960.0,766.0,10.0
Kenya,2020-10-23,46144.0,0.0,,858.0,0.0186,970.0,497.0,16.0
Kenya,2020-10-24,47212.0,0.0,,870.0,0.0184,993.0,1068.0,12.0
Kenya,2020-10-25,47843.0,0.0,,884.0,0.0185,1006.0,631.0,14.0
Kenya,2020-10-26,48790.0,0.0,,896.0,0.0184,1026.0,947.0,12.0
Kenya,2020-10-27,49721.0,0.0,,902.0,0.0181,1045.0,931.0,6.0
Kenya,2020-10-28,49997.0,0.0,,920.0,0.0184,1051.0,276.0,18.0
