Location,Date,Confirmed,Case_Per_1M_people,Recovered,Deaths,Mortality,Cases per 1 million people,NewConfirmed,NewDeaths
Kuwait,2020-03-31,266,94.05,72.0,0,0.0,,0,0
Kuwait,2020-04-01,289,102.18,80.0,0,0.0,,23,0
Kuwait,2020-04-02,317,112.08,80.0,0,0.0,,28,0
Kuwait,2020-04-03,317,112.08,80.0,0,0.0,,0,0
Kuwait,2020-04-07,665,150.45,103.0,1,0.001503759398496241,,348,1
Kuwait,2020-04-10,910,205.88,111.0,1,0.0010989010989010991,,245,0
Kuwait,2020-04-11,993,224.66,123.0,1,0.0010070493454179257,,83,0
Kuwait,2020-04-12,1154,261.08,133.0,1,0.0008665511265164643,,161,0
Kuwait,2020-04-14,1300,294.11,150.0,2,0.0015384615384615385,,146,1
Kuwait,2020-04-17,1524,344.79,225.0,3,0.001968503937007874,,224,1
Kuwait,2020-04-18,1658,375.1,258.0,5,0.0030156815440289505,,134,2
Kuwait,2020-04-20,1915,433.25,305.0,7,0.003655352480417753,,257,2
Kuwait,2020-04-22,2080,470.58,412.0,11,0.005288461538461539,,165,4
Kuwait,2020-04-23,2248,508.58,443.0,13,0.005782918149466192,,168,2
Kuwait,2020-04-24,2399,542.75,498.0,14,0.005835764902042517,,151,1
Kuwait,2020-04-25,2614,591.39,613.0,15,0.005738332058148432,,215,1
Kuwait,2020-04-26,2892,654.28,656.0,19,0.00656984785615491,,278,4
Kuwait,2020-04-27,3075,695.68,806.0,20,0.006504065040650407,,183,1
Kuwait,2020-04-28,3288,743.87,1012.0,22,0.006690997566909975,,213,2
Kuwait,2020-04-29,3440,778.26,1176.0,23,0.006686046511627907,,152,1
Kuwait,2020-04-30,3440,778.26,1176.0,23,0.006686046511627907,,0,0
Kuwait,2020-05-01,4024,910.0,1539.0,26,0.0064612326043737576,,584,3
Kuwait,2020-05-02,4377,990.0,1602.0,30,0.006854009595613435,,353,4
Kuwait,2020-05-03,4619,1045.0,1703.0,33,0.007144403550552067,,242,3
Kuwait,2020-05-04,4619,1045.0,1703.0,33,0.007144403550552067,,0,0
Kuwait,2020-05-05,5278,1194.0,1947.0,40,0.007578628268283441,,659,7
Kuwait,2020-05-06,5804,1313.0,2032.0,40,0.0068917987594762226,,526,0
Kuwait,2020-05-07,6286,1422.0,2219.0,42,0.0066815144766147,,482,2
Kuwait,2020-05-08,6567,1486.0,2381.0,44,0.006700167504187605,,281,2
Kuwait,2020-05-09,7208,1631.0,2466.0,47,0.006520532741398446,,641,3
Kuwait,2020-05-10,7623,1725.0,2622.0,49,0.006427915518824609,,415,2
Kuwait,2020-05-11,8688,1966.0,2729.0,58,0.006675874769797422,,1065,9
Kuwait,2020-05-12,9286,2101.0,2907.0,65,0.006999784622011632,,598,7
Kuwait,2020-05-13,10277,2325.0,3101.0,75,0.007297849566994259,,991,10
Kuwait,2020-05-15,11975,2709.0,3451.0,88,0.007348643006263048,,1698,13
Kuwait,2020-05-16,12860,2909.0,3640.0,96,0.007465007776049767,,885,8
Kuwait,2020-05-17,13802,3123.0,36843.0,107,0.0077524996377336605,,942,11
Kuwait,2020-05-18,14850,3360.0,4093.0,112,0.007542087542087542,,1048,5
Kuwait,2020-05-19,15691,3550.0,4339.0,118,0.007520234529348035,,841,6
Kuwait,2020-05-20,16764,3793.0,4681.0,121,0.00721784776902887,,1073,3
Kuwait,2020-05-21,17568,3975.0,4885.0,124,0.007058287795992714,,804,3
Kuwait,2020-05-22,18609,4210.0,5205.0,129,0.0069321296147025644,,1041,5
Kuwait,2020-05-23,19564,4426.0,5515.0,138,0.0070537722347168265,,955,9
Kuwait,2020-05-24,20464,4630.0,5747.0,148,0.007232212666145426,,900,10
Kuwait,2020-05-25,21302,4819.0,6117.0,156,0.0073232560322974375,,838,8
Kuwait,2020-05-26,21967,4970.0,6621.0,165,0.007511266900350527,,665,9
Kuwait,2020-05-27,22575,5107.0,7306.0,172,0.007619047619047619,,608,7
Kuwait,2020-05-28,23267,5264.0,7946.0,175,0.007521382215154511,,692,3
Kuwait,2020-05-29,24112,5455.0,8698.0,185,0.007672528201725281,,845,10
Kuwait,2020-05-30,25184,5698.0,9273.0,194,0.0077033036848792895,,1072,9
Kuwait,2020-05-31,26192,5926.0,10156.0,205,0.007826817348808796,,1008,11
Kuwait,2020-06-01,27043,6118.0,11386.0,212,0.007839366934141922,,851,7
Kuwait,2020-06-02,27762,6281.0,12899.0,220,0.007924501116634248,,719,8
Kuwait,2020-06-03,28649,6482.0,14281.0,226,0.0079,,887,6
Kuwait,2020-06-04,29359,6642.0,15750.0,230,0.0078,,710,4
Kuwait,2020-06-05,29921,6769.0,17223.0,236,0.0079,,562,6
Kuwait,2020-06-06,30644,6933.0,18277.0,244,0.008,,723,8
Kuwait,2020-06-07,31131,7043.0,19282.0,254,0.0082,,487,10
Kuwait,2020-06-08,31848,7205.0,20205.0,264,0.0083,,717,10
Kuwait,2020-06-09,32510,7355.0,21242.0,269,0.0083,,662,5
Kuwait,2020-06-10,33140,7498.0,22162.0,273,0.0082,,630,4
Kuwait,2020-06-12,34432,7790.0,24137.0,279,0.0081,,1292,6
Kuwait,2020-06-13,34952,7907.0,25048.0,285,0.0082,,520,6
Kuwait,2020-06-14,35466,8024.0,25882.0,289,0.0081,,514,4
Kuwait,2020-06-15,35920,8126.0,26759.0,296,0.0082,,454,7
Kuwait,2020-06-16,36431,8242.0,27531.0,298,0.0082,,511,2
Kuwait,2020-06-17,36958,8361.0,28206.0,303,0.0082,,527,5
Kuwait,2020-06-18,37533,8491.0,28896.0,306,0.0082,,575,3
Kuwait,2020-06-19,38074,8614.0,29512.0,308,0.0081,,541,2
Kuwait,2020-06-20,38678,8750.0,30190.0,313,0.0081,,604,5
Kuwait,2020-06-21,39145,8856.0,30726.0,319,0.0081,,467,6
Kuwait,2020-06-22,39650,8970.0,31240.0,326,0.0082,,505,7
Kuwait,2020-06-23,40291,9115.0,31770.0,330,0.0082,,641,4
Kuwait,2020-06-24,41033,9283.0,32304.0,334,0.0081,,742,4
Kuwait,2020-06-25,41879,9475.0,32809.0,337,0.008,,846,3
Kuwait,2020-06-26,42788,9680.0,33367.0,339,0.0079,,909,2
Kuwait,2020-06-27,43703,9887.0,33969.0,341,0.0078,,915,2
Kuwait,2020-06-28,44391,10043.0,34586.0,344,0.0077,,688,3
Kuwait,2020-06-29,44942,10168.0,35494.0,348,0.0077,,551,4
Kuwait,2020-06-30,45524,10299.0,36313.0,350,0.0077,,582,2
Kuwait,2020-07-01,46195,10451.0,37030.0,354,0.0077,,671,4
Kuwait,2020-07-02,46940,10620.0,37715.0,358,0.0076,,745,4
Kuwait,2020-07-03,47859,10828.0,38390.0,359,0.0075,,919,1
Kuwait,2020-07-04,48672,11011.0,39276.0,360,0.0074,,813,1
Kuwait,2020-07-05,49303,11154.0,39943.0,365,0.0074,,631,5
Kuwait,2020-07-06,49941,11299.0,40463.0,368,0.0074,,638,3
Kuwait,2020-07-07,50644,11458.0,41001.0,373,0.0074,,703,5
Kuwait,2020-07-09,52007,11766.0,42108.0,379,0.0073,,1363,6
Kuwait,2020-07-10,52007,11766.0,42108.0,379,0.0073,,0,0
Kuwait,2020-07-11,53580,12122.0,43214.0,383,0.0071,,1573,4
Kuwait,2020-07-12,54058,12230.0,0.0,386,0.0071,,478,3
Kuwait,2020-07-13,54058,12230.0,0.0,386,0.0071,,0,0
Kuwait,2020-07-14,55508,12558.0,45356.0,393,0.0071,,1450,7
Kuwait,2020-07-15,55508,12558.0,45356.0,393,0.0071,,0,0
Kuwait,2020-07-16,56877,12868.0,0.0,399,0.006999999999999999,,1369,6
Kuwait,2020-07-18,58221,13172.0,48381.0,404,0.0069,,1344,5
Kuwait,2020-07-19,58904,13326.0,49020.0,407,0.0069,,683,3
Kuwait,2020-07-19,58904,13326.0,49020.0,407,0.0069,,0,0
Kuwait,2020-07-21,59763,13521.0,50339.0,408,0.0068,,859,1
Kuwait,2020-07-22,60434,13673.0,50919.0,412,0.0068,,671,4
Kuwait,2020-07-23,61185,13842.0,51520.0,417,0.0068,,751,5
Kuwait,2020-07-24,61185,13842.0,51520.0,417,0.0068,,0,0
Kuwait,2020-07-25,62625,14168.0,52915.0,425,0.0068,,1440,8
Kuwait,2020-07-26,63309,14323.0,53607.0,429,0.0068,,684,4
Kuwait,2020-07-27,63773,14428.0,54373.0,433,0.0068,,464,4
Kuwait,2020-07-28,64379,14565.0,55057.0,438,0.0068,,606,5
Kuwait,2020-07-29,65149,14739.0,55681.0,442,0.0068,,770,4
Kuwait,2020-07-30,65903,14910.0,56467.0,444,0.0067,,754,2
Kuwait,2020-07-31,66529,15051.0,57330.0,445,0.0067,,626,1
Kuwait,2020-08-01,66957,15148.0,57932.0,447,0.0067,,428,2
Kuwait,2020-08-02,67448,15259.0,58525.0,453,0.0067,,491,6
Kuwait,2020-08-03,67911,15364.0,59212.0,457,0.0067,,463,4
Kuwait,2020-08-04,68299,15452.0,59739.0,461,0.0067,,388,4
Kuwait,2020-08-05,68299,15452.0,59739.0,461,0.0067,,0,0
Kuwait,2020-08-06,69425,15707.0,60906.0,468,0.0067,,1126,7
Kuwait,2020-08-07,70045,15847.0,61610.0,469,0.0067,,620,1
Kuwait,2020-08-08,70727,16001.0,62330.0,471,0.0067,,682,2
Kuwait,2020-08-09,71199,16108.0,62806.0,474,0.0067,,472,3
Kuwait,2020-08-10,71713,16224.0,63519.0,478,0.0067,,514,4
Kuwait,2020-08-11,72400,16380.0,64028.0,482,0.0067,,687,4
Kuwait,2020-08-12,73068,16531.0,64759.0,486,0.0067,,668,4
Kuwait,2020-08-13,73785,16693.0,65451.0,489,0.0066,,717,3
Kuwait,2020-08-14,74486,16852.0,66099.0,489,0.0066,,701,0
Kuwait,2020-08-15,75185,17010.0,66740.0,494,0.0066,,699,5
Kuwait,2020-08-16,75697,17126.0,67519.0,494,0.0065,,512,0
Kuwait,2020-08-17,76205,17241.0,68135.0,501,0.0066,,508,7
Kuwait,2020-08-18,76827,17381.0,68633.0,502,0.0065,,622,1
Kuwait,2020-08-19,77470,17527.0,69243.0,502,0.0065,,643,0
Kuwait,2020-08-20,78145,17679.0,69771.0,507,0.0065,,675,5
Kuwait,2020-08-22,79269,17934.0,71264.0,511,0.0064,,1124,4
Kuwait,2020-08-23,79957,18089.0,71770.0,513,0.0064,,688,2
Kuwait,2020-08-24,80528,18219.0,72307.0,515,0.0064,,571,2
Kuwait,2020-08-25,80960,18316.0,72925.0,518,0.0064,,432,3
Kuwait,2020-08-26,81573,18455.0,73402.0,519,0.0064,,613,1
Kuwait,2020-08-27,82271,18613.0,73402.0,521,0.0063,,698,2
Kuwait,2020-08-28,82945,18765.0,74522.0,522,0.0063,,674,1
Kuwait,2020-08-29,83578,18909.0,75320.0,525,0.0063,,633,3
Kuwait,2020-08-30,84224,19055.0,75993.0,528,0.0063,,646,3
Kuwait,2020-08-31,84636,19148.0,76650.0,530,0.0063,,412,2
Kuwait,2020-09-01,85109,19255.0,77224.0,531,0.0062,,473,1
Kuwait,2020-09-02,85811,19414.0,77657.0,534,0.0062,,702,3
Kuwait,2020-09-03,86478,19565.0,78209.0,535,0.0062,,667,1
Kuwait,2020-09-04,87378,19768.0,78791.0,536,0.0061,,900,1
Kuwait,2020-09-05,88243,19964.0,79417.0,537,0.0061,,865,1
Kuwait,2020-09-07,89582,20267.0,80521.0,544,0.0061,,1339,7
Kuwait,2020-09-08,90387,20449.0,81037.0,546,0.006,,805,2
Kuwait,2020-09-09,91244,20643.0,81654.0,548,0.006,,857,2
Kuwait,2020-09-10,92082,20833.0,82222.0,552,0.006,,838,4
Kuwait,2020-09-11,92822,21000.0,83040.0,556,0.006,,740,4
Kuwait,2020-09-12,93475,21148.0,83660.0,557,0.006,,653,1
Kuwait,2020-09-13,94211,21314.0,84404.0,558,0.0059,,736,1
Kuwait,2020-09-14,94764,21439.0,84995.0,560,0.0059,,553,2
Kuwait,2020-09-15,95472,21599.0,85501.0,563,0.0059,,708,3
Kuwait,2020-09-16,96301,21787.0,86201.0,568,0.0059,,829,5
Kuwait,2020-09-17,96999,21945.0,87187.0,571,0.0059,,698,3
Kuwait,2020-09-18,97824,22132.0,87911.0,576,0.0059,,825,5
Kuwait,2020-09-20,99049,22409.0,89498.0,581,0.0059,,1225,5
Kuwait,2020-09-21,99434,22496.0,90168.0,584,0.0059,,385,3
Kuwait,2020-09-22,99964,22616.0,90930.0,585,0.0059,,530,1
Kuwait,2020-09-23,100683,22778.0,91612.0,588,0.0058,,719,3
Kuwait,2020-09-24,101299,0.0,,590,0.0058,22918.0,616,2
Kuwait,2020-09-25,101851,0.0,,592,0.0058,23043.0,552,2
Kuwait,2020-09-26,102441,0.0,,595,0.0058,23176.0,590,3
Kuwait,2020-09-27,103199,0.0,,597,0.0058,23348.0,758,2
Kuwait,2020-09-28,103544,0.0,,601,0.0058,23426.0,345,4
Kuwait,2020-09-29,103981,0.0,,605,0.0058,23525.0,437,4
Kuwait,2020-09-30,104568,0.0,,607,0.0058,23657.0,587,2
Kuwait,2020-10-02,105676,0.0,,612,0.0058,23908.0,1108,5
Kuwait,2020-10-03,105676,0.0,,612,0.0058,23908.0,0,0
Kuwait,2020-10-04,106087,0.0,,615,0.0058,24001.0,411,3
Kuwait,2020-10-05,106458,0.0,,620,0.0058,24085.0,371,5
Kuwait,2020-10-06,107025,0.0,,624,0.0058,24213.0,567,4
Kuwait,2020-10-08,108268,0.0,,632,0.0058,24494.0,1243,8
Kuwait,2020-10-09,108743,0.0,,639,0.0059,24602.0,475,7
Kuwait,2020-10-10,109441,0.0,,642,0.0059,24760.0,698,3
Kuwait,2020-10-11,110076,0.0,,649,0.0059,24903.0,635,7
Kuwait,2020-10-12,110568,0.0,,655,0.0059,25015.0,492,6
Kuwait,2020-10-13,111116,0.0,,658,0.0059,25139.0,548,3
Kuwait,2020-10-14,111893,0.0,,664,0.0059,25315.0,777,6
Kuwait,2020-10-15,112737,0.0,,672,0.006,25505.0,844,8
Kuwait,2020-10-18,114744,0.0,,690,0.006,25960.0,2007,18
Kuwait,2020-10-19,115483,0.0,,694,0.006,26127.0,739,4
Kuwait,2020-10-20,116146,0.0,,701,0.006,26277.0,663,7
