Location,Date,Confirmed,Case_Per_1M_people,Recovered,Deaths,Mortality,Cases per 1 million people,NewCases,NewConfirmed,NewDeaths
,2020-03-31,,,,,,,,0.0,0.0
,2020-04-01,,,,,,,,,
,2020-04-02,,,,,,,,,
,2020-04-03,,,,,,,,,
,2020-04-07,,,,,,,,,
,2020-04-10,,,,,,,,,
,2020-04-11,,,,,,,,,
,2020-04-12,,,,,,,,,
,2020-04-14,,,,,,,,,
,2020-04-17,,,,,,,,,
,2020-04-18,,,,,,,,,
,2020-04-20,,,,,,,,,
,2020-04-22,,,,,,,,,
,2020-04-23,,,,,,,,,
,2020-04-24,,,,,,,,,
,2020-04-25,,,,,,,,,
,2020-04-26,,,,,,,,,
,2020-04-27,,,,,,,,,
,2020-04-28,,,,,,,,,
,2020-04-29,,,,,,,,,
,2020-04-30,,,,,,,,,
,2020-05-01,,,,,,,,,
,2020-05-02,,,,,,,,,
,2020-05-03,,,,,,,,,
,2020-05-04,,,,,,,,,
,2020-05-05,,,,,,,,,
,2020-05-06,,,,,,,,,
,2020-05-07,,,,,,,,,
,2020-05-08,,,,,,,,,
,2020-05-09,,,,,,,,,
,2020-05-10,,,,,,,,,
Lesotho,2020-05-11,0.0,0.0,0.0,0.0,,,,,
Lesotho,2020-05-12,0.0,0.0,0.0,0.0,,,,0.0,0.0
Lesotho,2020-05-13,0.0,0.0,0.0,0.0,,,,0.0,0.0
Lesotho,2020-05-15,0.0,0.0,0.0,0.0,,,,0.0,0.0
Lesotho,2020-05-16,0.0,0.0,0.0,0.0,,,,0.0,0.0
Lesotho,2020-05-17,0.0,0.0,0.0,0.0,,,,0.0,0.0
Lesotho,2020-05-18,0.0,0.0,0.0,0.0,,,,0.0,0.0
Lesotho,2020-05-19,0.0,0.0,0.0,0.0,,,,0.0,0.0
Lesotho,2020-05-20,0.0,0.0,0.0,0.0,,,,0.0,0.0
,2020-05-21,,,,,,,,,
Lesotho,2020-05-22,0.0,0.0,0.0,0.0,,,,,
Lesotho,2020-05-23,0.0,0.0,0.0,0.0,,,,0.0,0.0
Lesotho,2020-05-24,0.0,0.0,0.0,0.0,,,,0.0,0.0
Lesotho,2020-05-25,0.0,0.0,0.0,0.0,,,,0.0,0.0
Lesotho,2020-05-26,0.0,0.0,0.0,0.0,,,,0.0,0.0
Lesotho,2020-05-27,0.0,0.0,0.0,0.0,,,,0.0,0.0
Lesotho,2020-05-28,0.0,0.0,0.0,0.0,,,,0.0,0.0
Lesotho,2020-05-29,0.0,0.0,0.0,0.0,,,,0.0,0.0
Lesotho,2020-05-30,0.0,0.0,0.0,0.0,,,,0.0,0.0
Lesotho,2020-05-31,0.0,0.0,0.0,0.0,,,,0.0,0.0
Lesotho,2020-06-01,0.0,0.0,0.0,0.0,,,,0.0,0.0
Lesotho,2020-06-02,0.0,0.0,0.0,0.0,,,,0.0,0.0
Lesotho,2020-06-03,0.0,0.0,0.0,0.0,,,,0.0,0.0
Lesotho,2020-06-04,0.0,0.0,0.0,0.0,,,,0.0,0.0
Lesotho,2020-06-05,0.0,0.0,0.0,0.0,,,,0.0,0.0
Lesotho,2020-06-06,0.0,0.0,0.0,0.0,,,,0.0,0.0
Lesotho,2020-06-07,0.0,0.0,0.0,0.0,,,,0.0,0.0
Lesotho,2020-06-08,0.0,0.0,0.0,0.0,,,,0.0,0.0
Lesotho,2020-06-09,0.0,0.0,0.0,0.0,,,,0.0,0.0
Lesotho,2020-06-10,0.0,0.0,0.0,0.0,,,,0.0,0.0
Lesotho,2020-06-12,0.0,0.0,0.0,0.0,,,,0.0,0.0
Lesotho,2020-06-13,0.0,0.0,0.0,0.0,,,,0.0,0.0
Lesotho,2020-06-14,0.0,0.0,0.0,0.0,,,,0.0,0.0
Lesotho,2020-06-15,0.0,0.0,0.0,0.0,,,,0.0,0.0
Lesotho,2020-06-16,0.0,0.0,0.0,0.0,,,,0.0,0.0
Lesotho,2020-06-17,0.0,0.0,0.0,0.0,,,,0.0,0.0
Lesotho,2020-06-18,0.0,0.0,0.0,0.0,,,,0.0,0.0
Lesotho,2020-06-19,0.0,0.0,0.0,0.0,,,,0.0,0.0
Lesotho,2020-06-20,0.0,0.0,0.0,0.0,,,,0.0,0.0
Lesotho,2020-06-21,0.0,0.0,0.0,0.0,,,,0.0,0.0
Lesotho,2020-06-22,0.0,0.0,0.0,0.0,,,,0.0,0.0
Lesotho,2020-06-23,0.0,0.0,0.0,0.0,,,,0.0,0.0
Lesotho,2020-06-24,0.0,0.0,0.0,0.0,,,,0.0,0.0
Lesotho,2020-06-25,0.0,0.0,0.0,0.0,,,,0.0,0.0
Lesotho,2020-06-26,0.0,0.0,0.0,0.0,,,,0.0,0.0
Lesotho,2020-06-27,0.0,0.0,0.0,0.0,,,,0.0,0.0
Lesotho,2020-06-28,0.0,0.0,0.0,0.0,,,,0.0,0.0
Lesotho,2020-06-29,0.0,0.0,0.0,0.0,,,,0.0,0.0
Lesotho,2020-06-30,0.0,0.0,0.0,0.0,,,,0.0,0.0
Lesotho,2020-07-01,0.0,0.0,0.0,0.0,,,,0.0,0.0
Lesotho,2020-07-02,27.0,13.0,4.0,0.0,0.0,,,27.0,0.0
Lesotho,2020-07-03,35.0,17.0,11.0,0.0,0.0,,,8.0,0.0
Lesotho,2020-07-04,35.0,17.0,11.0,0.0,0.0,,,0.0,0.0
Lesotho,2020-07-05,63.0,31.0,11.0,0.0,0.0,,,28.0,0.0
Lesotho,2020-07-06,79.0,39.0,11.0,0.0,0.0,,,16.0,0.0
Lesotho,2020-07-07,91.0,45.0,11.0,0.0,0.0,,,12.0,0.0
Lesotho,2020-07-09,91.0,45.0,11.0,0.0,0.0,,,0.0,0.0
Lesotho,2020-07-10,134.0,67.0,0.0,0.0,0.0,,,43.0,0.0
Lesotho,2020-07-11,184.0,92.0,26.0,1.0,0.0054,,,50.0,1.0
Lesotho,2020-07-12,184.0,92.0,26.0,1.0,0.0054,,,0.0,0.0
Lesotho,2020-07-14,245.0,122.0,33.0,3.0,0.0122,,,61.0,2.0
Lesotho,2020-07-15,256.0,128.0,48.0,3.0,0.0117,,,11.0,0.0
Lesotho,2020-07-16,256.0,128.0,48.0,3.0,0.0117,,,0.0,0.0
Lesotho,2020-07-18,311.0,155.0,69.0,6.0,0.0193,,,55.0,3.0
Lesotho,2020-07-19,359.0,179.0,69.0,6.0,0.0167,,,48.0,0.0
Lesotho,2020-07-19,359.0,179.0,69.0,6.0,0.0167,,,0.0,0.0
Lesotho,2020-07-21,359.0,179.0,69.0,6.0,0.0167,,,0.0,0.0
Lesotho,2020-07-22,359.0,179.0,69.0,6.0,0.0167,,,0.0,0.0
Lesotho,2020-07-23,359.0,179.0,69.0,6.0,0.0167,,,0.0,0.0
Lesotho,2020-07-24,359.0,179.0,69.0,6.0,0.0167,,,0.0,0.0
Lesotho,2020-07-25,359.0,179.0,69.0,6.0,0.0167,,,0.0,0.0
Lesotho,2020-07-26,419.0,209.0,0.0,9.0,0.0215,,,60.0,3.0
Lesotho,2020-07-27,505.0,252.0,128.0,12.0,0.0238,,,86.0,3.0
Lesotho,2020-07-28,505.0,252.0,128.0,12.0,0.0238,,,0.0,0.0
Lesotho,2020-07-29,505.0,252.0,128.0,12.0,0.0238,,,0.0,0.0
Lesotho,2020-07-30,505.0,252.0,128.0,12.0,0.0238,,,0.0,0.0
Lesotho,2020-07-31,576.0,287.0,141.0,13.0,0.0226,,,71.0,1.0
Lesotho,2020-08-01,604.0,301.0,144.0,13.0,0.0215,,,28.0,0.0
Lesotho,2020-08-02,702.0,350.0,171.0,14.0,0.0199,,,98.0,1.0
Lesotho,2020-08-03,702.0,350.0,171.0,14.0,0.0199,,,0.0,0.0
Lesotho,2020-08-04,718.0,358.0,173.0,19.0,0.0265,,,16.0,5.0
Lesotho,2020-08-05,718.0,358.0,173.0,19.0,0.0265,,,0.0,0.0
Lesotho,2020-08-06,726.0,362.0,174.0,21.0,0.0289,,,8.0,2.0
Lesotho,2020-08-07,742.0,370.0,175.0,23.0,0.031,,,16.0,2.0
Lesotho,2020-08-08,742.0,370.0,175.0,23.0,0.031,,,0.0,0.0
Lesotho,2020-08-09,742.0,370.0,175.0,23.0,0.031,,,0.0,0.0
Lesotho,2020-08-10,742.0,370.0,175.0,23.0,0.031,,,0.0,0.0
Lesotho,2020-08-11,742.0,370.0,175.0,23.0,0.031,,,0.0,0.0
Lesotho,2020-08-12,781.0,389.0,0.0,24.0,0.0307,,,39.0,1.0
Lesotho,2020-08-13,815.0,406.0,220.0,24.0,0.0294,,,34.0,0.0
Lesotho,2020-08-14,815.0,406.0,220.0,24.0,0.0294,,,0.0,0.0
Lesotho,2020-08-15,884.0,440.0,271.0,25.0,0.0283,,,69.0,1.0
Lesotho,2020-08-16,903.0,450.0,271.0,25.0,0.0277,,,19.0,0.0
Lesotho,2020-08-17,946.0,471.0,423.0,30.0,0.0317,,,43.0,5.0
Lesotho,2020-08-18,946.0,471.0,423.0,30.0,0.0317,,,0.0,0.0
Lesotho,2020-08-19,946.0,471.0,423.0,30.0,0.0317,,,0.0,0.0
Lesotho,2020-08-20,946.0,471.0,423.0,30.0,0.0317,,,0.0,0.0
Lesotho,2020-08-22,1016.0,506.0,472.0,30.0,0.0295,,,70.0,0.0
Lesotho,2020-08-23,1016.0,506.0,472.0,30.0,0.0295,,,0.0,0.0
Lesotho,2020-08-24,1015.0,506.0,472.0,30.0,0.0296,,,0.0,0.0
Lesotho,2020-08-25,1015.0,506.0,472.0,30.0,0.0296,,,0.0,0.0
Lesotho,2020-08-26,1049.0,523.0,0.0,30.0,0.0286,,,34.0,0.0
Lesotho,2020-08-27,1051.0,524.0,526.0,31.0,0.0295,,,2.0,1.0
Lesotho,2020-08-28,1051.0,524.0,526.0,31.0,0.0295,,,0.0,0.0
Lesotho,2020-08-29,1051.0,524.0,526.0,31.0,0.0295,,,0.0,0.0
Lesotho,2020-08-30,1051.0,524.0,526.0,31.0,0.0295,,,0.0,0.0
Lesotho,2020-08-31,1051.0,524.0,526.0,31.0,0.0295,,,0.0,0.0
Lesotho,2020-09-01,1051.0,524.0,526.0,31.0,0.0295,,,0.0,0.0
Lesotho,2020-09-02,1066.0,531.0,0.0,31.0,0.0291,,,15.0,0.0
Lesotho,2020-09-03,1066.0,531.0,0.0,31.0,0.0291,,,0.0,0.0
Lesotho,2020-09-04,1066.0,531.0,0.0,31.0,0.0291,,,0.0,0.0
Lesotho,2020-09-05,1085.0,541.0,528.0,31.0,0.0286,,,19.0,0.0
Lesotho,2020-09-07,1148.0,572.0,0.0,31.0,0.027000000000000003,,,63.0,0.0
Lesotho,2020-09-08,1148.0,572.0,0.0,31.0,0.027000000000000003,,,0.0,0.0
Lesotho,2020-09-09,1164.0,580.0,568.0,31.0,0.0266,,,16.0,0.0
Lesotho,2020-09-10,1164.0,580.0,568.0,31.0,0.0266,,,0.0,0.0
Lesotho,2020-09-11,1164.0,580.0,568.0,31.0,0.0266,,,0.0,0.0
Lesotho,2020-09-12,1164.0,580.0,568.0,31.0,0.0266,,,0.0,0.0
Lesotho,2020-09-13,1245.0,620.0,0.0,33.0,0.0265,,,81.0,2.0
Lesotho,2020-09-14,1245.0,620.0,0.0,33.0,0.0265,,,0.0,0.0
Lesotho,2020-09-15,1245.0,620.0,661.0,33.0,0.0265,,,0.0,0.0
Lesotho,2020-09-16,1245.0,620.0,661.0,33.0,0.0265,,,0.0,0.0
Lesotho,2020-09-17,1245.0,620.0,661.0,33.0,0.0265,,,0.0,0.0
Lesotho,2020-09-18,1245.0,620.0,661.0,33.0,0.0265,,,0.0,0.0
Lesotho,2020-09-20,1327.0,661.0,0.0,33.0,0.0249,,,82.0,0.0
Lesotho,2020-09-21,1327.0,661.0,0.0,33.0,0.0249,,,0.0,0.0
Lesotho,2020-09-22,1327.0,661.0,0.0,33.0,0.0249,,,0.0,0.0
Lesotho,2020-09-23,1327.0,661.0,0.0,33.0,0.0249,,,0.0,0.0
Lesotho,2020-09-24,1390.0,0.0,,33.0,0.0237,693.0,,63.0,0.0
Lesotho,2020-09-25,1390.0,0.0,,33.0,0.0237,693.0,,0.0,0.0
Lesotho,2020-09-26,1554.0,0.0,,35.0,0.0225,774.0,,164.0,2.0
Lesotho,2020-09-27,1554.0,0.0,,35.0,0.0225,774.0,,0.0,0.0
Lesotho,2020-09-28,1554.0,0.0,,35.0,0.0225,774.0,,0.0,0.0
Lesotho,2020-09-29,1554.0,0.0,,35.0,0.0225,774.0,,0.0,0.0
Lesotho,2020-09-30,1554.0,0.0,,35.0,0.0225,774.0,,0.0,0.0
Lesotho,2020-10-02,1595.0,0.0,,36.0,0.0226,795.0,,41.0,1.0
Lesotho,2020-10-03,1639.0,0.0,,38.0,0.0232,817.0,,44.0,2.0
Lesotho,2020-10-04,1680.0,0.0,,39.0,0.0232,837.0,,41.0,1.0
Lesotho,2020-10-05,1680.0,0.0,,39.0,0.0232,837.0,,0.0,0.0
Lesotho,2020-10-06,1683.0,0.0,,39.0,0.0232,838.0,,3.0,0.0
Lesotho,2020-10-08,1683.0,0.0,,39.0,0.0232,838.0,,0.0,0.0
Lesotho,2020-10-09,1767.0,0.0,,40.0,0.0226,880.0,,84.0,1.0
Lesotho,2020-10-10,1786.0,0.0,,41.0,0.023,890.0,,19.0,1.0
Lesotho,2020-10-11,1800.0,0.0,,42.0,0.0233,897.0,,14.0,1.0
Lesotho,2020-10-12,1800.0,0.0,,42.0,0.0233,897.0,,0.0,0.0
Lesotho,2020-10-13,1805.0,0.0,,42.0,0.0233,899.0,,5.0,0.0
Lesotho,2020-10-14,1805.0,0.0,,42.0,0.0233,899.0,,0.0,0.0
Lesotho,2020-10-15,1822.0,0.0,,42.0,0.0231,908.0,,17.0,0.0
Lesotho,2020-10-18,1833.0,0.0,,42.0,0.0229,913.0,,11.0,0.0
Lesotho,2020-10-19,1833.0,0.0,,42.0,0.0229,913.0,,0.0,0.0
Lesotho,2020-10-20,1833.0,0.0,,42.0,0.0229,913.0,,0.0,0.0
Lesotho,2020-10-22,1918.0,0.0,,43.0,0.0224,956.0,,85.0,1.0
Lesotho,2020-10-23,1918.0,0.0,,43.0,0.0224,956.0,,0.0,0.0
Lesotho,2020-10-24,1923.0,0.0,,43.0,0.0224,958.0,,5.0,0.0
Lesotho,2020-10-25,1934.0,0.0,,43.0,0.0222,964.0,,11.0,0.0
Lesotho,2020-10-26,1940.0,0.0,,43.0,0.0222,967.0,,6.0,0.0
Lesotho,2020-10-27,1940.0,0.0,,43.0,0.0222,967.0,,0.0,0.0
Lesotho,2020-10-28,1947.0,970.0,,43.0,0.0221,,4.0,7.0,0.0
Lesotho,2020-10-29,1947.0,970.0,,43.0,0.0221,,4.0,0.0,0.0
Lesotho,2020-10-30,1947.0,970.0,,43.0,0.0221,,0.0,0.0,0.0
Lesotho,2020-10-31,1947.0,970.0,,43.0,0.0221,,0.0,0.0,0.0
Lesotho,2020-11-01,1953.0,973.0,,44.0,0.0225,,6.0,6.0,1.0
Lesotho,2020-11-02,1953.0,973.0,,44.0,0.0225,,0.0,0.0,0.0
Lesotho,2020-11-03,1953.0,973.0,,44.0,0.0225,,0.0,0.0,0.0
Lesotho,2020-11-04,1961.0,977.0,,44.0,0.0224,,8.0,8.0,0.0
Lesotho,2020-11-05,1961.0,977.0,,44.0,0.0224,,0.0,0.0,0.0
Lesotho,2020-11-06,1963.0,978.0,,44.0,0.0224,,2.0,2.0,0.0
Lesotho,2020-11-07,1963.0,978.0,,44.0,0.0224,,0.0,0.0,0.0
Lesotho,2020-11-08,1967.0,980.0,,44.0,0.0224,,4.0,4.0,0.0
Lesotho,2020-11-09,1967.0,980.0,,44.0,0.0224,,0.0,0.0,0.0
Lesotho,2020-11-10,1967.0,980.0,,44.0,0.0224,,0.0,0.0,0.0
Lesotho,2020-11-11,1967.0,980.0,,44.0,0.0224,,0.0,0.0,0.0
Lesotho,2020-11-12,2026.0,1009.0,,44.0,0.0217,,59.0,59.0,0.0
Lesotho,2020-11-13,2026.0,1009.0,,44.0,0.0217,,0.0,0.0,0.0
Lesotho,2020-11-15,2041.0,1017.0,,44.0,0.0216,,15.0,15.0,0.0
Lesotho,2020-11-16,2041.0,1017.0,,44.0,0.0216,,0.0,0.0,0.0
Lesotho,2020-11-17,2041.0,1017.0,,44.0,0.0216,,0.0,0.0,0.0
Lesotho,2020-11-18,2041.0,1017.0,,44.0,0.0216,,0.0,0.0,0.0
Lesotho,2020-11-19,2052.0,1022.0,,44.0,0.0214,,11.0,11.0,0.0
Lesotho,2020-11-20,2058.0,1025.0,,44.0,0.0214,,6.0,6.0,0.0
Lesotho,2020-11-21,2065.0,1029.0,,44.0,0.0213,,7.0,7.0,0.0
Lesotho,2020-11-22,2066.0,1029.0,,44.0,0.0213,,1.0,1.0,0.0
