Location,Date,Confirmed,Case_Per_1M_people,Recovered,Deaths,Mortality,NewConfirmed,NewDeaths
Libya,2020-03-31,8.0,1.19,0.0,0.0,0.0,0.0,0.0
Libya,2020-04-01,10.0,1.49,1.0,0.0,0.0,2.0,0.0
Libya,2020-04-02,10.0,1.49,1.0,0.0,0.0,0.0,0.0
Libya,2020-04-03,10.0,1.49,1.0,0.0,0.0,0.0,0.0
Libya,2020-04-07,19.0,2.77,1.0,1.0,0.05263157894736842,9.0,1.0
Libya,2020-04-10,24.0,3.49,8.0,1.0,0.04166666666666666,5.0,0.0
Libya,2020-04-11,24.0,3.49,8.0,1.0,0.04166666666666666,0.0,0.0
Libya,2020-04-12,24.0,3.49,8.0,1.0,0.04166666666666666,0.0,0.0
Libya,2020-04-14,26.0,3.78,9.0,1.0,0.038461538461538464,2.0,0.0
Libya,2020-04-17,49.0,7.13,11.0,1.0,0.020408163265306117,23.0,0.0
Libya,2020-04-18,49.0,7.13,11.0,1.0,0.020408163265306117,0.0,0.0
Libya,2020-04-20,51.0,7.42,11.0,1.0,0.0196078431372549,2.0,0.0
Libya,2020-04-22,51.0,7.42,15.0,1.0,0.0196078431372549,0.0,0.0
Libya,2020-04-23,59.0,8.59,18.0,1.0,0.01694915254237288,8.0,0.0
Libya,2020-04-24,60.0,8.73,18.0,2.0,0.03333333333333333,1.0,1.0
Libya,2020-04-25,61.0,8.88,18.0,2.0,0.032786885245901634,1.0,0.0
Libya,2020-04-26,61.0,8.88,18.0,2.0,0.032786885245901634,0.0,0.0
Libya,2020-04-27,61.0,8.88,18.0,2.0,0.032786885245901634,0.0,0.0
Libya,2020-04-28,61.0,8.88,18.0,2.0,0.032786885245901634,0.0,0.0
Libya,2020-04-29,61.0,8.88,18.0,2.0,0.032786885245901634,0.0,0.0
Libya,2020-04-30,61.0,8.88,18.0,2.0,0.032786885245901634,0.0,0.0
Libya,2020-05-01,61.0,9.0,18.0,3.0,0.049180327868852465,0.0,1.0
Libya,2020-05-02,63.0,9.0,18.0,3.0,0.047619047619047616,2.0,0.0
Libya,2020-05-03,63.0,9.0,22.0,3.0,0.047619047619047616,0.0,0.0
Libya,2020-05-04,63.0,9.0,22.0,3.0,0.047619047619047616,0.0,0.0
Libya,2020-05-05,63.0,9.0,23.0,3.0,0.047619047619047616,0.0,0.0
Libya,2020-05-06,63.0,9.0,23.0,3.0,0.047619047619047616,0.0,0.0
Libya,2020-05-07,64.0,9.0,24.0,3.0,0.046875,1.0,0.0
Libya,2020-05-08,64.0,9.0,24.0,3.0,0.046875,0.0,0.0
Libya,2020-05-09,64.0,9.0,24.0,3.0,0.046875,0.0,0.0
Libya,2020-05-10,64.0,9.0,24.0,3.0,0.046875,0.0,0.0
Libya,2020-05-11,64.0,9.0,24.0,3.0,0.046875,0.0,0.0
Libya,2020-05-12,64.0,9.0,28.0,3.0,0.046875,0.0,0.0
Libya,2020-05-13,64.0,9.0,28.0,3.0,0.046875,0.0,0.0
Libya,2020-05-15,64.0,9.0,28.0,3.0,0.046875,0.0,0.0
Libya,2020-05-16,64.0,9.0,28.0,3.0,0.046875,0.0,0.0
Libya,2020-05-17,64.0,9.0,28.0,3.0,0.046875,0.0,0.0
Libya,2020-05-18,65.0,9.0,28.0,3.0,0.04615384615384616,1.0,0.0
Libya,2020-05-19,65.0,9.0,35.0,3.0,0.04615384615384616,0.0,0.0
Libya,2020-05-20,68.0,10.0,35.0,3.0,0.04411764705882353,3.0,0.0
,2020-05-21,,,,,,,
Libya,2020-05-22,71.0,10.0,35.0,3.0,0.04225352112676056,,
Libya,2020-05-23,71.0,10.0,35.0,3.0,0.04225352112676056,0.0,0.0
Libya,2020-05-24,75.0,11.0,39.0,3.0,0.04,4.0,0.0
Libya,2020-05-25,75.0,11.0,39.0,3.0,0.04,0.0,0.0
Libya,2020-05-26,75.0,11.0,39.0,3.0,0.04,0.0,0.0
Libya,2020-05-27,77.0,11.0,40.0,3.0,0.03896103896103896,2.0,0.0
Libya,2020-05-28,99.0,14.0,40.0,4.0,0.040404040404040414,22.0,1.0
Libya,2020-05-29,105.0,15.0,40.0,5.0,0.047619047619047616,6.0,1.0
Libya,2020-05-30,118.0,17.0,41.0,5.0,0.0423728813559322,13.0,0.0
Libya,2020-05-31,130.0,19.0,50.0,5.0,0.038461538461538464,12.0,0.0
Libya,2020-06-01,156.0,23.0,52.0,5.0,0.03205128205128205,26.0,0.0
Libya,2020-06-02,168.0,24.0,52.0,5.0,0.029761904761904764,12.0,0.0
Libya,2020-06-03,182.0,26.0,52.0,5.0,0.0275,14.0,0.0
Libya,2020-06-04,196.0,29.0,52.0,5.0,0.0255,14.0,0.0
Libya,2020-06-05,209.0,30.0,52.0,5.0,0.0239,13.0,0.0
Libya,2020-06-06,239.0,35.0,52.0,5.0,0.0209,30.0,0.0
Libya,2020-06-07,256.0,37.0,52.0,5.0,0.0195,17.0,0.0
Libya,2020-06-08,256.0,37.0,52.0,5.0,0.0195,0.0,0.0
Libya,2020-06-09,270.0,39.0,57.0,5.0,0.0185,14.0,0.0
Libya,2020-06-10,359.0,52.0,58.0,5.0,0.0139,89.0,0.0
Libya,2020-06-12,378.0,55.0,59.0,5.0,0.0132,19.0,0.0
Libya,2020-06-13,393.0,57.0,59.0,5.0,0.0127,15.0,0.0
Libya,2020-06-14,409.0,60.0,59.0,6.0,0.0147,16.0,1.0
Libya,2020-06-15,418.0,61.0,62.0,8.0,0.0191,9.0,2.0
Libya,2020-06-16,418.0,61.0,62.0,8.0,0.0191,0.0,0.0
Libya,2020-06-17,484.0,70.0,76.0,10.0,0.0207,66.0,2.0
Libya,2020-06-18,500.0,73.0,78.0,10.0,0.02,16.0,0.0
Libya,2020-06-19,510.0,74.0,81.0,10.0,0.0196,10.0,0.0
Libya,2020-06-20,520.0,76.0,83.0,10.0,0.0192,10.0,0.0
Libya,2020-06-21,520.0,76.0,83.0,10.0,0.0192,0.0,0.0
Libya,2020-06-22,544.0,79.0,98.0,10.0,0.0184,24.0,0.0
Libya,2020-06-23,571.0,83.0,103.0,10.0,0.0175,27.0,0.0
Libya,2020-06-24,639.0,93.0,132.0,17.0,0.0266,68.0,7.0
Libya,2020-06-25,670.0,98.0,138.0,18.0,0.0269,31.0,1.0
Libya,2020-06-26,698.0,102.0,140.0,18.0,0.0258,28.0,0.0
Libya,2020-06-27,713.0,104.0,142.0,18.0,0.0252,15.0,0.0
Libya,2020-06-28,713.0,104.0,142.0,18.0,0.0252,0.0,0.0
Libya,2020-06-29,762.0,111.0,196.0,21.0,0.0276,49.0,3.0
Libya,2020-06-30,802.0,117.0,206.0,23.0,0.0287,40.0,2.0
Libya,2020-07-01,802.0,117.0,206.0,23.0,0.0287,0.0,0.0
Libya,2020-07-02,802.0,117.0,206.0,23.0,0.0287,0.0,0.0
Libya,2020-07-03,824.0,120.0,209.0,24.0,0.0291,22.0,1.0
Libya,2020-07-04,918.0,134.0,230.0,27.0,0.0294,94.0,3.0
Libya,2020-07-05,918.0,134.0,230.0,27.0,0.0294,0.0,0.0
Libya,2020-07-06,1046.0,152.0,261.0,32.0,0.0306,128.0,5.0
Libya,2020-07-07,1117.0,163.0,269.0,34.0,0.0304,71.0,2.0
Libya,2020-07-09,1182.0,172.0,295.0,35.0,0.0296,65.0,1.0
Libya,2020-07-10,1268.0,185.0,306.0,36.0,0.0284,86.0,1.0
Libya,2020-07-11,1342.0,195.0,307.0,38.0,0.0283,74.0,2.0
Libya,2020-07-12,1342.0,195.0,307.0,38.0,0.0283,0.0,0.0
Libya,2020-07-13,1389.0,202.0,0.0,38.0,0.0274,47.0,0.0
Libya,2020-07-14,1433.0,209.0,0.0,39.0,0.0272,44.0,1.0
Libya,2020-07-15,1512.0,220.0,0.0,40.0,0.0265,79.0,1.0
Libya,2020-07-16,1512.0,220.0,0.0,42.0,0.0278,0.0,2.0
Libya,2020-07-18,1652.0,240.0,379.0,46.0,0.0278,140.0,4.0
Libya,2020-07-19,1791.0,261.0,385.0,48.0,0.0268,139.0,2.0
Libya,2020-07-19,1791.0,261.0,385.0,48.0,0.0268,0.0,0.0
Libya,2020-07-21,1791.0,261.0,385.0,48.0,0.0268,0.0,0.0
Libya,2020-07-22,1866.0,272.0,0.0,48.0,0.0257,75.0,0.0
Libya,2020-07-23,2088.0,304.0,0.0,50.0,0.0239,222.0,2.0
Libya,2020-07-24,2176.0,317.0,489.0,53.0,0.0244,88.0,3.0
Libya,2020-07-25,2424.0,353.0,504.0,57.0,0.0235,248.0,4.0
Libya,2020-07-26,2547.0,371.0,510.0,58.0,0.0228,123.0,1.0
Libya,2020-07-27,2669.0,388.0,553.0,60.0,0.0225,122.0,2.0
Libya,2020-07-28,2827.0,411.0,577.0,64.0,0.0226,158.0,4.0
Libya,2020-07-29,3017.0,439.0,579.0,67.0,0.0222,190.0,3.0
Libya,2020-07-30,3017.0,439.0,579.0,67.0,0.0222,0.0,0.0
Libya,2020-07-31,3222.0,469.0,596.0,76.0,0.0236,205.0,9.0
Libya,2020-08-01,3621.0,527.0,618.0,74.0,0.0204,399.0,0.0
Libya,2020-08-02,3621.0,527.0,618.0,74.0,0.0204,0.0,0.0
Libya,2020-08-03,3691.0,537.0,0.0,80.0,0.0217,70.0,6.0
Libya,2020-08-04,3837.0,558.0,6123.0,83.0,0.0216,146.0,3.0
Libya,2020-08-05,3837.0,558.0,6123.0,83.0,0.0216,0.0,0.0
Libya,2020-08-06,4224.0,615.0,633.0,96.0,0.0227,387.0,13.0
Libya,2020-08-07,4475.0,651.0,640.0,99.0,0.0221,251.0,3.0
Libya,2020-08-08,4879.0,710.0,0.0,107.0,0.0219,404.0,8.0
Libya,2020-08-09,5079.0,739.0,660.0,108.0,0.0213,200.0,1.0
Libya,2020-08-10,5232.0,761.0,691.0,113.0,0.0216,153.0,5.0
Libya,2020-08-11,5541.0,806.0,710.0,120.0,0.0217,309.0,7.0
Libya,2020-08-12,5929.0,863.0,724.0,125.0,0.0211,388.0,5.0
Libya,2020-08-13,6302.0,917.0,740.0,132.0,0.0209,373.0,7.0
Libya,2020-08-14,6611.0,962.0,0.0,132.0,0.02,309.0,0.0
Libya,2020-08-15,7050.0,1026.0,816.0,135.0,0.0191,439.0,3.0
Libya,2020-08-16,7050.0,1026.0,816.0,135.0,0.0191,0.0,0.0
Libya,2020-08-17,7738.0,1126.0,894.0,145.0,0.0187,688.0,10.0
Libya,2020-08-18,7738.0,1126.0,894.0,145.0,0.0187,0.0,0.0
Libya,2020-08-19,8579.0,1249.0,969.0,157.0,0.0183,841.0,12.0
Libya,2020-08-20,8579.0,1249.0,969.0,157.0,0.0183,0.0,0.0
Libya,2020-08-22,9707.0,1413.0,1047.0,173.0,0.0178,1128.0,16.0
Libya,2020-08-23,9707.0,1413.0,1047.0,173.0,0.0178,0.0,0.0
Libya,2020-08-24,10437.0,1519.0,1085.0,188.0,0.018000000000000002,730.0,15.0
Libya,2020-08-25,10437.0,1519.0,1085.0,188.0,0.018000000000000002,0.0,0.0
Libya,2020-08-26,10437.0,1519.0,1085.0,188.0,0.018000000000000002,0.0,0.0
Libya,2020-08-27,11834.0,1722.0,1152.0,210.0,0.0177,1397.0,22.0
Libya,2020-08-28,11834.0,1722.0,1152.0,210.0,0.0177,0.0,0.0
Libya,2020-08-29,12629.0,1838.0,1310.0,226.0,0.0179,795.0,16.0
Libya,2020-08-30,12958.0,1886.0,1333.0,231.0,0.0178,329.0,5.0
Libya,2020-08-31,12958.0,1886.0,1333.0,231.0,0.0178,0.0,0.0
Libya,2020-09-01,12958.0,1886.0,1333.0,231.0,0.0178,0.0,0.0
Libya,2020-09-02,13423.0,1953.0,0.0,232.0,0.0173,465.0,1.0
Libya,2020-09-03,15156.0,2206.0,1746.0,250.0,0.0165,1733.0,18.0
Libya,2020-09-04,15773.0,2295.0,1856.0,254.0,0.0161,617.0,4.0
Libya,2020-09-05,15773.0,2295.0,1856.0,254.0,0.0161,0.0,0.0
Libya,2020-09-07,17749.0,2583.0,2081.0,285.0,0.0161,1976.0,31.0
Libya,2020-09-08,18834.0,2741.0,2162.0,296.0,0.0157,1085.0,11.0
Libya,2020-09-09,19583.0,2850.0,2247.0,314.0,0.016,749.0,18.0
Libya,2020-09-10,20462.0,2978.0,2329.0,324.0,0.0158,879.0,10.0
Libya,2020-09-11,20939.0,3047.0,2420.0,339.0,0.0162,477.0,15.0
Libya,2020-09-12,20939.0,3047.0,2420.0,339.0,0.0162,0.0,0.0
Libya,2020-09-13,20939.0,3047.0,2420.0,339.0,0.0162,0.0,0.0
Libya,2020-09-14,22781.0,3315.0,2420.0,362.0,0.0159,1842.0,23.0
Libya,2020-09-15,22781.0,3315.0,2420.0,362.0,0.0159,0.0,0.0
Libya,2020-09-16,22781.0,3315.0,2420.0,362.0,0.0159,0.0,0.0
Libya,2020-09-17,22781.0,3315.0,2420.0,362.0,0.0159,0.0,0.0
Libya,2020-09-18,22781.0,3315.0,2420.0,362.0,0.0159,0.0,0.0
Libya,2020-09-20,22781.0,3315.0,2420.0,362.0,0.0159,0.0,0.0
