Location,Date,Confirmed,Case_Per_1M_people,Recovered,Deaths,Mortality,Cases per 1 million people,NewConfirmed,NewDeaths
Madagascar,2020-03-31,43.0,1.72,0.0,0.0,0.0,,0.0,0.0
Madagascar,2020-04-01,57.0,2.28,0.0,0.0,0.0,,14.0,0.0
Madagascar,2020-04-02,57.0,2.28,0.0,0.0,0.0,,0.0,0.0
Madagascar,2020-04-03,59.0,2.36,0.0,0.0,0.0,,2.0,0.0
Madagascar,2020-04-07,72.0,2.74,2.0,0.0,0.0,,13.0,0.0
Madagascar,2020-04-10,93.0,3.54,11.0,0.0,0.0,,21.0,0.0
Madagascar,2020-04-11,93.0,3.54,11.0,0.0,0.0,,0.0,0.0
Madagascar,2020-04-12,102.0,3.89,11.0,0.0,0.0,,9.0,0.0
Madagascar,2020-04-14,106.0,4.04,20.0,0.0,0.0,,4.0,0.0
Madagascar,2020-04-17,111.0,4.23,33.0,0.0,0.0,,5.0,0.0
Madagascar,2020-04-18,117.0,4.46,33.0,0.0,0.0,,6.0,0.0
Madagascar,2020-04-20,121.0,4.61,39.0,0.0,0.0,,4.0,0.0
Madagascar,2020-04-22,121.0,4.61,39.0,0.0,0.0,,0.0,0.0
Madagascar,2020-04-23,121.0,4.61,39.0,0.0,0.0,,0.0,0.0
Madagascar,2020-04-24,121.0,4.61,58.0,0.0,0.0,,0.0,0.0
Madagascar,2020-04-25,122.0,4.65,61.0,0.0,0.0,,1.0,0.0
Madagascar,2020-04-26,123.0,4.69,62.0,0.0,0.0,,1.0,0.0
Madagascar,2020-04-27,124.0,4.72,71.0,0.0,0.0,,1.0,0.0
Madagascar,2020-04-28,128.0,4.88,71.0,0.0,0.0,,4.0,0.0
Madagascar,2020-04-29,128.0,4.88,71.0,0.0,0.0,,0.0,0.0
Madagascar,2020-04-30,128.0,4.88,71.0,0.0,0.0,,0.0,0.0
Madagascar,2020-05-01,128.0,5.0,92.0,0.0,0.0,,0.0,0.0
Madagascar,2020-05-02,132.0,5.0,94.0,0.0,0.0,,4.0,0.0
Madagascar,2020-05-03,135.0,5.0,97.0,0.0,0.0,,3.0,0.0
Madagascar,2020-05-04,135.0,5.0,97.0,0.0,0.0,,0.0,0.0
Madagascar,2020-05-05,151.0,6.0,99.0,0.0,0.0,,16.0,0.0
Madagascar,2020-05-06,151.0,6.0,99.0,0.0,0.0,,0.0,0.0
Madagascar,2020-05-07,158.0,6.0,101.0,0.0,0.0,,7.0,0.0
Madagascar,2020-05-08,193.0,7.0,101.0,0.0,0.0,,35.0,0.0
Madagascar,2020-05-09,193.0,7.0,101.0,0.0,0.0,,0.0,0.0
Madagascar,2020-05-10,193.0,7.0,101.0,0.0,0.0,,0.0,0.0
Madagascar,2020-05-11,193.0,7.0,101.0,0.0,0.0,,0.0,0.0
Madagascar,2020-05-12,186.0,7.0,105.0,0.0,0.0,,0.0,0.0
Madagascar,2020-05-13,192.0,7.0,105.0,0.0,0.0,,6.0,0.0
Madagascar,2020-05-15,230.0,9.0,108.0,0.0,0.0,,38.0,0.0
Madagascar,2020-05-16,238.0,9.0,112.0,0.0,0.0,,8.0,0.0
Madagascar,2020-05-17,238.0,9.0,112.0,0.0,0.0,,0.0,0.0
Madagascar,2020-05-18,304.0,12.0,114.0,1.0,0.003289473684210526,,66.0,1.0
Madagascar,2020-05-19,322.0,12.0,119.0,1.0,0.003105590062111801,,18.0,0.0
Madagascar,2020-05-20,326.0,12.0,119.0,2.0,0.006134969325153374,,4.0,1.0
,2020-05-21,,,,,,,,
Madagascar,2020-05-22,405.0,15.0,131.0,2.0,0.0049382716049382715,,,
Madagascar,2020-05-23,448.0,17.0,135.0,2.0,0.004464285714285714,,43.0,0.0
Madagascar,2020-05-24,488.0,19.0,138.0,2.0,0.004098360655737704,,40.0,0.0
Madagascar,2020-05-25,527.0,20.0,142.0,2.0,0.003795066413662239,,39.0,0.0
Madagascar,2020-05-26,542.0,21.0,147.0,2.0,0.003690036900369004,,15.0,0.0
Madagascar,2020-05-27,586.0,22.0,147.0,2.0,0.0034129692832764505,,44.0,0.0
Madagascar,2020-05-28,612.0,23.0,151.0,2.0,0.0032679738562091504,,26.0,0.0
Madagascar,2020-05-29,656.0,25.0,154.0,2.0,0.003048780487804878,,44.0,0.0
Madagascar,2020-05-30,698.0,27.0,164.0,5.0,0.0071633237822349575,,42.0,3.0
Madagascar,2020-05-31,758.0,29.0,165.0,6.0,0.0079155672823219,,60.0,1.0
Madagascar,2020-06-01,771.0,29.0,168.0,6.0,0.007782101167315175,,13.0,0.0
Madagascar,2020-06-02,826.0,31.0,174.0,6.0,0.007263922518159807,,55.0,0.0
Madagascar,2020-06-03,845.0,32.0,185.0,6.0,0.0071,,19.0,0.0
Madagascar,2020-06-04,908.0,35.0,195.0,6.0,0.0066,,63.0,0.0
Madagascar,2020-06-05,957.0,36.0,200.0,7.0,0.0073,,49.0,1.0
Madagascar,2020-06-06,975.0,37.0,201.0,7.0,0.0072,,18.0,0.0
Madagascar,2020-06-07,1026.0,39.0,212.0,8.0,0.0078,,51.0,1.0
Madagascar,2020-06-08,1052.0,40.0,233.0,9.0,0.0086,,26.0,1.0
Madagascar,2020-06-09,1094.0,42.0,254.0,9.0,0.0082,,42.0,0.0
Madagascar,2020-06-10,1138.0,43.0,274.0,9.0,0.0079,,44.0,0.0
Madagascar,2020-06-12,1203.0,46.0,312.0,10.0,0.0083,,65.0,1.0
Madagascar,2020-06-13,1240.0,47.0,344.0,10.0,0.0081,,37.0,0.0
Madagascar,2020-06-14,1252.0,48.0,362.0,10.0,0.008,,12.0,0.0
Madagascar,2020-06-15,1252.0,48.0,362.0,10.0,0.008,,0.0,0.0
Madagascar,2020-06-16,1290.0,49.0,384.0,10.0,0.0078,,38.0,0.0
Madagascar,2020-06-17,1317.0,50.0,417.0,12.0,0.0091,,27.0,2.0
Madagascar,2020-06-18,1378.0,52.0,450.0,12.0,0.0087,,61.0,0.0
Madagascar,2020-06-19,1403.0,53.0,463.0,13.0,0.0093,,25.0,1.0
Madagascar,2020-06-20,1443.0,55.0,498.0,13.0,0.009000000000000001,,40.0,0.0
Madagascar,2020-06-21,1503.0,57.0,618.0,13.0,0.0086,,60.0,0.0
Madagascar,2020-06-22,1596.0,61.0,655.0,14.0,0.0088,,93.0,1.0
Madagascar,2020-06-23,1596.0,61.0,655.0,14.0,0.0088,,0.0,0.0
Madagascar,2020-06-24,1724.0,66.0,732.0,15.0,0.0087,,128.0,1.0
Madagascar,2020-06-25,1787.0,68.0,779.0,16.0,0.009000000000000001,,63.0,1.0
Madagascar,2020-06-26,1829.0,70.0,823.0,16.0,0.0087,,42.0,0.0
Madagascar,2020-06-27,1922.0,73.0,862.0,16.0,0.0083,,93.0,0.0
Madagascar,2020-06-28,1922.0,73.0,862.0,16.0,0.0083,,0.0,0.0
Madagascar,2020-06-29,2078.0,79.0,944.0,18.0,0.0087,,156.0,2.0
Madagascar,2020-06-30,2138.0,81.0,966.0,20.0,0.0094,,60.0,2.0
Madagascar,2020-07-01,2138.0,81.0,966.0,20.0,0.0094,,0.0,0.0
Madagascar,2020-07-02,2138.0,81.0,966.0,20.0,0.0094,,0.0,0.0
Madagascar,2020-07-03,2303.0,88.0,1006.0,22.0,0.0096,,165.0,2.0
Madagascar,2020-07-04,2512.0,96.0,1057.0,26.0,0.0104,,209.0,4.0
Madagascar,2020-07-05,2512.0,96.0,1057.0,26.0,0.0104,,0.0,0.0
Madagascar,2020-07-06,2941.0,112.0,1108.0,32.0,0.0109,,429.0,6.0
Madagascar,2020-07-07,3250.0,124.0,1135.0,33.0,0.0102,,309.0,1.0
Madagascar,2020-07-09,3573.0,136.0,1761.0,33.0,0.0092,,323.0,0.0
Madagascar,2020-07-10,3573.0,136.0,1761.0,33.0,0.0092,,0.0,0.0
Madagascar,2020-07-11,4143.0,158.0,2183.0,34.0,0.0082,,570.0,1.0
Madagascar,2020-07-12,4143.0,158.0,2183.0,34.0,0.0082,,0.0,0.0
Madagascar,2020-07-13,4578.0,174.0,0.0,34.0,0.0074,,435.0,0.0
Madagascar,2020-07-14,4867.0,185.0,0.0,35.0,0.0072,,289.0,1.0
Madagascar,2020-07-15,5080.0,194.0,0.0,37.0,0.0073,,213.0,2.0
Madagascar,2020-07-16,5080.0,194.0,0.0,37.0,0.0073,,0.0,0.0
Madagascar,2020-07-18,6089.0,232.0,2951.0,53.0,0.0087,,1009.0,16.0
Madagascar,2020-07-19,6849.0,261.0,3339.0,55.0,0.008,,760.0,2.0
Madagascar,2020-07-19,6849.0,261.0,3339.0,55.0,0.008,,0.0,0.0
Madagascar,2020-07-21,6849.0,261.0,3339.0,55.0,0.008,,0.0,0.0
Madagascar,2020-07-22,7049.0,269.0,0.0,59.0,0.0084,,200.0,4.0
Madagascar,2020-07-23,7548.0,288.0,0.0,65.0,0.0086,,499.0,6.0
Madagascar,2020-07-24,8381.0,319.0,5160.0,70.0,0.0084,,833.0,5.0
Madagascar,2020-07-25,8741.0,333.0,5522.0,76.0,0.0087,,360.0,6.0
Madagascar,2020-07-26,8866.0,338.0,5579.0,78.0,0.0088,,125.0,2.0
Madagascar,2020-07-27,9295.0,354.0,5579.0,85.0,0.0091,,429.0,7.0
Madagascar,2020-07-28,9690.0,369.0,6260.0,91.0,0.0094,,395.0,6.0
Madagascar,2020-07-29,10104.0,385.0,6613.0,93.0,0.0092,,414.0,2.0
Madagascar,2020-07-30,10317.0,393.0,7117.0,99.0,0.0096,,213.0,6.0
Madagascar,2020-07-31,10317.0,393.0,7117.0,99.0,0.0096,,0.0,0.0
Madagascar,2020-08-01,10868.0,414.0,7807.0,106.0,0.0098,,551.0,7.0
Madagascar,2020-08-02,11273.0,429.0,8109.0,107.0,0.0095,,405.0,1.0
Madagascar,2020-08-03,11528.0,439.0,8444.0,114.0,0.0099,,255.0,7.0
Madagascar,2020-08-04,11660.0,444.0,8825.0,118.0,0.0101,,132.0,4.0
Madagascar,2020-08-05,11660.0,444.0,8825.0,118.0,0.0101,,0.0,0.0
Madagascar,2020-08-06,11895.0,453.0,9286.0,123.0,0.0103,,235.0,5.0
Madagascar,2020-08-07,12222.0,466.0,9798.0,127.0,0.0104,,327.0,4.0
Madagascar,2020-08-08,12708.0,484.0,10412.0,135.0,0.0106,,486.0,8.0
Madagascar,2020-08-09,12922.0,492.0,10604.0,141.0,0.0109,,214.0,6.0
Madagascar,2020-08-10,13086.0,498.0,10816.0,148.0,0.0113,,164.0,7.0
Madagascar,2020-08-11,13202.0,503.0,11011.0,151.0,0.0114,,116.0,3.0
Madagascar,2020-08-12,13317.0,507.0,11276.0,152.0,0.0114,,115.0,1.0
Madagascar,2020-08-13,13397.0,510.0,11529.0,156.0,0.0116,,80.0,4.0
Madagascar,2020-08-14,13397.0,510.0,11529.0,156.0,0.0116,,0.0,0.0
Madagascar,2020-08-15,13643.0,520.0,12011.0,164.0,0.012,,246.0,8.0
Madagascar,2020-08-16,13724.0,523.0,12232.0,166.0,0.0121,,81.0,2.0
Madagascar,2020-08-17,13827.0,527.0,12424.0,170.0,0.0123,,103.0,4.0
Madagascar,2020-08-18,13827.0,527.0,12424.0,170.0,0.0123,,0.0,0.0
Madagascar,2020-08-19,14009.0,534.0,12767.0,173.0,0.0123,,182.0,3.0
Madagascar,2020-08-20,14009.0,534.0,12767.0,173.0,0.0123,,0.0,0.0
Madagascar,2020-08-22,14218.0,542.0,13206.0,178.0,0.0125,,209.0,5.0
Madagascar,2020-08-23,14277.0,544.0,13322.0,178.0,0.0125,,59.0,0.0
Madagascar,2020-08-24,14327.0,546.0,13355.0,178.0,0.0124,,50.0,0.0
Madagascar,2020-08-25,14327.0,546.0,13355.0,178.0,0.0124,,0.0,0.0
Madagascar,2020-08-26,14402.0,549.0,0.0,178.0,0.0124,,75.0,0.0
Madagascar,2020-08-27,14554.0,554.0,13582.0,181.0,0.0124,,152.0,3.0
Madagascar,2020-08-28,14554.0,554.0,13582.0,181.0,0.0124,,0.0,0.0
Madagascar,2020-08-29,14696.0,560.0,13709.0,187.0,0.0127,,142.0,6.0
Madagascar,2020-08-30,14696.0,560.0,13709.0,187.0,0.0127,,0.0,0.0
Madagascar,2020-08-31,14696.0,560.0,13709.0,187.0,0.0127,,0.0,0.0
Madagascar,2020-09-01,14696.0,560.0,13709.0,187.0,0.0127,,0.0,0.0
Madagascar,2020-09-02,14843.0,565.0,0.0,191.0,0.0129,,147.0,4.0
Madagascar,2020-09-03,15023.0,572.0,13965.0,196.0,0.013000000000000001,,180.0,5.0
Madagascar,2020-09-04,15106.0,575.0,14031.0,197.0,0.013000000000000001,,83.0,1.0
Madagascar,2020-09-05,15106.0,575.0,14031.0,197.0,0.013000000000000001,,0.0,0.0
Madagascar,2020-09-07,15319.0,584.0,14139.0,200.0,0.0131,,213.0,3.0
Madagascar,2020-09-08,15319.0,584.0,14139.0,200.0,0.0131,,0.0,0.0
Madagascar,2020-09-09,15319.0,584.0,14139.0,200.0,0.0131,,0.0,0.0
Madagascar,2020-09-10,15319.0,584.0,14139.0,200.0,0.0131,,0.0,0.0
Madagascar,2020-09-11,15319.0,584.0,14139.0,200.0,0.0131,,0.0,0.0
Madagascar,2020-09-12,15319.0,584.0,14139.0,200.0,0.0131,,0.0,0.0
Madagascar,2020-09-13,15319.0,584.0,14139.0,200.0,0.0131,,0.0,0.0
Madagascar,2020-09-14,15319.0,584.0,14139.0,200.0,0.0131,,0.0,0.0
Madagascar,2020-09-15,15319.0,584.0,14139.0,200.0,0.0131,,0.0,0.0
Madagascar,2020-09-16,15803.0,602.0,14452.0,214.0,0.0135,,484.0,14.0
Madagascar,2020-09-17,15871.0,605.0,14482.0,215.0,0.0135,,68.0,1.0
Madagascar,2020-09-18,15871.0,605.0,14482.0,215.0,0.0135,,0.0,0.0
Madagascar,2020-09-20,15925.0,607.0,0.0,216.0,0.0136,,54.0,1.0
Madagascar,2020-09-21,15925.0,607.0,0.0,216.0,0.0136,,0.0,0.0
Madagascar,2020-09-22,16073.0,612.0,14682.0,225.0,0.013999999999999999,,148.0,9.0
Madagascar,2020-09-23,16073.0,612.0,14682.0,225.0,0.013999999999999999,,0.0,0.0
Madagascar,2020-09-24,16073.0,0.0,,225.0,0.013999999999999999,612.0,0.0,0.0
Madagascar,2020-09-25,16073.0,0.0,,225.0,0.013999999999999999,612.0,0.0,0.0
Madagascar,2020-09-26,16221.0,0.0,,228.0,0.0141,618.0,148.0,3.0
Madagascar,2020-09-27,16221.0,0.0,,228.0,0.0141,618.0,0.0,0.0
Madagascar,2020-09-28,16285.0,0.0,,229.0,0.0141,620.0,64.0,1.0
Madagascar,2020-09-29,16285.0,0.0,,229.0,0.0141,620.0,0.0,0.0
Madagascar,2020-09-30,16285.0,0.0,,229.0,0.0141,620.0,0.0,0.0
Madagascar,2020-10-02,16408.0,0.0,,230.0,0.013999999999999999,625.0,123.0,1.0
Madagascar,2020-10-03,16454.0,0.0,,232.0,0.0141,627.0,46.0,2.0
Madagascar,2020-10-04,16493.0,0.0,,232.0,0.0141,628.0,39.0,0.0
Madagascar,2020-10-05,16529.0,0.0,,232.0,0.013999999999999999,630.0,36.0,0.0
Madagascar,2020-10-06,16558.0,0.0,,232.0,0.013999999999999999,631.0,29.0,0.0
Madagascar,2020-10-08,16600.0,0.0,,234.0,0.0141,632.0,42.0,2.0
Madagascar,2020-10-09,16633.0,0.0,,235.0,0.0141,634.0,33.0,1.0
Madagascar,2020-10-10,16654.0,0.0,,235.0,0.0141,634.0,21.0,0.0
Madagascar,2020-10-11,16676.0,0.0,,237.0,0.0142,635.0,22.0,2.0
Madagascar,2020-10-12,16702.0,0.0,,237.0,0.0142,636.0,26.0,0.0
Madagascar,2020-10-13,16718.0,0.0,,237.0,0.0142,637.0,16.0,0.0
Madagascar,2020-10-14,16726.0,0.0,,237.0,0.0142,637.0,8.0,0.0
Madagascar,2020-10-15,16754.0,0.0,,237.0,0.0141,638.0,28.0,0.0
Madagascar,2020-10-18,16754.0,0.0,,237.0,0.0141,638.0,0.0,0.0
Madagascar,2020-10-19,16810.0,0.0,,238.0,0.0142,640.0,56.0,1.0
Madagascar,2020-10-20,16810.0,0.0,,238.0,0.0142,640.0,0.0,0.0
Madagascar,2020-10-22,16810.0,0.0,,238.0,0.0142,640.0,0.0,0.0
