Location,Date,Confirmed,Case_Per_1M_people,Recovered,Deaths,Mortality,Cases per 1 million people,NewConfirmed,NewDeaths
,2020-03-31,,,,,,,0.0,0.0
,2020-04-01,,,,,,,,
,2020-04-02,,,,,,,,
Malawi,2020-04-03,3.0,0.15,0.0,0.0,0.0,,,
Malawi,2020-04-07,5.0,0.26,0.0,0.0,0.0,,2.0,0.0
Malawi,2020-04-10,8.0,0.42,0.0,1.0,0.125,,3.0,1.0
Malawi,2020-04-11,9.0,0.47,0.0,1.0,0.1111111111111111,,1.0,0.0
Malawi,2020-04-12,12.0,0.63,0.0,2.0,0.16666666666666666,,3.0,1.0
Malawi,2020-04-14,16.0,0.84,0.0,2.0,0.125,,4.0,0.0
Malawi,2020-04-17,16.0,0.84,0.0,2.0,0.125,,0.0,0.0
Malawi,2020-04-18,17.0,0.89,0.0,2.0,0.1176470588235294,,1.0,0.0
Malawi,2020-04-20,17.0,0.89,3.0,2.0,0.1176470588235294,,0.0,0.0
Malawi,2020-04-22,18.0,0.94,3.0,2.0,0.1111111111111111,,1.0,0.0
Malawi,2020-04-23,23.0,1.2,3.0,2.0,0.08695652173913042,,5.0,0.0
Malawi,2020-04-24,33.0,1.73,3.0,3.0,0.09090909090909093,,10.0,1.0
Malawi,2020-04-25,33.0,1.73,3.0,4.0,0.12121212121212123,,0.0,1.0
Malawi,2020-04-26,33.0,1.73,4.0,3.0,0.09090909090909093,,0.0,0.0
Malawi,2020-04-27,34.0,1.78,4.0,3.0,0.08823529411764706,,1.0,0.0
Malawi,2020-04-28,36.0,1.88,4.0,3.0,0.08333333333333333,,2.0,0.0
Malawi,2020-04-29,36.0,1.88,5.0,3.0,0.08333333333333333,,0.0,0.0
Malawi,2020-04-30,36.0,1.88,5.0,3.0,0.08333333333333333,,0.0,0.0
Malawi,2020-05-01,37.0,2.0,7.0,3.0,0.08108108108108109,,1.0,0.0
Malawi,2020-05-02,37.0,2.0,9.0,3.0,0.08108108108108109,,0.0,0.0
Malawi,2020-05-03,38.0,2.0,9.0,3.0,0.07894736842105263,,1.0,0.0
Malawi,2020-05-04,38.0,2.0,9.0,3.0,0.07894736842105263,,0.0,0.0
Malawi,2020-05-05,41.0,2.0,9.0,3.0,0.07317073170731707,,3.0,0.0
Malawi,2020-05-06,41.0,2.0,9.0,3.0,0.07317073170731707,,0.0,0.0
Malawi,2020-05-07,43.0,2.0,14.0,3.0,0.06976744186046513,,2.0,0.0
Malawi,2020-05-08,43.0,2.0,14.0,3.0,0.06976744186046513,,0.0,0.0
Malawi,2020-05-09,43.0,2.0,14.0,3.0,0.06976744186046513,,0.0,0.0
Malawi,2020-05-10,56.0,3.0,14.0,3.0,0.05357142857142857,,13.0,0.0
Malawi,2020-05-11,56.0,3.0,14.0,3.0,0.05357142857142857,,0.0,0.0
Malawi,2020-05-12,57.0,3.0,24.0,3.0,0.05263157894736842,,1.0,0.0
Malawi,2020-05-13,63.0,3.0,0.0,3.0,0.047619047619047616,,6.0,0.0
Malawi,2020-05-15,63.0,3.0,24.0,3.0,0.047619047619047616,,0.0,0.0
Malawi,2020-05-16,63.0,3.0,24.0,3.0,0.047619047619047616,,0.0,0.0
Malawi,2020-05-17,65.0,3.0,24.0,3.0,0.04615384615384616,,2.0,0.0
Malawi,2020-05-18,70.0,4.0,27.0,3.0,0.042857142857142864,,5.0,0.0
Malawi,2020-05-19,70.0,4.0,27.0,3.0,0.042857142857142864,,0.0,0.0
Malawi,2020-05-20,70.0,4.0,27.0,3.0,0.042857142857142864,,0.0,0.0
,2020-05-21,,,,,,,,
Malawi,2020-05-22,82.0,4.0,27.0,3.0,0.03658536585365853,,,
Malawi,2020-05-23,82.0,4.0,28.0,3.0,0.03658536585365853,,0.0,0.0
Malawi,2020-05-24,82.0,4.0,28.0,3.0,0.03658536585365853,,0.0,0.0
Malawi,2020-05-25,83.0,4.0,33.0,4.0,0.04819277108433735,,1.0,1.0
Malawi,2020-05-26,101.0,5.0,33.0,4.0,0.0396039603960396,,18.0,0.0
Malawi,2020-05-27,101.0,5.0,37.0,4.0,0.0396039603960396,,0.0,0.0
Malawi,2020-05-28,101.0,5.0,37.0,4.0,0.0396039603960396,,0.0,0.0
Malawi,2020-05-29,203.0,11.0,42.0,4.0,0.019704433497536943,,102.0,0.0
Malawi,2020-05-30,273.0,14.0,42.0,4.0,0.014652014652014654,,70.0,0.0
Malawi,2020-05-31,279.0,15.0,42.0,4.0,0.014336917562724013,,6.0,0.0
Malawi,2020-06-01,279.0,15.0,42.0,4.0,0.014336917562724013,,0.0,0.0
Malawi,2020-06-02,336.0,18.0,42.0,4.0,0.011904761904761904,,57.0,0.0
Malawi,2020-06-03,358.0,19.0,42.0,4.0,0.0112,,22.0,0.0
Malawi,2020-06-04,369.0,19.0,51.0,4.0,0.0108,,11.0,0.0
Malawi,2020-06-05,393.0,21.0,51.0,4.0,0.0102,,24.0,0.0
Malawi,2020-06-06,409.0,21.0,55.0,4.0,0.0098,,16.0,0.0
Malawi,2020-06-07,409.0,21.0,55.0,4.0,0.0098,,0.0,0.0
Malawi,2020-06-08,438.0,23.0,55.0,4.0,0.0091,,29.0,0.0
Malawi,2020-06-09,443.0,23.0,55.0,4.0,0.009000000000000001,,5.0,0.0
Malawi,2020-06-10,455.0,24.0,55.0,4.0,0.0088,,12.0,0.0
Malawi,2020-06-12,481.0,25.0,55.0,4.0,0.0083,,26.0,0.0
Malawi,2020-06-13,481.0,25.0,65.0,4.0,0.0083,,0.0,0.0
Malawi,2020-06-14,529.0,28.0,66.0,5.0,0.0095,,48.0,1.0
Malawi,2020-06-15,529.0,28.0,66.0,5.0,0.0095,,0.0,0.0
Malawi,2020-06-16,555.0,29.0,69.0,6.0,0.0108,,26.0,1.0
Malawi,2020-06-17,564.0,29.0,73.0,6.0,0.0106,,9.0,0.0
Malawi,2020-06-18,572.0,30.0,73.0,6.0,0.0105,,8.0,0.0
Malawi,2020-06-19,592.0,31.0,74.0,8.0,0.0135,,20.0,2.0
Malawi,2020-06-20,620.0,32.0,91.0,8.0,0.0129,,28.0,0.0
Malawi,2020-06-21,620.0,32.0,91.0,8.0,0.0129,,0.0,0.0
Malawi,2020-06-22,730.0,38.0,258.0,11.0,0.0151,,110.0,3.0
Malawi,2020-06-23,749.0,39.0,258.0,11.0,0.0147,,19.0,0.0
Malawi,2020-06-24,803.0,42.0,258.0,11.0,0.0137,,54.0,0.0
Malawi,2020-06-25,941.0,49.0,260.0,11.0,0.0117,,138.0,0.0
Malawi,2020-06-26,960.0,50.0,260.0,12.0,0.0125,,19.0,1.0
Malawi,2020-06-27,1005.0,53.0,260.0,13.0,0.0129,,45.0,1.0
Malawi,2020-06-28,1005.0,53.0,260.0,13.0,0.0129,,0.0,0.0
Malawi,2020-06-29,1152.0,60.0,260.0,13.0,0.0113,,147.0,0.0
Malawi,2020-06-30,1224.0,64.0,260.0,13.0,0.0106,,72.0,0.0
Malawi,2020-07-01,1265.0,66.0,260.0,16.0,0.0126,,41.0,3.0
Malawi,2020-07-02,1265.0,66.0,260.0,16.0,0.0126,,0.0,0.0
Malawi,2020-07-03,1342.0,70.0,271.0,16.0,0.0119,,77.0,0.0
Malawi,2020-07-04,1498.0,78.0,317.0,16.0,0.0107,,156.0,0.0
Malawi,2020-07-05,1498.0,78.0,317.0,16.0,0.0107,,0.0,0.0
Malawi,2020-07-06,1613.0,84.0,317.0,17.0,0.0105,,115.0,1.0
Malawi,2020-07-07,1742.0,91.0,317.0,19.0,0.0109,,129.0,2.0
Malawi,2020-07-09,1877.0,98.0,345.0,24.0,0.0128,,135.0,5.0
Malawi,2020-07-10,1942.0,102.0,369.0,25.0,0.0129,,65.0,1.0
Malawi,2020-07-11,2069.0,108.0,379.0,31.0,0.015,,127.0,6.0
Malawi,2020-07-12,2261.0,118.0,0.0,33.0,0.0146,,192.0,2.0
Malawi,2020-07-13,2364.0,124.0,557.0,38.0,0.0161,,103.0,5.0
Malawi,2020-07-14,2430.0,127.0,747.0,39.0,0.016,,66.0,1.0
Malawi,2020-07-15,2430.0,127.0,747.0,39.0,0.016,,0.0,0.0
Malawi,2020-07-16,2497.0,131.0,795.0,40.0,0.016,,67.0,1.0
Malawi,2020-07-18,2712.0,142.0,1073.0,51.0,0.0188,,215.0,11.0
Malawi,2020-07-19,2907.0,152.0,1135.0,59.0,0.0203,,195.0,8.0
Malawi,2020-07-19,2907.0,152.0,1135.0,59.0,0.0203,,0.0,0.0
Malawi,2020-07-21,2992.0,156.0,1153.0,62.0,0.0207,,85.0,3.0
Malawi,2020-07-22,3045.0,159.0,1180.0,64.0,0.021,,53.0,2.0
Malawi,2020-07-23,3149.0,165.0,1256.0,71.0,0.0225,,104.0,7.0
Malawi,2020-07-24,3302.0,173.0,1282.0,76.0,0.023,,153.0,5.0
Malawi,2020-07-25,3453.0,181.0,1373.0,87.0,0.0252,,151.0,11.0
Malawi,2020-07-26,3453.0,181.0,1373.0,87.0,0.0252,,0.0,0.0
Malawi,2020-07-27,3640.0,190.0,1639.0,99.0,0.0272,,187.0,12.0
Malawi,2020-07-28,3709.0,194.0,1667.0,103.0,0.0278,,69.0,4.0
Malawi,2020-07-29,3709.0,194.0,1667.0,103.0,0.0278,,0.0,0.0
Malawi,2020-07-30,3709.0,194.0,1667.0,103.0,0.0278,,0.0,0.0
Malawi,2020-07-31,3738.0,195.0,1728.0,103.0,0.0276,,29.0,0.0
Malawi,2020-08-01,3981.0,208.0,1807.0,109.0,0.0274,,243.0,6.0
Malawi,2020-08-02,4186.0,219.0,1914.0,120.0,0.0287,,205.0,11.0
Malawi,2020-08-03,4231.0,221.0,1919.0,123.0,0.0291,,45.0,3.0
Malawi,2020-08-04,4231.0,221.0,1919.0,123.0,0.0291,,0.0,0.0
Malawi,2020-08-05,4273.0,223.0,2020.0,123.0,0.0288,,42.0,0.0
Malawi,2020-08-06,4347.0,227.0,2038.0,128.0,0.0294,,74.0,5.0
Malawi,2020-08-07,4426.0,231.0,2078.0,136.0,0.0307,,79.0,8.0
Malawi,2020-08-08,4491.0,235.0,2137.0,137.0,0.0305,,65.0,1.0
Malawi,2020-08-09,4624.0,242.0,2329.0,143.0,0.0309,,133.0,6.0
Malawi,2020-08-10,4658.0,243.0,2375.0,146.0,0.0313,,34.0,3.0
Malawi,2020-08-11,4673.0,244.0,2430.0,146.0,0.0312,,15.0,0.0
Malawi,2020-08-12,4712.0,246.0,2475.0,152.0,0.0323,,39.0,6.0
Malawi,2020-08-13,4712.0,246.0,2475.0,152.0,0.0323,,0.0,0.0
Malawi,2020-08-14,4912.0,257.0,2550.0,153.0,0.0311,,200.0,1.0
Malawi,2020-08-15,4912.0,257.0,2550.0,153.0,0.0311,,0.0,0.0
Malawi,2020-08-16,5026.0,263.0,2623.0,157.0,0.0312,,114.0,4.0
Malawi,2020-08-17,5072.0,265.0,2626.0,161.0,0.0317,,46.0,4.0
Malawi,2020-08-18,5072.0,265.0,2626.0,161.0,0.0317,,0.0,0.0
Malawi,2020-08-19,5193.0,271.0,2716.0,163.0,0.0314,,121.0,2.0
Malawi,2020-08-20,5193.0,271.0,2716.0,163.0,0.0314,,0.0,0.0
Malawi,2020-08-22,5193.0,271.0,2716.0,163.0,0.0314,,0.0,0.0
Malawi,2020-08-23,5322.0,278.0,2929.0,166.0,0.0312,,129.0,3.0
Malawi,2020-08-24,5322.0,278.0,2929.0,166.0,0.0312,,0.0,0.0
Malawi,2020-08-25,5399.0,282.0,3012.0,168.0,0.0311,,77.0,2.0
Malawi,2020-08-26,5399.0,282.0,3012.0,168.0,0.0311,,0.0,0.0
Malawi,2020-08-27,5399.0,282.0,3012.0,168.0,0.0311,,0.0,0.0
Malawi,2020-08-28,5464.0,286.0,3073.0,173.0,0.0317,,65.0,5.0
Malawi,2020-08-29,5489.0,287.0,3089.0,173.0,0.0315,,25.0,0.0
Malawi,2020-08-30,5496.0,287.0,0.0,173.0,0.0315,,7.0,0.0
Malawi,2020-08-31,5496.0,287.0,0.0,173.0,0.0315,,0.0,0.0
Malawi,2020-09-01,5496.0,287.0,0.0,173.0,0.0315,,0.0,0.0
Malawi,2020-09-02,5536.0,289.0,0.0,174.0,0.0314,,40.0,1.0
Malawi,2020-09-03,5576.0,291.0,3420.0,175.0,0.0314,,40.0,1.0
Malawi,2020-09-04,5593.0,292.0,3516.0,175.0,0.0313,,17.0,0.0
Malawi,2020-09-05,5593.0,292.0,3516.0,175.0,0.0313,,0.0,0.0
Malawi,2020-09-07,5611.0,293.0,3551.0,175.0,0.0312,,18.0,0.0
Malawi,2020-09-08,5611.0,293.0,3551.0,175.0,0.0312,,0.0,0.0
Malawi,2020-09-09,5621.0,294.0,3590.0,176.0,0.0313,,10.0,1.0
Malawi,2020-09-10,5621.0,294.0,3590.0,176.0,0.0313,,0.0,0.0
Malawi,2020-09-11,5621.0,294.0,3590.0,176.0,0.0313,,0.0,0.0
Malawi,2020-09-12,5655.0,296.0,3683.0,176.0,0.0311,,34.0,0.0
Malawi,2020-09-13,5655.0,296.0,3683.0,176.0,0.0311,,0.0,0.0
Malawi,2020-09-14,5655.0,296.0,3683.0,176.0,0.0311,,0.0,0.0
Malawi,2020-09-15,5697.0,298.0,3738.0,178.0,0.0312,,42.0,2.0
Malawi,2020-09-16,5701.0,298.0,3762.0,178.0,0.0312,,4.0,0.0
Malawi,2020-09-17,5701.0,298.0,3762.0,178.0,0.0312,,0.0,0.0
Malawi,2020-09-18,5701.0,298.0,3762.0,178.0,0.0312,,0.0,0.0
Malawi,2020-09-20,5716.0,299.0,4026.0,179.0,0.0313,,15.0,1.0
Malawi,2020-09-21,5716.0,299.0,4026.0,179.0,0.0313,,0.0,0.0
Malawi,2020-09-22,5731.0,300.0,4040.0,179.0,0.0312,,15.0,0.0
Malawi,2020-09-23,5733.0,300.0,4042.0,179.0,0.0312,,2.0,0.0
Malawi,2020-09-24,5733.0,0.0,,179.0,0.0312,300.0,0.0,0.0
Malawi,2020-09-25,5733.0,0.0,,179.0,0.0312,300.0,0.0,0.0
Malawi,2020-09-26,5761.0,0.0,,179.0,0.0311,301.0,28.0,0.0
Malawi,2020-09-27,5761.0,0.0,,179.0,0.0311,301.0,0.0,0.0
Malawi,2020-09-28,5761.0,0.0,,179.0,0.0311,301.0,0.0,0.0
Malawi,2020-09-29,5761.0,0.0,,179.0,0.0311,301.0,0.0,0.0
Malawi,2020-09-30,5761.0,0.0,,179.0,0.0311,301.0,0.0,0.0
Malawi,2020-10-02,5773.0,0.0,,179.0,0.031,302.0,12.0,0.0
Malawi,2020-10-03,5779.0,0.0,,179.0,0.031,302.0,6.0,0.0
Malawi,2020-10-04,5783.0,0.0,,179.0,0.031,302.0,4.0,0.0
Malawi,2020-10-05,5783.0,0.0,,179.0,0.031,302.0,0.0,0.0
Malawi,2020-10-06,5786.0,0.0,,179.0,0.0309,302.0,3.0,0.0
Malawi,2020-10-08,5796.0,0.0,,180.0,0.0311,303.0,10.0,1.0
Malawi,2020-10-09,5803.0,0.0,,180.0,0.031,303.0,7.0,0.0
Malawi,2020-10-10,5809.0,0.0,,180.0,0.031,304.0,6.0,0.0
Malawi,2020-10-11,5813.0,0.0,,180.0,0.031,304.0,4.0,0.0
Malawi,2020-10-12,5821.0,0.0,,180.0,0.0309,304.0,8.0,0.0
Malawi,2020-10-13,5821.0,0.0,,180.0,0.0309,304.0,0.0,0.0
Malawi,2020-10-14,5824.0,0.0,,180.0,0.0309,304.0,3.0,0.0
Malawi,2020-10-15,5827.0,0.0,,181.0,0.0311,305.0,3.0,1.0
Malawi,2020-10-18,5842.0,0.0,,181.0,0.031,305.0,15.0,0.0
Malawi,2020-10-19,5852.0,0.0,,181.0,0.0309,306.0,10.0,0.0
Malawi,2020-10-20,5857.0,0.0,,181.0,0.0309,306.0,5.0,0.0
