Location,Date,Confirmed,Case_Per_1M_people,Recovered,Deaths,Mortality,Cases per 1 million people,NewCases,NewConfirmed,NewDeaths
Maldives,2020-03-31,17.0,43.94,11.0,0.0,0.0,,,0.0,0.0
Maldives,2020-04-01,18.0,46.53,13.0,0.0,0.0,,,1.0,0.0
Maldives,2020-04-02,19.0,49.11,13.0,0.0,0.0,,,1.0,0.0
Maldives,2020-04-03,19.0,49.11,13.0,0.0,0.0,,,0.0,0.0
Maldives,2020-04-07,19.0,50.7,13.0,0.0,0.0,,,0.0,0.0
Maldives,2020-04-10,19.0,50.7,13.0,0.0,0.0,,,0.0,0.0
Maldives,2020-04-11,19.0,50.7,13.0,0.0,0.0,,,0.0,0.0
Maldives,2020-04-12,19.0,50.7,13.0,0.0,0.0,,,0.0,0.0
Maldives,2020-04-14,20.0,53.37,14.0,0.0,0.0,,,1.0,0.0
Maldives,2020-04-17,25.0,66.71,16.0,0.0,0.0,,,5.0,0.0
Maldives,2020-04-18,29.0,77.38,16.0,0.0,0.0,,,4.0,0.0
Maldives,2020-04-20,52.0,138.75,16.0,0.0,0.0,,,23.0,0.0
Maldives,2020-04-22,86.0,229.47,16.0,0.0,0.0,,,34.0,0.0
Maldives,2020-04-23,86.0,229.47,16.0,0.0,0.0,,,0.0,0.0
Maldives,2020-04-24,116.0,309.52,16.0,0.0,0.0,,,30.0,0.0
Maldives,2020-04-25,116.0,309.52,16.0,0.0,0.0,,,0.0,0.0
Maldives,2020-04-26,177.0,472.28,17.0,0.0,0.0,,,61.0,0.0
Maldives,2020-04-27,214.0,571.01,17.0,0.0,0.0,,,37.0,0.0
Maldives,2020-04-28,228.0,608.37,17.0,0.0,0.0,,,14.0,0.0
Maldives,2020-04-29,250.0,667.07,17.0,0.0,0.0,,,22.0,0.0
Maldives,2020-04-30,250.0,667.07,17.0,0.0,0.0,,,0.0,0.0
Maldives,2020-05-01,396.0,1057.0,17.0,1.0,0.002525252525252525,,,146.0,1.0
Maldives,2020-05-02,491.0,1310.0,17.0,1.0,0.002036659877800407,,,95.0,0.0
Maldives,2020-05-03,519.0,1385.0,18.0,1.0,0.0019267822736030828,,,28.0,0.0
Maldives,2020-05-04,519.0,1385.0,18.0,1.0,0.0019267822736030828,,,0.0,0.0
Maldives,2020-05-05,541.0,1444.0,18.0,1.0,0.0018484288354898336,,,22.0,0.0
Maldives,2020-05-06,573.0,1529.0,17.0,1.0,0.0017452006980802793,,,32.0,0.0
Maldives,2020-05-07,618.0,1649.0,20.0,2.0,0.0032362459546925572,,,45.0,1.0
Maldives,2020-05-08,648.0,1729.0,20.0,3.0,0.0046296296296296285,,,30.0,1.0
Maldives,2020-05-09,744.0,1985.0,20.0,3.0,0.004032258064516129,,,96.0,0.0
Maldives,2020-05-10,766.0,2044.0,20.0,3.0,0.0039164490861618795,,,22.0,0.0
Maldives,2020-05-11,835.0,2228.0,28.0,3.0,0.003592814371257485,,,69.0,0.0
Maldives,2020-05-12,862.0,2300.0,29.0,3.0,0.0034802784222737818,,,27.0,0.0
Maldives,2020-05-13,904.0,2412.0,29.0,3.0,0.00331858407079646,,,42.0,0.0
Maldives,2020-05-15,982.0,2620.0,45.0,4.0,0.004073319755600814,,,78.0,1.0
Maldives,2020-05-16,1031.0,2751.0,46.0,4.0,0.003879728419010669,,,49.0,0.0
Maldives,2020-05-17,1078.0,2876.0,58.0,4.0,0.0037105751391465678,,,47.0,0.0
Maldives,2020-05-18,1090.0,2908.0,58.0,4.0,0.0036697247706422025,,,12.0,0.0
Maldives,2020-05-19,1106.0,2951.0,58.0,4.0,0.003616636528028933,,,16.0,0.0
Maldives,2020-05-20,1143.0,3050.0,91.0,4.0,0.003499562554680665,,,37.0,0.0
,2020-05-21,,,,,,,,,
Maldives,2020-05-22,1216.0,3245.0,91.0,4.0,0.003289473684210526,,,,
Maldives,2020-05-23,1274.0,3399.0,109.0,4.0,0.0031397174254317113,,,58.0,0.0
Maldives,2020-05-24,1313.0,3503.0,128.0,4.0,0.0030464584920030465,,,39.0,0.0
Maldives,2020-05-25,1371.0,3658.0,144.0,4.0,0.002917578409919766,,,58.0,0.0
Maldives,2020-05-26,1395.0,3722.0,144.0,4.0,0.0028673835125448033,,,24.0,0.0
Maldives,2020-05-27,1438.0,3837.0,197.0,5.0,0.003477051460361613,,,43.0,1.0
Maldives,2020-05-28,1457.0,3888.0,197.0,5.0,0.003431708991077557,,,19.0,0.0
Maldives,2020-05-29,1513.0,4037.0,197.0,5.0,0.003304692663582287,,,56.0,0.0
Maldives,2020-05-30,1591.0,4245.0,197.0,5.0,0.0031426775612822125,,,78.0,0.0
Maldives,2020-05-31,1672.0,4461.0,393.0,5.0,0.002990430622009569,,,81.0,0.0
Maldives,2020-06-01,1773.0,4731.0,453.0,5.0,0.0028200789622109413,,,101.0,0.0
Maldives,2020-06-02,1829.0,4880.0,488.0,6.0,0.0032804811372334607,,,56.0,1.0
Maldives,2020-06-03,1841.0,4912.0,608.0,7.0,0.0038,,,12.0,1.0
Maldives,2020-06-04,1850.0,4936.0,644.0,7.0,0.0038,,,9.0,0.0
Maldives,2020-06-05,1872.0,4995.0,648.0,7.0,0.0037,,,22.0,0.0
Maldives,2020-06-06,1883.0,5024.0,716.0,7.0,0.0037,,,11.0,0.0
Maldives,2020-06-07,1901.0,5072.0,763.0,8.0,0.0042,,,18.0,1.0
Maldives,2020-06-08,1903.0,5078.0,827.0,8.0,0.0042,,,2.0,0.0
Maldives,2020-06-09,1916.0,5112.0,925.0,8.0,0.0042,,,13.0,0.0
Maldives,2020-06-10,1942.0,5182.0,1010.0,8.0,0.0041,,,26.0,0.0
Maldives,2020-06-12,1976.0,5272.0,1153.0,8.0,0.004,,,34.0,0.0
Maldives,2020-06-13,2003.0,5345.0,1193.0,8.0,0.004,,,27.0,0.0
Maldives,2020-06-14,2013.0,5371.0,1217.0,8.0,0.004,,,10.0,0.0
Maldives,2020-06-15,2013.0,5371.0,1217.0,8.0,0.004,,,0.0,0.0
Maldives,2020-06-16,2065.0,5510.0,1540.0,8.0,0.0039,,,52.0,0.0
Maldives,2020-06-17,2094.0,5587.0,1670.0,8.0,0.0038,,,29.0,0.0
Maldives,2020-06-18,2120.0,5657.0,1677.0,8.0,0.0038,,,26.0,0.0
Maldives,2020-06-19,2137.0,5702.0,1759.0,8.0,0.0037,,,17.0,0.0
Maldives,2020-06-20,2150.0,5737.0,1769.0,8.0,0.0037,,,13.0,0.0
Maldives,2020-06-21,2187.0,5836.0,1778.0,8.0,0.0037,,,37.0,0.0
Maldives,2020-06-22,2203.0,5878.0,1803.0,8.0,0.0036,,,16.0,0.0
Maldives,2020-06-23,2203.0,5878.0,1803.0,8.0,0.0036,,,0.0,0.0
Maldives,2020-06-24,2238.0,5972.0,1813.0,8.0,0.0036,,,35.0,0.0
Maldives,2020-06-25,2261.0,6033.0,1839.0,8.0,0.0035,,,23.0,0.0
Maldives,2020-06-26,2277.0,6076.0,1848.0,8.0,0.0035,,,16.0,0.0
Maldives,2020-06-27,2283.0,6092.0,1863.0,8.0,0.0035,,,6.0,0.0
Maldives,2020-06-28,2283.0,6092.0,1863.0,8.0,0.0035,,,0.0,0.0
Maldives,2020-06-29,2323.0,6198.0,1911.0,8.0,0.0034,,,40.0,0.0
Maldives,2020-06-30,2337.0,6236.0,1927.0,8.0,0.0034,,,14.0,0.0
Maldives,2020-07-01,2337.0,6236.0,1927.0,8.0,0.0034,,,0.0,0.0
Maldives,2020-07-02,2382.0,6356.0,1944.0,9.0,0.0038,,,45.0,1.0
Maldives,2020-07-03,2382.0,6356.0,1944.0,9.0,0.0038,,,0.0,0.0
Maldives,2020-07-04,2410.0,6431.0,1976.0,10.0,0.0041,,,28.0,1.0
Maldives,2020-07-05,2410.0,6431.0,1976.0,10.0,0.0041,,,0.0,0.0
Maldives,2020-07-06,2469.0,6588.0,2030.0,10.0,0.0041,,,59.0,0.0
Maldives,2020-07-07,2491.0,6647.0,2113.0,12.0,0.0048,,,22.0,2.0
Maldives,2020-07-09,2517.0,6716.0,2158.0,13.0,0.0052,,,26.0,1.0
Maldives,2020-07-10,2517.0,6716.0,2158.0,13.0,0.0052,,,0.0,0.0
Maldives,2020-07-11,2617.0,6983.0,2238.0,13.0,0.005,,,100.0,0.0
Maldives,2020-07-12,2617.0,6983.0,2238.0,13.0,0.005,,,0.0,0.0
Maldives,2020-07-14,2762.0,7370.0,2290.0,13.0,0.0047,,,145.0,0.0
Maldives,2020-07-15,2762.0,7370.0,2290.0,13.0,0.0047,,,0.0,0.0
Maldives,2020-07-16,2762.0,7370.0,2290.0,13.0,0.0047,,,0.0,0.0
Maldives,2020-07-18,2899.0,7735.0,2339.0,15.0,0.0052,,,137.0,2.0
Maldives,2020-07-19,2930.0,7818.0,2354.0,15.0,0.0051,,,31.0,0.0
Maldives,2020-07-19,2930.0,7818.0,2354.0,15.0,0.0051,,,0.0,0.0
Maldives,2020-07-21,2930.0,7818.0,2354.0,15.0,0.0051,,,0.0,0.0
Maldives,2020-07-22,2999.0,8002.0,2369.0,15.0,0.005,,,69.0,0.0
Maldives,2020-07-23,3044.0,8122.0,2397.0,15.0,0.0049,,,45.0,0.0
Maldives,2020-07-24,3103.0,8280.0,2397.0,15.0,0.0048,,,59.0,0.0
Maldives,2020-07-25,3175.0,8472.0,2498.0,15.0,0.0047,,,72.0,0.0
Maldives,2020-07-26,3252.0,8677.0,2496.0,15.0,0.0046,,,77.0,0.0
Maldives,2020-07-27,3302.0,8811.0,2528.0,15.0,0.0045,,,50.0,0.0
Maldives,2020-07-28,3369.0,8989.0,2547.0,15.0,0.0045,,,67.0,0.0
Maldives,2020-07-29,3506.0,9355.0,2544.0,15.0,0.0043,,,137.0,0.0
Maldives,2020-07-30,3506.0,9355.0,2544.0,15.0,0.0043,,,0.0,0.0
Maldives,2020-07-31,3567.0,9518.0,2554.0,15.0,0.0042,,,61.0,0.0
Maldives,2020-08-01,3793.0,10121.0,2607.0,16.0,0.0042,,,226.0,1.0
Maldives,2020-08-02,3949.0,10537.0,2610.0,16.0,0.0041,,,156.0,0.0
Maldives,2020-08-03,4164.0,11111.0,2642.0,17.0,0.0041,,,215.0,1.0
Maldives,2020-08-04,4164.0,11111.0,2642.0,17.0,0.0041,,,0.0,0.0
Maldives,2020-08-05,4293.0,11455.0,2670.0,18.0,0.0042,,,129.0,1.0
Maldives,2020-08-06,4446.0,11863.0,2691.0,19.0,0.0043,,,153.0,1.0
Maldives,2020-08-07,4446.0,11863.0,2693.0,19.0,0.0043,,,0.0,0.0
Maldives,2020-08-08,4680.0,12487.0,2725.0,19.0,0.0041,,,234.0,0.0
Maldives,2020-08-09,4769.0,12725.0,2754.0,19.0,0.004,,,89.0,0.0
Maldives,2020-08-10,5041.0,13451.0,2804.0,19.0,0.0038,,,272.0,0.0
Maldives,2020-08-11,5157.0,13760.0,2831.0,19.0,0.0037,,,116.0,0.0
Maldives,2020-08-12,5223.0,13936.0,2849.0,20.0,0.0038,,,66.0,1.0
Maldives,2020-08-13,5366.0,14318.0,2874.0,21.0,0.0039,,,143.0,1.0
Maldives,2020-08-14,5366.0,14318.0,2874.0,21.0,0.0039,,,0.0,0.0
Maldives,2020-08-15,5572.0,14868.0,3007.0,22.0,0.0039,,,206.0,1.0
Maldives,2020-08-16,5572.0,14868.0,3007.0,22.0,0.0039,,,0.0,0.0
Maldives,2020-08-17,5785.0,15436.0,3349.0,22.0,0.0038,,,213.0,0.0
Maldives,2020-08-18,5785.0,15436.0,3349.0,22.0,0.0038,,,0.0,0.0
Maldives,2020-08-19,5909.0,15767.0,3485.0,23.0,0.0039,,,124.0,1.0
Maldives,2020-08-20,5909.0,15767.0,3485.0,23.0,0.0039,,,0.0,0.0
Maldives,2020-08-22,6564.0,17515.0,4012.0,26.0,0.004,,,655.0,3.0
Maldives,2020-08-23,6564.0,17515.0,4012.0,26.0,0.004,,,0.0,0.0
Maldives,2020-08-24,6564.0,17515.0,4012.0,26.0,0.004,,,0.0,0.0
Maldives,2020-08-25,6660.0,17771.0,3349.0,26.0,0.0039,,,96.0,0.0
Maldives,2020-08-26,6911.0,18440.0,4282.0,28.0,0.0041,,,251.0,2.0
Maldives,2020-08-27,6911.0,18440.0,4282.0,28.0,0.0041,,,0.0,0.0
Maldives,2020-08-28,6911.0,18440.0,4282.0,28.0,0.0041,,,0.0,0.0
Maldives,2020-08-29,7469.0,19929.0,4873.0,28.0,0.0037,,,558.0,0.0
Maldives,2020-08-30,7469.0,19929.0,4873.0,28.0,0.0037,,,0.0,0.0
Maldives,2020-08-31,7667.0,20458.0,5036.0,28.0,0.0037,,,198.0,0.0
Maldives,2020-09-01,7667.0,20458.0,5036.0,28.0,0.0037,,,0.0,0.0
Maldives,2020-09-02,7667.0,20458.0,5036.0,28.0,0.0037,,,0.0,0.0
Maldives,2020-09-03,7667.0,20458.0,5036.0,28.0,0.0037,,,0.0,0.0
Maldives,2020-09-04,8281.0,22096.0,5447.0,29.0,0.0035,,,614.0,1.0
Maldives,2020-09-05,8281.0,22096.0,5447.0,29.0,0.0035,,,0.0,0.0
Maldives,2020-09-07,8281.0,22096.0,5477.0,29.0,0.0035,,,0.0,0.0
Maldives,2020-09-08,8667.0,23126.0,6052.0,29.0,0.0033,,,386.0,0.0
Maldives,2020-09-09,8667.0,23126.0,6052.0,29.0,0.0033,,,0.0,0.0
Maldives,2020-09-10,8741.0,23323.0,6157.0,29.0,0.0033,,,74.0,0.0
Maldives,2020-09-11,8834.0,23571.0,6288.0,31.0,0.0035,,,93.0,2.0
Maldives,2020-09-12,8900.0,23748.0,6559.0,31.0,0.0035,,,66.0,0.0
Maldives,2020-09-13,8990.0,23988.0,6846.0,31.0,0.0034,,,90.0,0.0
Maldives,2020-09-14,9052.0,24153.0,7055.0,31.0,0.0034,,,62.0,0.0
Maldives,2020-09-15,9243.0,24663.0,7536.0,33.0,0.0036,,,191.0,2.0
Maldives,2020-09-16,9243.0,24663.0,7536.0,33.0,0.0036,,,0.0,0.0
Maldives,2020-09-17,9427.0,25154.0,7895.0,33.0,0.0035,,,184.0,0.0
Maldives,2020-09-18,9427.0,25154.0,7895.0,33.0,0.0035,,,0.0,0.0
Maldives,2020-09-20,9568.0,25530.0,8068.0,33.0,0.0034,,,141.0,0.0
Maldives,2020-09-21,9724.0,25946.0,8261.0,33.0,0.0034,,,156.0,0.0
Maldives,2020-09-22,9770.0,26069.0,8390.0,34.0,0.0035,,,46.0,1.0
Maldives,2020-09-23,9770.0,26069.0,8390.0,34.0,0.0035,,,0.0,0.0
Maldives,2020-09-24,9770.0,0.0,,34.0,0.0035,26069.0,,0.0,0.0
Maldives,2020-09-25,9770.0,0.0,,34.0,0.0035,26069.0,,0.0,0.0
Maldives,2020-09-26,10014.0,0.0,,34.0,0.0034,26720.0,,244.0,0.0
Maldives,2020-09-27,10014.0,0.0,,34.0,0.0034,26720.0,,0.0,0.0
Maldives,2020-09-28,10098.0,0.0,,34.0,0.0034,26944.0,,84.0,0.0
Maldives,2020-09-29,10098.0,0.0,,34.0,0.0034,26944.0,,0.0,0.0
Maldives,2020-09-30,10194.0,0.0,,34.0,0.0033,27200.0,,96.0,0.0
Maldives,2020-10-02,10354.0,0.0,,34.0,0.0033,27627.0,,160.0,0.0
Maldives,2020-10-03,10354.0,0.0,,34.0,0.0033,27627.0,,0.0,0.0
Maldives,2020-10-04,10398.0,0.0,,34.0,0.0033,27745.0,,44.0,0.0
Maldives,2020-10-05,10465.0,0.0,,34.0,0.0032,27923.0,,67.0,0.0
Maldives,2020-10-06,10530.0,0.0,,34.0,0.0032,28097.0,,65.0,0.0
Maldives,2020-10-08,10621.0,0.0,,34.0,0.0032,28340.0,,91.0,0.0
Maldives,2020-10-09,10656.0,0.0,,34.0,0.0032,28433.0,,35.0,0.0
Maldives,2020-10-10,10742.0,0.0,,34.0,0.0032,28663.0,,86.0,0.0
Maldives,2020-10-11,10808.0,0.0,,34.0,0.0031,28839.0,,66.0,0.0
Maldives,2020-10-12,10859.0,0.0,,34.0,0.0031,28975.0,,51.0,0.0
Maldives,2020-10-13,10894.0,0.0,,35.0,0.0032,29068.0,,35.0,1.0
Maldives,2020-10-14,10943.0,0.0,,35.0,0.0032,29199.0,,49.0,0.0
Maldives,2020-10-15,10993.0,0.0,,35.0,0.0032,29332.0,,50.0,0.0
Maldives,2020-10-18,11154.0,0.0,,35.0,0.0031,29762.0,,161.0,0.0
Maldives,2020-10-19,11178.0,0.0,,36.0,0.0032,29826.0,,24.0,1.0
Maldives,2020-10-20,11210.0,0.0,,37.0,0.0033,29911.0,,32.0,1.0
Maldives,2020-10-22,11271.0,0.0,,37.0,0.0033,30074.0,,61.0,0.0
Maldives,2020-10-23,11316.0,0.0,,37.0,0.0033,30194.0,,45.0,0.0
Maldives,2020-10-24,11358.0,0.0,,37.0,0.0033,30306.0,,42.0,0.0
Maldives,2020-10-25,11391.0,0.0,,37.0,0.0032,30394.0,,33.0,0.0
Maldives,2020-10-26,11421.0,0.0,,37.0,0.0032,30474.0,,30.0,0.0
Maldives,2020-10-27,11505.0,0.0,,37.0,0.0032,30698.0,,84.0,0.0
Maldives,2020-10-28,11567.0,30864.0,,37.0,0.0032,,35.0,62.0,0.0
Maldives,2020-10-29,11567.0,30864.0,,37.0,0.0032,,35.0,0.0,0.0
Maldives,2020-10-30,11591.0,30928.0,,37.0,0.0032,,24.0,24.0,0.0
Maldives,2020-10-31,11616.0,30995.0,,37.0,0.0032,,25.0,25.0,0.0
Maldives,2020-11-01,11643.0,31067.0,,37.0,0.0032,,27.0,27.0,0.0
Maldives,2020-11-02,11659.0,31109.0,,38.0,0.0033,,16.0,16.0,1.0
Maldives,2020-11-03,11701.0,31221.0,,38.0,0.0032,,42.0,42.0,0.0
Maldives,2020-11-04,11737.0,31317.0,,38.0,0.0032,,36.0,36.0,0.0
