Location,Date,Confirmed,Case_Per_1M_people,Recovered,Deaths,Mortality,Cases per 1 million people,NewCases,NewConfirmed,NewDeaths
Mali,2020-03-31,25.0,1.32,0.0,2.0,0.08,,,0.0,0.0
Mali,2020-04-01,28.0,1.48,0.0,2.0,0.07142857142857142,,,3.0,0.0
Mali,2020-04-02,31.0,1.63,0.0,3.0,0.0967741935483871,,,3.0,1.0
Mali,2020-04-03,36.0,1.9,0.0,3.0,0.08333333333333333,,,5.0,0.0
Mali,2020-04-07,45.0,2.25,1.0,5.0,0.1111111111111111,,,9.0,2.0
Mali,2020-04-10,74.0,3.71,22.0,7.0,0.0945945945945946,,,29.0,2.0
Mali,2020-04-11,87.0,4.36,22.0,7.0,0.08045977011494253,,,13.0,0.0
Mali,2020-04-12,87.0,4.36,22.0,7.0,0.08045977011494253,,,0.0,0.0
Mali,2020-04-14,123.0,6.16,26.0,10.0,0.08130081300813008,,,36.0,3.0
Mali,2020-04-17,171.0,8.56,34.0,13.0,0.07602339181286549,,,48.0,3.0
Mali,2020-04-18,171.0,8.56,34.0,13.0,0.07602339181286549,,,0.0,0.0
Mali,2020-04-20,224.0,11.22,42.0,14.0,0.0625,,,53.0,1.0
Mali,2020-04-22,258.0,12.92,57.0,14.0,0.05426356589147287,,,34.0,0.0
Mali,2020-04-23,293.0,14.67,73.0,17.0,0.05802047781569966,,,35.0,3.0
Mali,2020-04-24,309.0,15.47,77.0,21.0,0.06796116504854369,,,16.0,4.0
Mali,2020-04-25,325.0,16.27,87.0,21.0,0.06461538461538463,,,16.0,0.0
Mali,2020-04-26,370.0,18.53,91.0,21.0,0.05675675675675676,,,45.0,0.0
Mali,2020-04-27,389.0,19.48,112.0,23.0,0.05912596401028278,,,19.0,2.0
Mali,2020-04-28,408.0,20.43,112.0,23.0,0.05637254901960784,,,19.0,0.0
Mali,2020-04-29,424.0,21.23,122.0,24.0,0.05660377358490566,,,16.0,1.0
Mali,2020-04-30,424.0,21.23,122.0,24.0,0.05660377358490566,,,0.0,0.0
Mali,2020-05-01,490.0,25.0,135.0,26.0,0.053061224489795916,,,66.0,2.0
Mali,2020-05-02,508.0,25.0,196.0,26.0,0.05118110236220472,,,18.0,0.0
Mali,2020-05-03,544.0,27.0,206.0,26.0,0.04779411764705882,,,36.0,0.0
Mali,2020-05-04,544.0,27.0,206.0,26.0,0.04779411764705882,,,0.0,0.0
Mali,2020-05-05,580.0,29.0,223.0,29.0,0.05,,,36.0,3.0
Mali,2020-05-06,612.0,31.0,228.0,32.0,0.052287581699346414,,,32.0,3.0
Mali,2020-05-07,631.0,32.0,261.0,32.0,0.05071315372424723,,,19.0,0.0
Mali,2020-05-08,650.0,33.0,271.0,32.0,0.04923076923076923,,,19.0,0.0
Mali,2020-05-09,668.0,33.0,285.0,35.0,0.05239520958083832,,,18.0,3.0
Mali,2020-05-10,692.0,35.0,298.0,37.0,0.05346820809248555,,,24.0,2.0
Mali,2020-05-11,704.0,35.0,351.0,38.0,0.05397727272727273,,,12.0,1.0
Mali,2020-05-12,712.0,36.0,377.0,39.0,0.054775280898876406,,,8.0,1.0
Mali,2020-05-13,730.0,37.0,398.0,40.0,0.0547945205479452,,,18.0,1.0
Mali,2020-05-15,779.0,39.0,436.0,46.0,0.059050064184852376,,,49.0,6.0
Mali,2020-05-16,806.0,40.0,455.0,46.0,0.05707196029776675,,,27.0,0.0
Mali,2020-05-17,835.0,42.0,479.0,48.0,0.05748502994011976,,,29.0,2.0
Mali,2020-05-18,860.0,43.0,494.0,452.0,0.5255813953488372,,,25.0,404.0
Mali,2020-05-19,874.0,44.0,512.0,452.0,0.517162471395881,,,14.0,0.0
Mali,2020-05-20,901.0,45.0,529.0,53.0,0.05882352941176471,,,27.0,0.0
,2020-05-21,,,,,,,,,
Mali,2020-05-22,947.0,47.0,558.0,60.0,0.06335797254487856,,,,
Mali,2020-05-23,969.0,49.0,560.0,62.0,0.06398348813209494,,,22.0,2.0
Mali,2020-05-24,1015.0,51.0,574.0,63.0,0.06206896551724138,,,46.0,1.0
Mali,2020-05-25,1030.0,52.0,597.0,65.0,0.06310679611650485,,,15.0,2.0
Mali,2020-05-26,1059.0,53.0,604.0,67.0,0.06326723323890462,,,29.0,2.0
Mali,2020-05-27,1077.0,54.0,617.0,70.0,0.06499535747446611,,,18.0,3.0
Mali,2020-05-28,1116.0,56.0,632.0,70.0,0.06272401433691756,,,39.0,0.0
Mali,2020-05-29,1194.0,60.0,652.0,72.0,0.06030150753768844,,,78.0,2.0
Mali,2020-05-30,1226.0,61.0,669.0,73.0,0.05954323001631321,,,32.0,1.0
Mali,2020-05-31,1250.0,63.0,696.0,76.0,0.0608,,,24.0,3.0
Mali,2020-06-01,1265.0,63.0,716.0,77.0,0.060869565217391314,,,15.0,1.0
Mali,2020-06-02,1315.0,66.0,744.0,78.0,0.059315589353612176,,,50.0,1.0
Mali,2020-06-03,1351.0,68.0,769.0,78.0,0.0577,,,36.0,0.0
Mali,2020-06-04,1386.0,69.0,788.0,79.0,0.057,,,35.0,1.0
Mali,2020-06-05,1461.0,73.0,806.0,85.0,0.0582,,,75.0,6.0
Mali,2020-06-06,1485.0,74.0,816.0,857.0,0.5771,,,24.0,772.0
Mali,2020-06-07,1523.0,76.0,845.0,90.0,0.0591,,,38.0,0.0
Mali,2020-06-08,1533.0,77.0,873.0,90.0,0.0587,,,10.0,0.0
Mali,2020-06-09,1547.0,77.0,916.0,92.0,0.0595,,,14.0,2.0
Mali,2020-06-10,1586.0,79.0,931.0,94.0,0.0593,,,39.0,2.0
Mali,2020-06-12,1722.0,86.0,989.0,97.0,0.0563,,,136.0,3.0
Mali,2020-06-13,1752.0,88.0,1023.0,101.0,0.0576,,,30.0,4.0
Mali,2020-06-14,1776.0,89.0,1058.0,104.0,0.0586,,,24.0,3.0
Mali,2020-06-15,1776.0,89.0,1058.0,104.0,0.0586,,,0.0,0.0
Mali,2020-06-16,1860.0,93.0,1125.0,104.0,0.0559,,,84.0,0.0
Mali,2020-06-17,1885.0,94.0,1145.0,104.0,0.0552,,,25.0,0.0
Mali,2020-06-18,1890.0,95.0,1168.0,107.0,0.0566,,,5.0,3.0
Mali,2020-06-19,1906.0,95.0,1192.0,107.0,0.0561,,,16.0,0.0
Mali,2020-06-20,1923.0,96.0,1217.0,108.0,0.0562,,,17.0,1.0
Mali,2020-06-21,1923.0,96.0,1217.0,108.0,0.0562,,,0.0,0.0
Mali,2020-06-22,1933.0,97.0,1255.0,109.0,0.0564,,,10.0,1.0
Mali,2020-06-23,1933.0,97.0,1255.0,109.0,0.0564,,,0.0,0.0
Mali,2020-06-24,1978.0,99.0,1302.0,111.0,0.0561,,,45.0,2.0
Mali,2020-06-25,2005.0,100.0,1354.0,112.0,0.0559,,,27.0,1.0
Mali,2020-06-26,2039.0,102.0,1383.0,113.0,0.0554,,,34.0,1.0
Mali,2020-06-27,2060.0,103.0,1387.0,113.0,0.0549,,,21.0,0.0
Mali,2020-06-28,2060.0,103.0,1387.0,113.0,0.0549,,,0.0,0.0
Mali,2020-06-29,2147.0,107.0,1432.0,114.0,0.0531,,,87.0,1.0
Mali,2020-06-30,2173.0,109.0,14347.0,115.0,0.0529,,,26.0,1.0
Mali,2020-07-01,2173.0,109.0,1434.0,115.0,0.0529,,,0.0,0.0
Mali,2020-07-02,2173.0,109.0,1434.0,115.0,0.0529,,,0.0,0.0
Mali,2020-07-03,2202.0,110.0,1483.0,116.0,0.0527,,,29.0,1.0
Mali,2020-07-04,2285.0,114.0,1507.0,117.0,0.0512,,,83.0,1.0
Mali,2020-07-05,2285.0,114.0,1507.0,117.0,0.0512,,,0.0,0.0
Mali,2020-07-06,2330.0,117.0,1527.0,119.0,0.0511,,,45.0,2.0
Mali,2020-07-07,2331.0,117.0,1547.0,119.0,0.0511,,,1.0,0.0
Mali,2020-07-09,2358.0,118.0,1597.0,120.0,0.0509,,,27.0,1.0
Mali,2020-07-10,2358.0,118.0,1597.0,120.0,0.0509,,,0.0,0.0
Mali,2020-07-11,2404.0,120.0,1650.0,121.0,0.0503,,,46.0,1.0
Mali,2020-07-12,2404.0,120.0,1650.0,121.0,0.0503,,,0.0,0.0
Mali,2020-07-14,2411.0,121.0,0.0,121.0,0.0502,,,7.0,0.0
Mali,2020-07-15,2412.0,121.0,0.0,121.0,0.0502,,,1.0,0.0
Mali,2020-07-16,2412.0,121.0,0.0,121.0,0.0502,,,0.0,0.0
Mali,2020-07-18,2440.0,122.0,1777.0,121.0,0.0496,,,28.0,0.0
Mali,2020-07-19,2472.0,124.0,1809.0,121.0,0.0489,,,32.0,0.0
Mali,2020-07-19,2472.0,124.0,1809.0,121.0,0.0489,,,0.0,0.0
Mali,2020-07-21,2472.0,124.0,1809.0,121.0,0.0489,,,0.0,0.0
Mali,2020-07-22,2475.0,124.0,0.0,121.0,0.0489,,,3.0,0.0
Mali,2020-07-23,2477.0,124.0,0.0,122.0,0.0493,,,2.0,1.0
Mali,2020-07-24,2494.0,125.0,1869.0,123.0,0.0493,,,17.0,1.0
Mali,2020-07-25,2503.0,125.0,1901.0,123.0,0.0491,,,9.0,0.0
Mali,2020-07-26,2503.0,125.0,1907.0,123.0,0.0491,,,0.0,0.0
Mali,2020-07-27,2510.0,126.0,1911.0,123.0,0.049,,,7.0,0.0
Mali,2020-07-28,2513.0,126.0,1913.0,124.0,0.0493,,,3.0,1.0
Mali,2020-07-29,2520.0,126.0,1919.0,124.0,0.0492,,,7.0,0.0
Mali,2020-07-30,2520.0,126.0,1919.0,124.0,0.0492,,,0.0,0.0
Mali,2020-07-31,2521.0,126.0,1927.0,124.0,0.0492,,,1.0,0.0
Mali,2020-08-01,2522.0,126.0,1931.0,124.0,0.0492,,,1.0,0.0
Mali,2020-08-02,2535.0,127.0,1937.0,124.0,0.0489,,,13.0,0.0
Mali,2020-08-03,2535.0,127.0,1937.0,124.0,0.0489,,,0.0,0.0
Mali,2020-08-04,2541.0,127.0,1943.0,124.0,0.0488,,,6.0,0.0
Mali,2020-08-05,2543.0,127.0,1943.0,124.0,0.0488,,,2.0,0.0
Mali,2020-08-06,2543.0,127.0,1943.0,124.0,0.0488,,,0.0,0.0
Mali,2020-08-07,2546.0,127.0,1950.0,124.0,0.0487,,,3.0,0.0
Mali,2020-08-08,2552.0,128.0,1954.0,124.0,0.0486,,,6.0,0.0
Mali,2020-08-09,2565.0,128.0,1960.0,125.0,0.0487,,,13.0,1.0
Mali,2020-08-10,2567.0,129.0,1962.0,125.0,0.0487,,,2.0,0.0
Mali,2020-08-11,2573.0,129.0,1969.0,125.0,0.0486,,,6.0,0.0
Mali,2020-08-12,2577.0,129.0,1973.0,125.0,0.0485,,,4.0,0.0
Mali,2020-08-13,2577.0,129.0,1973.0,125.0,0.0485,,,0.0,0.0
Mali,2020-08-14,2577.0,129.0,1973.0,125.0,0.0485,,,0.0,0.0
Mali,2020-08-15,2577.0,129.0,1973.0,125.0,0.0485,,,0.0,0.0
Mali,2020-08-16,2577.0,129.0,1973.0,125.0,0.0485,,,0.0,0.0
Mali,2020-08-17,2640.0,132.0,1987.0,125.0,0.0473,,,63.0,0.0
Mali,2020-08-18,2640.0,132.0,1987.0,125.0,0.0473,,,0.0,0.0
Mali,2020-08-19,2666.0,133.0,1990.0,125.0,0.0469,,,26.0,0.0
Mali,2020-08-20,2666.0,133.0,1990.0,125.0,0.0469,,,0.0,0.0
Mali,2020-08-22,2666.0,133.0,1990.0,125.0,0.0469,,,0.0,0.0
Mali,2020-08-23,2667.0,134.0,0.0,125.0,0.0469,,,1.0,0.0
Mali,2020-08-24,2667.0,134.0,0.0,125.0,0.0469,,,0.0,0.0
Mali,2020-08-25,2699.0,135.0,1987.0,125.0,0.0463,,,32.0,0.0
Mali,2020-08-26,2699.0,135.0,1987.0,125.0,0.0463,,,0.0,0.0
Mali,2020-08-27,2699.0,135.0,1987.0,125.0,0.0463,,,0.0,0.0
Mali,2020-08-28,2699.0,135.0,1987.0,125.0,0.0463,,,0.0,0.0
Mali,2020-08-29,2736.0,137.0,2055.0,126.0,0.0461,,,37.0,1.0
Mali,2020-08-30,2736.0,137.0,2055.0,126.0,0.0461,,,0.0,0.0
Mali,2020-08-31,2736.0,137.0,2055.0,126.0,0.0461,,,0.0,0.0
Mali,2020-09-01,2736.0,137.0,2055.0,126.0,0.0461,,,0.0,0.0
Mali,2020-09-02,2736.0,137.0,2055.0,126.0,0.0461,,,0.0,0.0
Mali,2020-09-03,2736.0,137.0,2055.0,126.0,0.0461,,,0.0,0.0
Mali,2020-09-04,2807.0,141.0,2203.0,126.0,0.0449,,,71.0,0.0
Mali,2020-09-05,2807.0,141.0,2203.0,126.0,0.0449,,,0.0,0.0
Mali,2020-09-07,2814.0,141.0,2220.0,126.0,0.0448,,,7.0,0.0
Mali,2020-09-08,2814.0,141.0,2220.0,126.0,0.0448,,,0.0,0.0
Mali,2020-09-09,2870.0,144.0,2246.0,127.0,0.0443,,,56.0,1.0
Mali,2020-09-10,2870.0,144.0,2246.0,127.0,0.0443,,,0.0,0.0
Mali,2020-09-11,2870.0,144.0,2246.0,127.0,0.0443,,,0.0,0.0
Mali,2020-09-12,2870.0,144.0,2246.0,127.0,0.0443,,,0.0,0.0
Mali,2020-09-13,2909.0,146.0,2269.0,128.0,0.044000000000000004,,,39.0,1.0
Mali,2020-09-14,2924.0,146.0,2285.0,128.0,0.0438,,,15.0,0.0
Mali,2020-09-15,2924.0,146.0,2285.0,128.0,0.0438,,,0.0,0.0
Mali,2020-09-16,2924.0,146.0,2285.0,128.0,0.0438,,,0.0,0.0
Mali,2020-09-17,2935.0,147.0,0.0,128.0,0.0436,,,11.0,0.0
Mali,2020-09-18,2935.0,147.0,0.0,128.0,0.0436,,,0.0,0.0
Mali,2020-09-20,2983.0,149.0,0.0,128.0,0.0429,,,48.0,0.0
Mali,2020-09-21,2983.0,149.0,0.0,128.0,0.0429,,,0.0,0.0
Mali,2020-09-22,2983.0,149.0,0.0,128.0,0.0429,,,0.0,0.0
Mali,2020-09-23,2983.0,149.0,0.0,128.0,0.0429,,,0.0,0.0
Mali,2020-09-24,3024.0,0.0,,129.0,0.0427,151.0,,41.0,1.0
Mali,2020-09-25,3024.0,0.0,,130.0,0.043,151.0,,0.0,1.0
Mali,2020-09-26,3064.0,0.0,,130.0,0.0424,153.0,,40.0,0.0
Mali,2020-09-27,3064.0,0.0,,130.0,0.0424,153.0,,0.0,0.0
Mali,2020-09-28,3064.0,0.0,,130.0,0.0424,153.0,,0.0,0.0
Mali,2020-09-29,3064.0,0.0,,130.0,0.0424,153.0,,0.0,0.0
Mali,2020-09-30,3064.0,0.0,,130.0,0.0424,153.0,,0.0,0.0
Mali,2020-10-02,3118.0,0.0,,131.0,0.042,156.0,,54.0,1.0
Mali,2020-10-03,3131.0,0.0,,131.0,0.0418,157.0,,13.0,0.0
Mali,2020-10-04,3156.0,0.0,,131.0,0.0415,158.0,,25.0,0.0
Mali,2020-10-05,3170.0,0.0,,131.0,0.0413,159.0,,14.0,0.0
Mali,2020-10-06,3184.0,0.0,,131.0,0.0411,159.0,,14.0,0.0
Mali,2020-10-08,3195.0,0.0,,131.0,0.040999999999999995,160.0,,11.0,0.0
Mali,2020-10-09,3210.0,0.0,,131.0,0.0408,161.0,,15.0,0.0
Mali,2020-10-10,3235.0,0.0,,131.0,0.0405,162.0,,25.0,0.0
Mali,2020-10-11,3248.0,0.0,,131.0,0.0403,163.0,,13.0,0.0
Mali,2020-10-12,3273.0,0.0,,132.0,0.0403,164.0,,25.0,1.0
Mali,2020-10-13,3286.0,0.0,,132.0,0.0402,165.0,,13.0,0.0
Mali,2020-10-14,3296.0,0.0,,132.0,0.04,165.0,,10.0,0.0
Mali,2020-10-15,3297.0,0.0,,132.0,0.04,165.0,,1.0,0.0
Mali,2020-10-18,3378.0,0.0,,132.0,0.0391,169.0,,81.0,0.0
Mali,2020-10-19,3379.0,0.0,,132.0,0.0391,169.0,,1.0,0.0
Mali,2020-10-20,3388.0,0.0,,132.0,0.039,170.0,,9.0,0.0
Mali,2020-10-22,3411.0,0.0,,132.0,0.0387,171.0,,23.0,0.0
Mali,2020-10-23,3428.0,0.0,,132.0,0.0385,172.0,,17.0,0.0
Mali,2020-10-24,3440.0,0.0,,132.0,0.0384,172.0,,12.0,0.0
Mali,2020-10-25,3444.0,0.0,,132.0,0.0383,172.0,,4.0,0.0
Mali,2020-10-26,3472.0,0.0,,132.0,0.038,174.0,,28.0,0.0
Mali,2020-10-27,3490.0,0.0,,132.0,0.0378,175.0,,18.0,0.0
Mali,2020-10-28,3515.0,176.0,,136.0,0.0387,,16.0,25.0,4.0
Mali,2020-10-29,3515.0,176.0,,136.0,0.0387,,16.0,0.0,0.0
Mali,2020-10-30,3530.0,177.0,,136.0,0.0385,,15.0,15.0,0.0
Mali,2020-10-31,3537.0,177.0,,136.0,0.0385,,7.0,7.0,0.0
Mali,2020-11-01,3545.0,177.0,,136.0,0.0384,,8.0,8.0,0.0
Mali,2020-11-02,3554.0,178.0,,136.0,0.0383,,9.0,9.0,0.0
Mali,2020-11-03,3565.0,178.0,,136.0,0.0381,,11.0,11.0,0.0
Mali,2020-11-04,3573.0,179.0,,136.0,0.0381,,8.0,8.0,0.0
Mali,2020-11-05,3584.0,179.0,,136.0,0.0379,,11.0,11.0,0.0
Mali,2020-11-06,3609.0,181.0,,137.0,0.038,,25.0,25.0,1.0
Mali,2020-11-07,3633.0,182.0,,137.0,0.0377,,24.0,24.0,0.0
Mali,2020-11-08,3657.0,183.0,,137.0,0.0375,,24.0,24.0,0.0
Mali,2020-11-09,3676.0,184.0,,137.0,0.0373,,19.0,19.0,0.0
Mali,2020-11-10,3706.0,186.0,,137.0,0.037000000000000005,,30.0,30.0,0.0
Mali,2020-11-11,3712.0,186.0,,137.0,0.0369,,6.0,6.0,0.0
Mali,2020-11-12,3745.0,188.0,,137.0,0.0366,,33.0,33.0,0.0
Mali,2020-11-13,3753.0,188.0,,138.0,0.0368,,8.0,8.0,1.0
Mali,2020-11-15,3806.0,191.0,,139.0,0.0365,,14.0,53.0,1.0
Mali,2020-11-16,3868.0,194.0,,139.0,0.0359,,62.0,62.0,0.0
