Location,Date,Confirmed,Case_Per_1M_people,Recovered,Deaths,Mortality,NewConfirmed,NewDeaths
Malta,2020-03-31,156.0,368.88,2.0,0.0,0.0,0.0,0.0
Malta,2020-04-01,169.0,399.62,2.0,0.0,0.0,13.0,0.0
Malta,2020-04-02,188.0,444.54,2.0,0.0,0.0,19.0,0.0
Malta,2020-04-03,195.0,461.1,2.0,0.0,0.0,7.0,0.0
Malta,2020-04-07,241.0,488.29,5.0,0.0,0.0,46.0,0.0
Malta,2020-04-10,337.0,682.8,16.0,2.0,0.005934718100890208,96.0,2.0
Malta,2020-04-11,350.0,709.14,13.0,2.0,0.005714285714285714,13.0,0.0
Malta,2020-04-12,370.0,749.66,16.0,3.0,0.008108108108108109,20.0,1.0
Malta,2020-04-14,384.0,778.02,44.0,3.0,0.0078125,14.0,0.0
Malta,2020-04-17,412.0,834.75,82.0,3.0,0.0072815533980582535,28.0,0.0
Malta,2020-04-18,422.0,855.01,91.0,3.0,0.007109004739336493,10.0,0.0
Malta,2020-04-20,427.0,865.14,118.0,3.0,0.00702576112412178,5.0,0.0
Malta,2020-04-22,443.0,897.56,150.0,3.0,0.0067720090293453715,16.0,0.0
Malta,2020-04-23,444.0,899.59,165.0,3.0,0.006756756756756757,1.0,0.0
Malta,2020-04-24,445.0,901.61,204.0,3.0,0.0067415730337078645,1.0,0.0
Malta,2020-04-25,447.0,905.67,223.0,3.0,0.006711409395973154,2.0,0.0
Malta,2020-04-26,448.0,907.69,249.0,4.0,0.008928571428571428,1.0,1.0
Malta,2020-04-27,448.0,907.69,249.0,4.0,0.008928571428571428,0.0,0.0
Malta,2020-04-28,450.0,911.75,286.0,4.0,0.008888888888888889,2.0,0.0
Malta,2020-04-29,458.0,927.95,303.0,4.0,0.008733624454148471,8.0,0.0
Malta,2020-04-30,458.0,927.95,303.0,4.0,0.008733624454148471,0.0,0.0
Malta,2020-05-01,465.0,942.0,351.0,4.0,0.008602150537634409,7.0,0.0
Malta,2020-05-02,467.0,946.0,383.0,4.0,0.008565310492505356,2.0,0.0
Malta,2020-05-03,468.0,948.0,379.0,4.0,0.008547008547008548,1.0,0.0
Malta,2020-05-04,468.0,948.0,379.0,4.0,0.008547008547008548,0.0,0.0
Malta,2020-05-05,480.0,973.0,399.0,4.0,0.008333333333333333,12.0,0.0
Malta,2020-05-06,482.0,977.0,403.0,5.0,0.010373443983402491,2.0,1.0
Malta,2020-05-07,484.0,981.0,407.0,5.0,0.010330578512396695,2.0,0.0
Malta,2020-05-08,486.0,985.0,413.0,5.0,0.0102880658436214,2.0,0.0
Malta,2020-05-09,489.0,991.0,419.0,5.0,0.010224948875255624,3.0,0.0
Malta,2020-05-10,490.0,993.0,427.0,5.0,0.010204081632653059,1.0,0.0
Malta,2020-05-11,496.0,1005.0,433.0,5.0,0.010080645161290322,6.0,0.0
Malta,2020-05-12,503.0,1019.0,434.0,5.0,0.009940357852882704,7.0,0.0
Malta,2020-05-13,506.0,1025.0,434.0,5.0,0.009881422924901186,3.0,0.0
Malta,2020-05-15,522.0,1058.0,443.0,6.0,0.011494252873563218,16.0,1.0
Malta,2020-05-16,532.0,1078.0,458.0,6.0,0.011278195488721804,10.0,0.0
Malta,2020-05-17,546.0,1106.0,450.0,6.0,0.01098901098901099,14.0,0.0
Malta,2020-05-18,553.0,1120.0,454.0,6.0,0.0108499095840868,7.0,0.0
Malta,2020-05-19,558.0,1131.0,456.0,6.0,0.010752688172043013,5.0,0.0
Malta,2020-05-20,569.0,1153.0,460.0,6.0,0.01054481546572935,11.0,0.0
,2020-05-21,,,,,,,
Malta,2020-05-22,599.0,1214.0,468.0,6.0,0.01001669449081803,,
Malta,2020-05-23,600.0,1216.0,469.0,6.0,0.01,1.0,0.0
Malta,2020-05-24,609.0,1234.0,473.0,6.0,0.009852216748768471,9.0,0.0
Malta,2020-05-25,610.0,1236.0,480.0,6.0,0.009836065573770493,1.0,0.0
Malta,2020-05-26,611.0,1238.0,485.0,6.0,0.009819967266775776,1.0,0.0
Malta,2020-05-27,611.0,1238.0,485.0,6.0,0.009819967266775776,0.0,0.0
Malta,2020-05-28,612.0,1240.0,491.0,7.0,0.011437908496732024,1.0,1.0
Malta,2020-05-29,616.0,1248.0,501.0,7.0,0.011363636363636364,4.0,0.0
Malta,2020-05-30,616.0,1248.0,514.0,9.0,0.01461038961038961,0.0,2.0
Malta,2020-05-31,618.0,1252.0,525.0,9.0,0.014563106796116504,2.0,0.0
Malta,2020-06-01,618.0,1252.0,525.0,9.0,0.014563106796116504,0.0,0.0
Malta,2020-06-02,619.0,1254.0,537.0,9.0,0.014539579967689824,1.0,0.0
Malta,2020-06-03,620.0,1256.0,554.0,9.0,0.0145,1.0,0.0
Malta,2020-06-04,622.0,1260.0,562.0,9.0,0.0145,2.0,0.0
Malta,2020-06-05,622.0,1260.0,562.0,9.0,0.0145,0.0,0.0
Malta,2020-06-06,625.0,1266.0,583.0,9.0,0.0144,3.0,0.0
Malta,2020-06-07,627.0,1270.0,596.0,9.0,0.0144,2.0,0.0
Malta,2020-06-08,629.0,1274.0,596.0,9.0,0.0143,2.0,0.0
Malta,2020-06-09,630.0,1276.0,596.0,9.0,0.0143,1.0,0.0
Malta,2020-06-10,632.0,1280.0,597.0,9.0,0.0142,2.0,0.0
Malta,2020-06-12,640.0,1297.0,600.0,9.0,0.0141,8.0,0.0
Malta,2020-06-13,645.0,1307.0,600.0,9.0,0.013999999999999999,5.0,0.0
Malta,2020-06-14,646.0,1309.0,601.0,9.0,0.0139,1.0,0.0
Malta,2020-06-15,646.0,1309.0,601.0,9.0,0.0139,0.0,0.0
Malta,2020-06-16,650.0,1317.0,603.0,9.0,0.0138,4.0,0.0
Malta,2020-06-17,656.0,1329.0,608.0,9.0,0.0137,6.0,0.0
Malta,2020-06-18,662.0,1341.0,610.0,9.0,0.0136,6.0,0.0
Malta,2020-06-19,663.0,1343.0,610.0,9.0,0.0136,1.0,0.0
Malta,2020-06-20,663.0,1343.0,613.0,9.0,0.0136,0.0,0.0
Malta,2020-06-21,664.0,1345.0,616.0,9.0,0.0136,1.0,0.0
Malta,2020-06-22,665.0,1347.0,616.0,9.0,0.0135,1.0,0.0
Malta,2020-06-23,665.0,1347.0,616.0,9.0,0.0135,0.0,0.0
Malta,2020-06-24,665.0,1347.0,618.0,9.0,0.0135,0.0,0.0
Malta,2020-06-25,665.0,1347.0,624.0,9.0,0.0135,0.0,0.0
Malta,2020-06-26,668.0,1353.0,627.0,9.0,0.0135,3.0,0.0
Malta,2020-06-27,670.0,1357.0,632.0,9.0,0.0134,2.0,0.0
Malta,2020-06-28,670.0,1357.0,632.0,9.0,0.0134,0.0,0.0
Malta,2020-06-29,670.0,1357.0,636.0,9.0,0.0134,0.0,0.0
Malta,2020-06-30,670.0,1357.0,639.0,9.0,0.0134,0.0,0.0
Malta,2020-07-01,670.0,1357.0,639.0,9.0,0.0134,0.0,0.0
Malta,2020-07-02,671.0,1360.0,0.0,9.0,0.0134,1.0,0.0
Malta,2020-07-03,671.0,1360.0,647.0,9.0,0.0134,0.0,0.0
Malta,2020-07-04,672.0,1362.0,650.0,9.0,0.0134,1.0,0.0
Malta,2020-07-05,672.0,1362.0,650.0,9.0,0.0134,0.0,0.0
Malta,2020-07-06,672.0,1362.0,652.0,9.0,0.0134,0.0,0.0
Malta,2020-07-07,672.0,1362.0,652.0,9.0,0.0134,0.0,0.0
Malta,2020-07-09,673.0,1364.0,654.0,9.0,0.0134,1.0,0.0
Malta,2020-07-10,674.0,1366.0,0.0,9.0,0.0134,1.0,0.0
Malta,2020-07-11,674.0,1366.0,658.0,9.0,0.0134,0.0,0.0
Malta,2020-07-12,674.0,1366.0,658.0,9.0,0.0134,0.0,0.0
Malta,2020-07-13,674.0,1366.0,658.0,9.0,0.0134,0.0,0.0
Malta,2020-07-14,674.0,1366.0,658.0,9.0,0.0134,0.0,0.0
Malta,2020-07-15,674.0,1366.0,658.0,9.0,0.0134,0.0,0.0
Malta,2020-07-16,674.0,1366.0,658.0,9.0,0.0134,0.0,0.0
Malta,2020-07-18,674.0,1366.0,658.0,9.0,0.0134,0.0,0.0
Malta,2020-07-19,675.0,1368.0,0.0,9.0,0.0133,1.0,0.0
Malta,2020-07-19,675.0,1368.0,662.0,9.0,0.0133,0.0,0.0
Malta,2020-07-21,677.0,1372.0,0.0,9.0,0.0133,2.0,0.0
Malta,2020-07-22,677.0,1372.0,664.0,9.0,0.0133,0.0,0.0
Malta,2020-07-23,679.0,1376.0,665.0,9.0,0.0133,2.0,0.0
Malta,2020-07-24,680.0,1378.0,665.0,9.0,0.0132,1.0,0.0
Malta,2020-07-25,686.0,1390.0,665.0,9.0,0.0131,6.0,0.0
Malta,2020-07-26,686.0,1390.0,665.0,9.0,0.0131,0.0,0.0
Malta,2020-07-27,700.0,1418.0,665.0,9.0,0.0129,14.0,0.0
Malta,2020-07-28,701.0,1420.0,665.0,9.0,0.0128,1.0,0.0
Malta,2020-07-29,708.0,1434.0,665.0,9.0,0.0127,7.0,0.0
Malta,2020-07-30,720.0,1459.0,665.0,9.0,0.0125,12.0,0.0
Malta,2020-07-31,814.0,1649.0,665.0,9.0,0.0111,94.0,0.0
Malta,2020-08-01,824.0,1670.0,665.0,9.0,0.0109,10.0,0.0
Malta,2020-08-02,845.0,1712.0,665.0,9.0,0.0107,21.0,0.0
Malta,2020-08-03,860.0,1742.0,666.0,9.0,0.0105,15.0,0.0
Malta,2020-08-04,874.0,1771.0,666.0,9.0,0.0103,14.0,0.0
Malta,2020-08-05,890.0,1803.0,666.0,9.0,0.0101,16.0,0.0
Malta,2020-08-06,926.0,1876.0,668.0,9.0,0.0097,36.0,0.0
Malta,2020-08-07,946.0,1917.0,670.0,9.0,0.0095,20.0,0.0
Malta,2020-08-08,995.0,2016.0,675.0,9.0,0.009000000000000001,49.0,0.0
Malta,2020-08-09,1035.0,2097.0,675.0,9.0,0.0087,40.0,0.0
Malta,2020-08-10,1089.0,2206.0,684.0,9.0,0.0083,54.0,0.0
Malta,2020-08-11,1112.0,2253.0,688.0,9.0,0.0081,23.0,0.0
Malta,2020-08-12,1141.0,2312.0,692.0,9.0,0.0079,29.0,0.0
Malta,2020-08-13,1190.0,2411.0,695.0,9.0,0.0076,49.0,0.0
Malta,2020-08-14,1245.0,2522.0,708.0,9.0,0.0072,55.0,0.0
Malta,2020-08-15,1276.0,2585.0,762.0,9.0,0.0071,31.0,0.0
Malta,2020-08-16,1348.0,2731.0,782.0,9.0,0.0067,72.0,0.0
Malta,2020-08-17,1411.0,2859.0,793.0,9.0,0.0064,63.0,0.0
Malta,2020-08-18,1480.0,2999.0,803.0,9.0,0.0061,69.0,0.0
Malta,2020-08-19,1528.0,3096.0,810.0,9.0,0.0059,48.0,0.0
Malta,2020-08-20,1575.0,3191.0,828.0,9.0,0.0057,47.0,0.0
Malta,2020-08-22,1546.0,3132.0,854.0,10.0,0.0065,0.0,1.0
Malta,2020-08-23,1577.0,3195.0,901.0,10.0,0.0063,31.0,0.0
Malta,2020-08-24,1612.0,3266.0,934.0,10.0,0.0062,35.0,0.0
Malta,2020-08-25,1667.0,3378.0,977.0,10.0,0.006,55.0,0.0
Malta,2020-08-26,1705.0,3455.0,1029.0,10.0,0.0059,38.0,0.0
Malta,2020-08-27,1751.0,3548.0,1077.0,10.0,0.0057,46.0,0.0
Malta,2020-08-28,1788.0,3623.0,1121.0,10.0,0.0056,37.0,0.0
Malta,2020-08-29,1820.0,3688.0,1186.0,10.0,0.0055,32.0,0.0
Malta,2020-08-30,1847.0,3742.0,1244.0,11.0,0.006,27.0,1.0
Malta,2020-08-31,1862.0,3773.0,1313.0,12.0,0.0064,15.0,1.0
Malta,2020-09-01,1883.0,3815.0,1400.0,12.0,0.0064,21.0,0.0
Malta,2020-09-02,1909.0,3868.0,1453.0,13.0,0.0068,26.0,1.0
Malta,2020-09-03,1931.0,3912.0,1490.0,13.0,0.0067,22.0,0.0
Malta,2020-09-04,1965.0,3981.0,1528.0,13.0,0.0066,34.0,0.0
Malta,2020-09-05,1984.0,4020.0,1565.0,13.0,0.0066,19.0,0.0
Malta,2020-09-07,2039.0,4131.0,1627.0,14.0,0.0069,55.0,1.0
Malta,2020-09-08,2076.0,4206.0,1690.0,14.0,0.0067,37.0,0.0
Malta,2020-09-09,2099.0,4253.0,1729.0,14.0,0.0067,23.0,0.0
Malta,2020-09-10,2162.0,4380.0,1760.0,14.0,0.0065,63.0,0.0
Malta,2020-09-11,2204.0,4466.0,1803.0,15.0,0.0068,42.0,1.0
Malta,2020-09-12,2247.0,4553.0,1833.0,15.0,0.0067,43.0,0.0
Malta,2020-09-13,2274.0,4607.0,1850.0,15.0,0.0066,27.0,0.0
Malta,2020-09-14,2352.0,4765.0,1872.0,15.0,0.0064,78.0,0.0
Malta,2020-09-15,2405.0,4873.0,1890.0,16.0,0.0067,53.0,1.0
Malta,2020-09-16,2454.0,4972.0,1931.0,16.0,0.0065,49.0,0.0
Malta,2020-09-17,2560.0,5187.0,1953.0,16.0,0.0062,106.0,0.0
Malta,2020-09-18,2595.0,5258.0,1978.0,16.0,0.0062,35.0,0.0
Malta,2020-09-20,2699.0,5468.0,2017.0,20.0,0.0074,104.0,4.0
