Location,Date,Confirmed,Case_Per_1M_people,Recovered,Deaths,Mortality,NewConfirmed,NewDeaths
Martinique,2020-03-31,93.0,239.62,0.0,1.0,0.010752688,0.0,0.0
Martinique,2020-04-01,119.0,306.61,27.0,2.0,0.01680672268907563,26.0,1.0
Martinique,2020-04-02,131.0,337.53,27.0,3.0,0.022900763358778626,12.0,1.0
Martinique,2020-04-03,131.0,337.53,27.0,3.0,0.022900763358778626,0.0,0.0
Martinique,2020-04-07,149.0,383.91,50.0,4.0,0.026845637583892617,18.0,1.0
Martinique,2020-04-10,154.0,396.8,50.0,6.0,0.03896103896103896,5.0,2.0
Martinique,2020-04-11,155.0,399.37,50.0,6.0,0.03870967741935484,1.0,0.0
Martinique,2020-04-12,155.0,399.37,50.0,6.0,0.03870967741935484,0.0,0.0
Martinique,2020-04-14,157.0,404.53,50.0,8.0,0.050955414012738856,2.0,2.0
Martinique,2020-04-17,158.0,407.1,73.0,8.0,0.05063291139240506,1.0,0.0
Martinique,2020-04-18,158.0,407.1,73.0,8.0,0.05063291139240506,0.0,0.0
Martinique,2020-04-20,163.0,419.99,73.0,12.0,0.0736196319018405,5.0,4.0
Martinique,2020-04-22,163.0,419.99,0.0,12.0,0.0736196319018405,0.0,0.0
Martinique,2020-04-23,163.0,419.99,0.0,14.0,0.08588957055214724,0.0,2.0
Martinique,2020-04-24,164.0,422.56,0.0,14.0,0.08536585365853659,1.0,0.0
Martinique,2020-04-25,170.0,438.02,0.0,14.0,0.08235294117647059,6.0,0.0
Martinique,2020-04-26,170.0,438.02,0.0,14.0,0.08235294117647059,0.0,0.0
Martinique,2020-04-27,170.0,438.02,0.0,14.0,0.08235294117647059,0.0,0.0
Martinique,2020-04-28,170.0,438.02,0.0,14.0,0.08235294117647059,0.0,0.0
Martinique,2020-04-29,175.0,450.9,0.0,14.0,0.08,5.0,0.0
Martinique,2020-04-30,175.0,450.9,0.0,14.0,0.08,0.0,0.0
Martinique,2020-05-01,175.0,451.0,0.0,14.0,0.08,0.0,0.0
Martinique,2020-05-02,178.0,459.0,0.0,14.0,0.07865168539325842,3.0,0.0
Martinique,2020-05-03,179.0,461.0,0.0,14.0,0.0782122905027933,1.0,0.0
Martinique,2020-05-04,179.0,461.0,0.0,14.0,0.0782122905027933,0.0,0.0
Martinique,2020-05-05,181.0,466.0,0.0,14.0,0.07734806629834254,2.0,0.0
Martinique,2020-05-06,178.0,459.0,0.0,14.0,0.07865168539325842,0.0,0.0
Martinique,2020-05-07,175.0,451.0,0.0,14.0,0.08,0.0,0.0
Martinique,2020-05-08,182.0,469.0,0.0,14.0,0.07692307692307693,7.0,0.0
Martinique,2020-05-09,182.0,469.0,0.0,14.0,0.07692307692307693,0.0,0.0
Martinique,2020-05-10,183.0,472.0,0.0,14.0,0.07650273224043716,1.0,0.0
Martinique,2020-05-11,186.0,479.0,0.0,14.0,0.07526881720430108,3.0,0.0
Martinique,2020-05-12,187.0,482.0,0.0,14.0,0.0748663101604278,1.0,0.0
Martinique,2020-05-13,187.0,482.0,0.0,14.0,0.0748663101604278,0.0,0.0
Martinique,2020-05-15,187.0,482.0,0.0,14.0,0.0748663101604278,0.0,0.0
Martinique,2020-05-16,189.0,487.0,0.0,14.0,0.07407407407407407,2.0,0.0
Martinique,2020-05-17,189.0,487.0,0.0,14.0,0.07407407407407407,0.0,0.0
Martinique,2020-05-18,192.0,495.0,0.0,14.0,0.07291666666666667,3.0,0.0
Martinique,2020-05-19,192.0,495.0,0.0,14.0,0.07291666666666667,0.0,0.0
Martinique,2020-05-20,192.0,495.0,0.0,14.0,0.07291666666666667,0.0,0.0
,2020-05-21,,,,,,,
Martinique,2020-05-22,192.0,495.0,0.0,14.0,0.07291666666666667,,
Martinique,2020-05-23,192.0,495.0,0.0,14.0,0.07291666666666667,0.0,0.0
Martinique,2020-05-24,197.0,508.0,0.0,14.0,0.07106598984771574,5.0,0.0
Martinique,2020-05-25,197.0,508.0,0.0,14.0,0.07106598984771574,0.0,0.0
Martinique,2020-05-26,197.0,508.0,0.0,14.0,0.07106598984771574,0.0,0.0
Martinique,2020-05-27,197.0,508.0,0.0,14.0,0.07106598984771574,0.0,0.0
Martinique,2020-05-28,197.0,508.0,0.0,14.0,0.07106598984771574,0.0,0.0
Martinique,2020-05-29,197.0,508.0,0.0,14.0,0.07106598984771574,0.0,0.0
Martinique,2020-05-30,197.0,508.0,0.0,14.0,0.07106598984771574,0.0,0.0
Martinique,2020-05-31,197.0,508.0,0.0,14.0,0.07106598984771574,0.0,0.0
Martinique,2020-06-01,200.0,515.0,0.0,14.0,0.07,3.0,0.0
Martinique,2020-06-02,200.0,515.0,0.0,14.0,0.07,0.0,0.0
Martinique,2020-06-03,200.0,515.0,0.0,14.0,0.07,0.0,0.0
Martinique,2020-06-04,200.0,515.0,0.0,14.0,0.07,0.0,0.0
Martinique,2020-06-05,200.0,515.0,0.0,14.0,0.07,0.0,0.0
Martinique,2020-06-06,200.0,515.0,0.0,14.0,0.07,0.0,0.0
Martinique,2020-06-07,200.0,515.0,0.0,14.0,0.07,0.0,0.0
Martinique,2020-06-08,202.0,520.0,0.0,14.0,0.0693,2.0,0.0
Martinique,2020-06-09,202.0,520.0,0.0,14.0,0.0693,0.0,0.0
Martinique,2020-06-10,202.0,520.0,0.0,14.0,0.0693,0.0,0.0
Martinique,2020-06-12,202.0,520.0,0.0,14.0,0.0693,0.0,0.0
Martinique,2020-06-13,202.0,520.0,0.0,14.0,0.0693,0.0,0.0
Martinique,2020-06-14,202.0,520.0,0.0,14.0,0.0693,0.0,0.0
Martinique,2020-06-15,202.0,520.0,0.0,14.0,0.0693,0.0,0.0
Martinique,2020-06-16,202.0,520.0,0.0,14.0,0.0693,0.0,0.0
Martinique,2020-06-17,202.0,520.0,0.0,14.0,0.0693,0.0,0.0
Martinique,2020-06-18,202.0,520.0,0.0,14.0,0.0693,0.0,0.0
Martinique,2020-06-19,202.0,520.0,0.0,14.0,0.0693,0.0,0.0
Martinique,2020-06-20,221.0,569.0,0.0,14.0,0.0633,19.0,0.0
Martinique,2020-06-21,221.0,569.0,0.0,14.0,0.0633,0.0,0.0
Martinique,2020-06-22,236.0,608.0,0.0,14.0,0.0593,15.0,0.0
Martinique,2020-06-23,236.0,608.0,0.0,14.0,0.0593,0.0,0.0
Martinique,2020-06-24,236.0,608.0,0.0,14.0,0.0593,0.0,0.0
Martinique,2020-06-25,236.0,608.0,0.0,14.0,0.0593,0.0,0.0
Martinique,2020-06-26,236.0,608.0,0.0,14.0,0.0593,0.0,0.0
Martinique,2020-06-27,236.0,608.0,0.0,14.0,0.0593,0.0,0.0
Martinique,2020-06-28,236.0,608.0,0.0,14.0,0.0593,0.0,0.0
Martinique,2020-06-29,242.0,624.0,0.0,14.0,0.0579,6.0,0.0
Martinique,2020-06-30,242.0,624.0,0.0,14.0,0.0579,0.0,0.0
Martinique,2020-07-01,242.0,624.0,0.0,14.0,0.0579,0.0,0.0
Martinique,2020-07-02,242.0,624.0,0.0,0.0,0.0,0.0,0.0
Martinique,2020-07-03,242.0,624.0,0.0,0.0,0.0,0.0,0.0
Martinique,2020-07-04,242.0,624.0,0.0,0.0,0.0,0.0,0.0
Martinique,2020-07-05,242.0,624.0,0.0,0.0,0.0,0.0,0.0
Martinique,2020-07-06,249.0,642.0,0.0,0.0,0.0,7.0,0.0
Martinique,2020-07-07,249.0,642.0,0.0,0.0,0.0,0.0,0.0
Martinique,2020-07-09,249.0,642.0,0.0,0.0,0.0,0.0,0.0
Martinique,2020-07-10,249.0,642.0,0.0,0.0,0.0,0.0,0.0
Martinique,2020-07-11,249.0,642.0,0.0,0.0,0.0,0.0,0.0
Martinique,2020-07-12,249.0,642.0,0.0,0.0,0.0,0.0,0.0
Martinique,2020-07-13,255.0,657.0,0.0,0.0,0.0,6.0,0.0
Martinique,2020-07-14,255.0,657.0,0.0,0.0,0.0,0.0,0.0
Martinique,2020-07-15,255.0,657.0,0.0,15.0,0.0588,0.0,15.0
Martinique,2020-07-16,255.0,657.0,0.0,15.0,0.0588,0.0,0.0
Martinique,2020-07-18,255.0,657.0,0.0,15.0,0.0588,0.0,0.0
Martinique,2020-07-19,261.0,672.0,0.0,15.0,0.0575,6.0,0.0
Martinique,2020-07-19,261.0,672.0,0.0,15.0,0.0575,0.0,0.0
Martinique,2020-07-21,262.0,675.0,0.0,15.0,0.0573,1.0,0.0
Martinique,2020-07-22,262.0,675.0,0.0,15.0,0.0573,0.0,0.0
Martinique,2020-07-23,262.0,675.0,0.0,15.0,0.0573,0.0,0.0
Martinique,2020-07-24,262.0,675.0,0.0,15.0,0.0573,0.0,0.0
Martinique,2020-07-25,262.0,675.0,0.0,15.0,0.0573,0.0,0.0
Martinique,2020-07-26,269.0,693.0,0.0,15.0,0.0558,7.0,0.0
Martinique,2020-07-27,269.0,693.0,0.0,15.0,0.0558,0.0,0.0
