Location,Date,Confirmed,Case_Per_1M_people,Recovered,Deaths,Mortality,Cases per 1 million people,NewCases,NewConfirmed,NewDeaths
Mexico,2020-03-31,993,7.88,3.0,20,0.020140987,,,0,0
Mexico,2020-04-01,1094,8.68,35.0,28,0.025594149908592326,,,101,8
Mexico,2020-04-02,1215,9.64,35.0,29,0.023868312757201648,,,121,1
Mexico,2020-04-03,1378,10.94,35.0,37,0.026850507982583455,,,163,8
Mexico,2020-04-07,2143,16.93,634.0,94,0.04386374241717219,,,765,57
Mexico,2020-04-10,3181,25.13,633.0,194,0.06098711097139264,,,1038,100
Mexico,2020-04-11,3844,30.37,633.0,233,0.06061394380853277,,,663,39
Mexico,2020-04-12,3844,30.37,633.0,233,0.06061394380853277,,,0,0
Mexico,2020-04-14,4661,36.82,1843.0,296,0.06350568547521991,,,817,63
Mexico,2020-04-17,5847,46.19,2125.0,449,0.07679151701727381,,,1186,153
Mexico,2020-04-18,6875,54.31,2125.0,546,0.07941818181818182,,,1028,97
Mexico,2020-04-20,8261,65.26,2627.0,686,0.08304079409272486,,,1386,140
Mexico,2020-04-22,8772,69.3,2627.0,712,0.08116735066119471,,,511,26
Mexico,2020-04-23,9501,75.06,2627.0,857,0.09020103147037152,,,729,145
Mexico,2020-04-24,11633,91.9,2627.0,1069,0.09189375053726467,,,2132,212
Mexico,2020-04-25,11633,91.9,2627.0,1069,0.09189375053726467,,,0,0
Mexico,2020-04-26,13842,109.36,2627.0,1305,0.09427828348504552,,,2209,236
Mexico,2020-04-27,13842,109.36,2627.0,1305,0.09427828348504552,,,0,0
Mexico,2020-04-28,14677,115.95,2627.0,1351,0.0920487838114056,,,835,46
Mexico,2020-04-29,16752,132.35,2627.0,1569,0.09366045845272206,,,2075,218
Mexico,2020-04-30,16752,132.35,2627.0,1569,0.09366045845272206,,,0,0
Mexico,2020-05-01,17799,141.0,2627.0,1732,0.09730883757514468,,,1047,163
Mexico,2020-05-02,19224,152.0,11423.0,1859,0.09670203911776944,,,1425,127
Mexico,2020-05-03,20739,164.0,12377.0,1972,0.09508655190703504,,,1515,113
Mexico,2020-05-04,22088,175.0,13447.0,2061,0.09330858384643244,,,1349,89
Mexico,2020-05-05,23471,185.0,13447.0,2154,0.0917728260406459,,,1383,93
Mexico,2020-05-06,24905,197.0,15938.0,2271,0.09118650873318612,,,1434,117
Mexico,2020-05-07,27634,218.0,17781.0,2704,0.09785047405370197,,,2729,433
Mexico,2020-05-08,27634,218.0,17781.0,2704,0.09785047405370197,,,0,0
Mexico,2020-05-09,31522,249.0,17781.0,3160,0.10024744622803122,,,3888,456
Mexico,2020-05-10,33460,264.0,17781.0,3353,0.1002092050209205,,,1938,193
Mexico,2020-05-11,35022,277.0,17781.0,3465,0.09893781051910228,,,1562,112
Mexico,2020-05-12,36327,287.0,17781.0,3573,0.09835659426872574,,,1305,108
Mexico,2020-05-13,38324,303.0,17781.0,3926,0.10244233378561736,,,1997,353
Mexico,2020-05-15,42595,337.0,28475.0,4477,0.10510623312595377,,,4271,551
Mexico,2020-05-16,45032,356.0,30451.0,4767,0.10585805649316042,,,2437,290
Mexico,2020-05-17,45032,356.0,30451.0,4767,0.10585805649316042,,,0,0
Mexico,2020-05-18,49219,389.0,33329.0,5177,0.10518295780084927,,,4187,410
Mexico,2020-05-19,51633,408.0,35388.0,5332,0.1032672902988399,,,2414,155
Mexico,2020-05-20,54346,429.0,37325.0,5666,0.104257903065543,,,2713,334
Mexico,2020-05-21,54346,429.0,37325.0,5666,0.104257903065543,,,0,0
Mexico,2020-05-22,59567,471.0,40657.0,6510,0.10928870011919352,,,5221,844
Mexico,2020-05-23,62527,494.0,42725.0,6989,0.11177571289203064,,,2960,479
Mexico,2020-05-24,65856,520.0,44919.0,7179,0.10901056851311954,,,3329,190
Mexico,2020-05-25,65856,520.0,44919.0,7179,0.10901056851311954,,,0,0
Mexico,2020-05-26,71105,562.0,49890.0,7633,0.10734828774347796,,,5249,454
Mexico,2020-05-27,74560,589.0,52219.0,8134,0.10909334763948496,,,3455,501
Mexico,2020-05-28,74560,589.0,52219.0,8134,0.10909334763948496,,,0,0
Mexico,2020-05-29,81400,643.0,56638.0,9044,0.11110565110565113,,,6840,910
Mexico,2020-05-30,84627,669.0,59610.0,9415,0.11125290982783273,,,3227,371
Mexico,2020-05-31,87512,691.0,61871.0,9779,0.1117446750159978,,,2885,364
Mexico,2020-06-01,87512,691.0,61871.0,9779,0.1117446750159978,,,0,0
Mexico,2020-06-02,93435,738.0,67491.0,10167,0.1088136137421737,,,5923,388
Mexico,2020-06-03,97326,769.0,70308.0,10637,0.1093,,,3891,470
Mexico,2020-06-04,101238,800.0,73271.0,11728,0.1158,,,3912,1091
Mexico,2020-06-05,105680,835.0,75448.0,12545,0.1187,,,4442,817
Mexico,2020-06-06,110026,869.0,78590.0,13170,0.1197,,,4346,625
Mexico,2020-06-07,110026,869.0,78590.0,13170,0.1197,,,0,0
Mexico,2020-06-08,113619,898.0,81544.0,13511,0.1189,,,3593,341
Mexico,2020-06-09,120102,949.0,88217.0,14053,0.11699999999999999,,,6483,542
Mexico,2020-06-10,120102,949.0,88217.0,14053,0.11699999999999999,,,0,0
Mexico,2020-06-12,129184,1021.0,94733.0,15357,0.1189,,,9082,1304
Mexico,2020-06-13,133974,1058.0,98064.0,15944,0.11900000000000001,,,4790,587
Mexico,2020-06-14,139196,1100.0,101767.0,16448,0.1182,,,5222,504
Mexico,2020-06-15,142690,1127.0,104975.0,16872,0.1182,,,3494,424
Mexico,2020-06-16,146837,1160.0,108110.0,17141,0.1167,,,4147,269
Mexico,2020-06-17,154863,1223.0,116178.0,18310,0.1182,,,8026,1169
Mexico,2020-06-18,159793,1262.0,119355.0,19080,0.1194,,,4930,770
Mexico,2020-06-19,165455,1307.0,123095.0,19747,0.1193,,,5662,667
Mexico,2020-06-20,170485,1347.0,127332.0,20394,0.1196,,,5030,647
Mexico,2020-06-21,170485,1347.0,127332.0,20394,0.1196,,,0,0
Mexico,2020-06-22,175202,1384.0,131686.0,20781,0.1186,,,4717,387
Mexico,2020-06-23,180545,1426.0,135279.0,21825,0.1209,,,5343,1044
Mexico,2020-06-24,191410,1512.0,144448.0,23377,0.1221,,,10865,1552
Mexico,2020-06-25,196847,1555.0,149318.0,24324,0.1236,,,5437,947
Mexico,2020-06-26,202951,1603.0,116862.0,25060,0.1235,,,6104,736
Mexico,2020-06-27,208392,1646.0,120562.0,25779,0.1237,,,5441,719
Mexico,2020-06-28,208392,1646.0,120562.0,25779,0.1237,,,0,0
Mexico,2020-06-29,216852,1713.0,126843.0,26648,0.1229,,,8460,869
Mexico,2020-06-30,220657,1743.0,131264.0,27121,0.1229,,,3805,473
Mexico,2020-07-01,226089,1786.0,134957.0,27769,0.1228,,,5432,648
Mexico,2020-07-02,226089,1786.0,134957.0,27769,0.1228,,,0,0
Mexico,2020-07-03,238511,1884.0,142593.0,29189,0.1224,,,12422,1420
Mexico,2020-07-04,245251,1938.0,147205.0,29843,0.1217,,,6740,654
Mexico,2020-07-05,245251,1938.0,147205.0,29843,0.1217,,,0,0
Mexico,2020-07-06,256848,2029.0,155604.0,30639,0.1193,,,11597,796
Mexico,2020-07-07,261750,2068.0,159657.0,31119,0.1189,,,4902,480
Mexico,2020-07-09,268008,2117.0,163646.0,32014,0.1195,,,6258,895
Mexico,2020-07-10,275003,2173.0,167795.0,32796,0.1193,,,6995,782
Mexico,2020-07-11,289174,2285.0,177097.0,34191,0.1182,,,14171,1395
Mexico,2020-07-12,289174,2285.0,177097.0,34191,0.1182,,,0,0
Mexico,2020-07-14,304435,2405.0,189063.0,35491,0.1166,,,15261,1300
Mexico,2020-07-15,304435,2405.0,189063.0,35491,0.1166,,,0,0
Mexico,2020-07-16,311486,2461.0,193976.0,36327,0.1166,,,7051,836
Mexico,2020-07-18,331298,2617.0,208436.0,38310,0.1156,,,19812,1983
Mexico,2020-07-19,331298,2617.0,208436.0,38310,0.1156,,,0,0
Mexico,2020-07-19,338913,2678.0,213006.0,38888,0.1147,,,7615,578
Mexico,2020-07-21,344224,2719.0,217423.0,39184,0.1138,,,5311,296
Mexico,2020-07-22,356255,2815.0,227165.0,40400,0.1134,,,12031,1216
Mexico,2020-07-23,356255,2815.0,227165.0,40400,0.1134,,,0,0
Mexico,2020-07-24,362274,2862.0,231403.0,41190,0.1137,,,6019,790
Mexico,2020-07-25,378285,2989.0,242692.0,42645,0.1127,,,16011,1455
Mexico,2020-07-26,385036,3042.0,247178.0,43374,0.1126,,,6751,729
Mexico,2020-07-27,385036,3042.0,247178.0,43374,0.1126,,,0,0
Mexico,2020-07-28,395489,3124.0,256777.0,44022,0.1113,,,10453,648
Mexico,2020-07-29,402697,3181.0,261457.0,44876,0.1114,,,7208,854
Mexico,2020-07-30,402697,3181.0,261457.0,44876,0.1114,,,0,0
Mexico,2020-07-31,408449,3227.0,267147.0,45361,0.1111,,,5752,485
Mexico,2020-08-01,424637,3355.0,278618.0,46688,0.1099,,,16188,1327
Mexico,2020-08-02,434193,3430.0,284847.0,47472,0.1093,,,9556,784
Mexico,2020-08-03,434193,3430.0,284847.0,47472,0.1093,,,0,0
Mexico,2020-08-04,439046,3469.0,289394.0,47746,0.1087,,,4853,274
Mexico,2020-08-05,443813,3506.0,295677.0,48012,0.1082,,,4767,266
Mexico,2020-08-06,449961,3555.0,300254.0,48869,0.1086,,,6148,857
Mexico,2020-08-07,456100,3603.0,304708.0,49698,0.109,,,6139,829
Mexico,2020-08-08,462690,3655.0,308848.0,50517,0.1092,,,6590,819
Mexico,2020-08-09,469407,3708.0,313386.0,51311,0.1093,,,6717,794
Mexico,2020-08-10,480278,3794.0,322465.0,52298,0.1089,,,10871,987
Mexico,2020-08-11,480278,3794.0,322465.0,52298,0.1089,,,0,0
Mexico,2020-08-12,492522,3891.0,332800.0,53929,0.1095,,,12244,1631
Mexico,2020-08-13,498380,3937.0,336635.0,54666,0.1097,,,5858,737
Mexico,2020-08-14,498380,3937.0,336635.0,54666,0.1097,,,0,0
Mexico,2020-08-15,505751,3996.0,341507.0,55293,0.1093,,,7371,627
Mexico,2020-08-16,511369,4040.0,345653.0,55908,0.1093,,,5618,615
Mexico,2020-08-17,522162,4125.0,355101.0,56757,0.1087,,,10793,849
Mexico,2020-08-18,525733,4153.0,359347.0,57023,0.1085,,,3571,266
Mexico,2020-08-19,531239,4197.0,363307.0,57774,0.1088,,,5506,751
Mexico,2020-08-20,537031,4243.0,367537.0,58481,0.1089,,,5792,707
Mexico,2020-08-22,549734,4343.0,376409.0,59610,0.1084,,,12703,1129
Mexico,2020-08-23,556216,4394.0,380492.0,60254,0.1083,,,6482,644
Mexico,2020-08-24,560164,4425.0,383872.0,60480,0.10800000000000001,,,3948,226
Mexico,2020-08-25,560164,4425.0,383872.0,60480,0.10800000000000001,,,0,0
Mexico,2020-08-26,563705,4453.0,389124.0,60800,0.1079,,,3541,320
Mexico,2020-08-27,568621,4492.0,393101.0,61450,0.1081,,,4916,650
Mexico,2020-08-28,573888,4534.0,396758.0,62076,0.1082,,,5267,626
Mexico,2020-08-29,585738,4627.0,404667.0,63146,0.1078,,,11850,1070
Mexico,2020-08-30,591712,4675.0,409127.0,63819,0.1079,,,5974,673
Mexico,2020-08-31,591712,4675.0,409127.0,63819,0.1079,,,0,0
Mexico,2020-09-01,599560,4737.0,416738.0,64414,0.1074,,,7848,595
Mexico,2020-09-02,599560,4737.0,416738.0,64414,0.1074,,,0,0
Mexico,2020-09-03,606036,4788.0,501722.0,65241,0.1077,,,6476,827
Mexico,2020-09-04,610957,4827.0,424990.0,65816,0.1077,,,4921,575
Mexico,2020-09-05,616894,4874.0,430287.0,66329,0.1075,,,5937,513
Mexico,2020-09-07,634023,5009.0,442268.0,67558,0.1066,,,17129,1229
Mexico,2020-09-08,634023,5009.0,442268.0,67558,0.1066,,,0,0
Mexico,2020-09-09,637509,5037.0,446715.0,67781,0.1063,,,3486,223
Mexico,2020-09-10,647507,5115.0,454982.0,69095,0.1067,,,9998,1314
Mexico,2020-09-11,647507,5115.0,454982.0,69095,0.1067,,,0,0
Mexico,2020-09-12,658299,5201.0,463764.0,70183,0.1066,,,10792,1088
Mexico,2020-09-13,663973,5246.0,467525.0,70604,0.1063,,,5674,421
Mexico,2020-09-14,668381,5280.0,471623.0,70821,0.106,,,4408,217
Mexico,2020-09-15,668381,5280.0,471623.0,70821,0.106,,,0,0
Mexico,2020-09-16,676487,5344.0,481068.0,71678,0.106,,,8106,857
Mexico,2020-09-17,680931,5380.0,485024.0,71978,0.1057,,,4444,300
Mexico,2020-09-18,684113,5405.0,488416.0,72179,0.1055,,,3182,201
Mexico,2020-09-20,688954,5443.0,492192.0,72803,0.1057,,,4841,624
Mexico,2020-09-21,694121,5484.0,496224.0,73258,0.1055,,,5167,455
Mexico,2020-09-22,697663,5512.0,499302.0,73493,0.1053,,,3542,235
Mexico,2020-09-23,700580,5535.0,502982.0,73697,0.1052,,,2917,204
Mexico,2020-09-24,705263,0.0,,74348,0.1054,5572.0,,4683,651
Mexico,2020-09-25,710049,0.0,,74949,0.1056,5610.0,,4786,601
Mexico,2020-09-26,715457,0.0,,75439,0.1054,5652.0,,5408,490
Mexico,2020-09-27,720858,0.0,,75844,0.1052,5695.0,,5401,405
Mexico,2020-09-28,726431,0.0,,76243,0.105,5739.0,,5573,399
Mexico,2020-09-29,730317,0.0,,76430,0.1047,5770.0,,3886,187
Mexico,2020-09-30,733717,0.0,,76603,0.1044,5797.0,,3400,173
Mexico,2020-10-02,743216,0.0,,77646,0.1045,5872.0,,9499,1043
Mexico,2020-10-03,748315,0.0,,78078,0.1043,5912.0,,5099,432
Mexico,2020-10-04,753090,0.0,,78492,0.1042,5950.0,,4775,414
Mexico,2020-10-05,757953,0.0,,78880,0.1041,5988.0,,4863,388
Mexico,2020-10-06,761665,0.0,,79088,0.1038,6017.0,,3712,208
Mexico,2020-10-08,794608,0.0,,82348,0.1036,6278.0,,32943,3260
Mexico,2020-10-09,799188,0.0,,82726,0.1035,6314.0,,4580,378
Mexico,2020-10-10,804488,0.0,,83096,0.1033,6356.0,,5300,370
Mexico,2020-10-11,810020,0.0,,83497,0.1031,6399.0,,5532,401
Mexico,2020-10-12,814328,0.0,,83642,0.1027,6433.0,,4308,145
Mexico,2020-10-13,817503,0.0,,83781,0.1025,6459.0,,3175,139
Mexico,2020-10-14,821045,0.0,,83945,0.1022,6486.0,,3542,164
Mexico,2020-10-15,825340,0.0,,84420,0.1023,6520.0,,4295,475
Mexico,2020-10-18,841661,0.0,,85704,0.1018,6649.0,,16321,1284
Mexico,2020-10-19,847108,0.0,,86059,0.1016,6692.0,,5447,355
Mexico,2020-10-20,851227,0.0,,86167,0.1012,6725.0,,4119,108
Mexico,2020-10-22,860714,0.0,,86893,0.10099999999999999,6800.0,,9487,726
Mexico,2020-10-23,867559,0.0,,87415,0.1008,6854.0,,6845,522
Mexico,2020-10-24,874171,0.0,,87415,0.1,6906.0,,6612,0
Mexico,2020-10-25,880775,0.0,,88312,0.1003,6958.0,,6604,897
Mexico,2020-10-26,886800,0.0,,88743,0.1001,7006.0,,6025,431
Mexico,2020-10-27,891160,0.0,,88924,0.0998,7040.0,,4360,181
Mexico,2020-10-28,901268,7120.0,,89814,0.0997,,5942.0,10108,890
Mexico,2020-10-29,901268,7120.0,,89814,0.0997,,5942.0,0,0
Mexico,2020-10-30,906863,7164.0,,90309,0.0996,,5595.0,5595,495
Mexico,2020-10-31,912811,7211.0,,90773,0.0994,,5948.0,5948,464
Mexico,2020-11-01,918811,7259.0,,91289,0.0994,,6000.0,6000,516
Mexico,2020-11-02,924962,7307.0,,91753,0.0992,,6151.0,6151,464
Mexico,2020-11-03,929392,7342.0,,91895,0.0989,,4430.0,4430,142
Mexico,2020-11-04,933155,7372.0,,92100,0.0987,,3763.0,3763,205
Mexico,2020-11-05,938405,7414.0,,92593,0.0987,,5250.0,5250,493
Mexico,2020-11-06,943630,7455.0,,93228,0.0988,,5225.0,5225,635
Mexico,2020-11-07,949197,7499.0,,93772,0.0988,,5567.0,5567,544
Mexico,2020-11-08,955128,7546.0,,94323,0.0988,,5931.0,5931,551
Mexico,2020-11-09,961938,7600.0,,94808,0.0986,,6810.0,6810,485
Mexico,2020-11-10,967825,7646.0,,95027,0.0982,,5887.0,5887,219
Mexico,2020-11-11,967825,7646.0,,95027,0.0982,,0.0,0,0
Mexico,2020-11-12,978531,7731.0,,95842,0.0979,,10706.0,10706,815
Mexico,2020-11-13,986177,7791.0,,96430,0.0978,,7646.0,7646,588
Mexico,2020-11-15,997393,7880.0,,97624,0.0979,,5558.0,11216,1194
Mexico,2020-11-16,1003253,7926.0,,98259,0.0979,,5860.0,5860,635
Mexico,2020-11-17,1006522,7952.0,,98542,0.0979,,3269.0,3269,283
Mexico,2020-11-18,1009396,7975.0,,98861,0.0979,,2874.0,2874,319
Mexico,2020-11-19,1011153,7988.0,,99026,0.0979,,1757.0,1757,165
Mexico,2020-11-20,1015071,8019.0,,99528,0.0981,,3918.0,3918,502
Mexico,2020-11-21,1019543,8055.0,,100104,0.0982,,4472.0,4472,576
Mexico,2020-11-22,1025969,8105.0,,100823,0.0983,,6426.0,6426,719
