Location,Date,Confirmed,Case_Per_1M_people,Recovered,Deaths,Mortality,Cases per 1 million people,NewCases,NewConfirmed,NewDeaths
Moldova,2020-03-31,298.0,75.9,15.0,2.0,0.006711409000000001,,,0.0,0.0
Moldova,2020-04-01,328.0,83.54,15.0,3.0,0.009146341463414634,,,30.0,1.0
Moldova,2020-04-02,423.0,107.73,23.0,5.0,0.011820330969267141,,,95.0,2.0
Moldova,2020-04-03,505.0,128.62,25.0,6.0,0.01188118811881188,,,82.0,1.0
Moldova,2020-04-07,965.0,359.84,37.0,19.0,0.019689119170984457,,,460.0,13.0
Moldova,2020-04-10,1289.0,480.66,50.0,29.0,0.022498060512024826,,,324.0,10.0
Moldova,2020-04-11,1438.0,536.22,56.0,29.0,0.02016689847009736,,,149.0,0.0
Moldova,2020-04-12,1560.0,581.71,75.0,30.0,0.019230769230769232,,,122.0,1.0
Moldova,2020-04-14,1712.0,638.39,107.0,36.0,0.02102803738317757,,,152.0,6.0
Moldova,2020-04-17,2154.0,803.21,235.0,53.0,0.024605385329619308,,,442.0,17.0
Moldova,2020-04-18,2264.0,844.23,276.0,55.0,0.024293286219081268,,,110.0,2.0
Moldova,2020-04-20,2472.0,921.79,457.0,67.0,0.02710355987055016,,,208.0,12.0
Moldova,2020-04-22,2614.0,974.74,505.0,73.0,0.0279265493496557,,,142.0,6.0
Moldova,2020-04-23,2778.0,1035.9,560.0,76.0,0.027357811375089996,,,164.0,3.0
Moldova,2020-04-24,2926.0,1091.08,661.0,80.0,0.02734107997265892,,,148.0,4.0
Moldova,2020-04-25,3110.0,1159.7,755.0,87.0,0.027974276527331192,,,184.0,7.0
Moldova,2020-04-26,3304.0,1232.04,825.0,94.0,0.028450363196125907,,,194.0,7.0
Moldova,2020-04-27,3408.0,1270.82,895.0,96.0,0.028169014084507043,,,104.0,2.0
Moldova,2020-04-28,3481.0,1298.04,925.0,102.0,0.02930192473427176,,,73.0,6.0
Moldova,2020-04-29,3638.0,1356.58,975.0,104.0,0.028587135788895,,,157.0,2.0
Moldova,2020-04-30,3638.0,1356.58,975.0,104.0,0.028587135788895,,,0.0,0.0
Moldova,2020-05-01,3897.0,1453.0,1182.0,119.0,0.030536309982037463,,,259.0,15.0
Moldova,2020-05-02,3980.0,1484.0,1272.0,122.0,0.030653266331658293,,,83.0,3.0
Moldova,2020-05-03,4052.0,1511.0,1334.0,124.0,0.030602171767028633,,,72.0,2.0
Moldova,2020-05-04,4052.0,1511.0,1334.0,124.0,0.030602171767028633,,,0.0,0.0
Moldova,2020-05-05,4248.0,1584.0,1423.0,128.0,0.030131826741996232,,,196.0,4.0
Moldova,2020-05-06,4363.0,1627.0,1544.0,136.0,0.031171212468484987,,,115.0,8.0
Moldova,2020-05-07,4476.0,1669.0,1658.0,143.0,0.03194816800714924,,,113.0,7.0
Moldova,2020-05-08,4605.0,1717.0,1747.0,145.0,0.031487513572204126,,,129.0,2.0
Moldova,2020-05-09,4728.0,1763.0,1826.0,152.0,0.032148900169204735,,,123.0,7.0
Moldova,2020-05-10,4867.0,1815.0,1925.0,161.0,0.033079926032463534,,,139.0,9.0
Moldova,2020-05-11,4927.0,1837.0,1958.0,169.0,0.03430079155672823,,,60.0,8.0
Moldova,2020-05-12,4995.0,1863.0,1980.0,175.0,0.035035035035035036,,,68.0,6.0
Moldova,2020-05-13,5154.0,1922.0,2069.0,182.0,0.03531237873496314,,,159.0,7.0
Moldova,2020-05-15,5553.0,2071.0,2228.0,194.0,0.034936070592472536,,,399.0,12.0
Moldova,2020-05-16,5745.0,2142.0,2280.0,202.0,0.035161009573542214,,,192.0,8.0
Moldova,2020-05-17,5934.0,2213.0,2344.0,207.0,0.034883720930232565,,,189.0,5.0
Moldova,2020-05-18,6060.0,2260.0,2408.0,211.0,0.03481848184818482,,,126.0,4.0
Moldova,2020-05-19,6138.0,2289.0,2425.0,217.0,0.03535353535353535,,,78.0,6.0
Moldova,2020-05-20,6340.0,2364.0,2508.0,221.0,0.034858044164037864,,,202.0,4.0
,2020-05-21,,,,,,,,,
Moldova,2020-05-22,6704.0,2500.0,3389.0,233.0,0.034755369928400955,,,,
Moldova,2020-05-23,6847.0,2553.0,3369.0,237.0,0.03461369943040748,,,143.0,4.0
Moldova,2020-05-24,6994.0,2608.0,3452.0,242.0,0.03460108664569631,,,147.0,5.0
Moldova,2020-05-25,7093.0,2645.0,3713.0,250.0,0.035246017200056386,,,99.0,8.0
Moldova,2020-05-26,7147.0,2665.0,3802.0,261.0,0.03651881908493074,,,54.0,11.0
Moldova,2020-05-27,7305.0,2724.0,3884.0,267.0,0.03655030800821355,,,158.0,6.0
Moldova,2020-05-28,7537.0,2810.0,3975.0,274.0,0.036353986997479104,,,232.0,7.0
Moldova,2020-05-29,7725.0,2881.0,4123.0,282.0,0.03650485436893204,,,188.0,8.0
Moldova,2020-05-30,7896.0,2944.0,4278.0,288.0,0.0364741641337386,,,171.0,6.0
Moldova,2020-05-31,8098.0,3020.0,4455.0,291.0,0.03593479871573228,,,202.0,3.0
Moldova,2020-06-01,8251.0,3077.0,4581.0,295.0,0.035753242031268936,,,153.0,4.0
Moldova,2020-06-02,8360.0,3117.0,4622.0,305.0,0.03648325358851675,,,109.0,10.0
Moldova,2020-06-03,8548.0,3187.0,4738.0,307.0,0.0359,,,188.0,2.0
Moldova,2020-06-04,8795.0,3280.0,4863.0,310.0,0.0352,,,247.0,3.0
Moldova,2020-06-05,9018.0,3363.0,5009.0,315.0,0.0349,,,223.0,5.0
Moldova,2020-06-06,9247.0,3448.0,5240.0,323.0,0.0349,,,229.0,8.0
Moldova,2020-06-07,9511.0,3547.0,5450.0,331.0,0.0348,,,264.0,8.0
Moldova,2020-06-08,9700.0,3617.0,5638.0,341.0,0.0352,,,189.0,10.0
Moldova,2020-06-09,9807.0,3657.0,5738.0,353.0,0.036000000000000004,,,107.0,12.0
Moldova,2020-06-10,10025.0,3738.0,5797.0,365.0,0.0364,,,218.0,12.0
Moldova,2020-06-12,10727.0,4000.0,6072.0,375.0,0.035,,,702.0,10.0
Moldova,2020-06-13,11093.0,4137.0,6229.0,385.0,0.0347,,,366.0,10.0
Moldova,2020-06-14,11459.0,4273.0,6421.0,398.0,0.0347,,,366.0,13.0
Moldova,2020-06-15,11740.0,4378.0,6623.0,406.0,0.0346,,,281.0,8.0
Moldova,2020-06-16,11879.0,4430.0,6794.0,411.0,0.0346,,,139.0,5.0
Moldova,2020-06-17,12254.0,4569.0,6901.0,423.0,0.0345,,,375.0,12.0
Moldova,2020-06-18,12732.0,4748.0,7077.0,433.0,0.034,,,478.0,10.0
Moldova,2020-06-19,13106.0,4887.0,7252.0,444.0,0.0339,,,374.0,11.0
Moldova,2020-06-20,13556.0,5055.0,7525.0,450.0,0.0332,,,450.0,6.0
Moldova,2020-06-21,13953.0,5203.0,7745.0,464.0,0.0333,,,397.0,14.0
Moldova,2020-06-22,14200.0,5295.0,7896.0,473.0,0.0333,,,247.0,9.0
Moldova,2020-06-23,14363.0,5356.0,8019.0,480.0,0.0334,,,163.0,7.0
Moldova,2020-06-24,14714.0,5487.0,8212.0,490.0,0.0333,,,351.0,10.0
Moldova,2020-06-25,15078.0,5622.0,8400.0,495.0,0.0328,,,364.0,5.0
Moldova,2020-06-26,15453.0,5762.0,8599.0,502.0,0.0325,,,375.0,7.0
Moldova,2020-06-27,15776.0,5883.0,8765.0,515.0,0.0326,,,323.0,13.0
Moldova,2020-06-28,15776.0,5883.0,8765.0,515.0,0.0326,,,0.0,0.0
Moldova,2020-06-29,16250.0,6060.0,9081.0,530.0,0.0326,,,474.0,15.0
Moldova,2020-06-30,16357.0,6099.0,9229.0,536.0,0.0328,,,107.0,6.0
Moldova,2020-07-01,16613.0,6195.0,9382.0,545.0,0.0328,,,256.0,9.0
Moldova,2020-07-02,16898.0,6301.0,9594.0,549.0,0.0325,,,285.0,4.0
Moldova,2020-07-03,16898.0,6301.0,9594.0,549.0,0.0325,,,0.0,0.0
Moldova,2020-07-04,17445.0,6505.0,10093.0,572.0,0.0328,,,547.0,23.0
Moldova,2020-07-05,17672.0,6590.0,10396.0,580.0,0.0328,,,227.0,8.0
Moldova,2020-07-06,17814.0,6643.0,10718.0,585.0,0.0328,,,142.0,5.0
Moldova,2020-07-07,17906.0,6677.0,11047.0,595.0,0.0332,,,92.0,10.0
Moldova,2020-07-09,18471.0,6888.0,11549.0,614.0,0.0332,,,565.0,19.0
Moldova,2020-07-10,18471.0,6888.0,11549.0,614.0,0.0332,,,0.0,0.0
Moldova,2020-07-11,18924.0,7057.0,12188.0,635.0,0.0336,,,453.0,21.0
Moldova,2020-07-12,18924.0,7057.0,12188.0,635.0,0.0336,,,0.0,0.0
Moldova,2020-07-14,19439.0,7249.0,12793.0,649.0,0.0334,,,515.0,14.0
Moldova,2020-07-15,19439.0,7249.0,12793.0,649.0,0.0334,,,0.0,0.0
Moldova,2020-07-16,19439.0,7249.0,12793.0,649.0,0.0334,,,0.0,0.0
Moldova,2020-07-18,20264.0,7556.0,13640.0,666.0,0.0329,,,825.0,17.0
Moldova,2020-07-19,20794.0,7754.0,14183.0,680.0,0.0327,,,530.0,14.0
Moldova,2020-07-19,20794.0,7754.0,14183.0,680.0,0.0327,,,0.0,0.0
Moldova,2020-07-21,20980.0,7823.0,0.0,684.0,0.0326,,,186.0,4.0
Moldova,2020-07-22,21442.0,7996.0,14599.0,707.0,0.033,,,462.0,23.0
Moldova,2020-07-23,21798.0,8128.0,14856.0,712.0,0.0327,,,356.0,5.0
Moldova,2020-07-24,21798.0,8128.0,14856.0,712.0,0.0327,,,0.0,0.0
Moldova,2020-07-25,22483.0,8384.0,15407.0,726.0,0.0323,,,685.0,14.0
Moldova,2020-07-26,22828.0,8512.0,15608.0,732.0,0.0321,,,345.0,6.0
Moldova,2020-07-27,23034.0,8589.0,15909.0,735.0,0.0319,,,206.0,3.0
Moldova,2020-07-28,23154.0,8634.0,16154.0,748.0,0.0323,,,120.0,13.0
Moldova,2020-07-29,23521.0,8771.0,16462.0,753.0,0.032,,,367.0,5.0
Moldova,2020-07-30,23521.0,8771.0,16462.0,753.0,0.032,,,0.0,0.0
Moldova,2020-07-31,23947.0,8930.0,16785.0,759.0,0.0317,,,426.0,6.0
Moldova,2020-08-01,24733.0,9223.0,17269.0,778.0,0.0315,,,786.0,19.0
Moldova,2020-08-02,25113.0,9364.0,17571.0,788.0,0.0314,,,380.0,10.0
Moldova,2020-08-03,25362.0,9457.0,17816.0,791.0,0.0312,,,249.0,3.0
Moldova,2020-08-04,25362.0,9457.0,17816.0,791.0,0.0312,,,0.0,0.0
Moldova,2020-08-05,25482.0,9502.0,17942.0,800.0,0.0314,,,120.0,9.0
Moldova,2020-08-06,26222.0,9778.0,18418.0,823.0,0.0314,,,740.0,23.0
Moldova,2020-08-07,26222.0,9778.0,18418.0,823.0,0.0314,,,0.0,0.0
Moldova,2020-08-08,26628.0,9929.0,18676.0,828.0,0.0311,,,406.0,5.0
Moldova,2020-08-09,26990.0,10064.0,18918.0,8235.0,0.3051,,,362.0,7407.0
Moldova,2020-08-10,26990.0,10064.0,18918.0,8235.0,0.3051,,,0.0,0.0
Moldova,2020-08-11,26990.0,10064.0,18918.0,8235.0,0.3051,,,0.0,0.0
Moldova,2020-08-12,26990.0,10064.0,18918.0,8235.0,0.3051,,,0.0,0.0
Moldova,2020-08-13,28223.0,10524.0,19740.0,857.0,0.0304,,,1233.0,0.0
Moldova,2020-08-14,28607.0,10667.0,19998.0,863.0,0.0302,,,384.0,6.0
Moldova,2020-08-15,29483.0,10994.0,20556.0,884.0,0.03,,,876.0,21.0
Moldova,2020-08-16,29483.0,10994.0,20556.0,884.0,0.03,,,0.0,0.0
Moldova,2020-08-17,30183.0,11255.0,21220.0,896.0,0.0297,,,700.0,12.0
Moldova,2020-08-18,30183.0,11255.0,21220.0,896.0,0.0297,,,0.0,0.0
Moldova,2020-08-19,30789.0,11481.0,21885.0,908.0,0.0295,,,606.0,12.0
Moldova,2020-08-20,31415.0,11714.0,21885.0,914.0,0.0291,,,626.0,6.0
Moldova,2020-08-22,32484.0,12113.0,22683.0,929.0,0.0286,,,1069.0,15.0
Moldova,2020-08-23,32484.0,12113.0,22683.0,929.0,0.0286,,,0.0,0.0
Moldova,2020-08-24,33478.0,12484.0,23262.0,940.0,0.0281,,,994.0,11.0
Moldova,2020-08-25,33478.0,12484.0,23262.0,940.0,0.0281,,,0.0,0.0
Moldova,2020-08-26,33828.0,12614.0,0.0,945.0,0.0279,,,350.0,5.0
Moldova,2020-08-27,34982.0,13045.0,24156.0,967.0,0.0276,,,1154.0,22.0
Moldova,2020-08-28,35546.0,13255.0,24433.0,977.0,0.0275,,,564.0,10.0
Moldova,2020-08-29,35904.0,13388.0,24777.0,981.0,0.0273,,,358.0,4.0
Moldova,2020-08-30,35904.0,13388.0,24777.0,981.0,0.0273,,,0.0,0.0
Moldova,2020-08-31,35904.0,13388.0,24777.0,981.0,0.0273,,,0.0,0.0
Moldova,2020-09-01,35904.0,13388.0,24777.0,981.0,0.0273,,,0.0,0.0
Moldova,2020-09-02,36700.0,13685.0,0.0,992.0,0.027000000000000003,,,796.0,11.0
Moldova,2020-09-03,36700.0,13685.0,0.0,992.0,0.027000000000000003,,,0.0,0.0
Moldova,2020-09-04,38372.0,14309.0,27017.0,1036.0,0.027000000000000003,,,1672.0,44.0
Moldova,2020-09-05,38372.0,14309.0,27017.0,1036.0,0.027000000000000003,,,0.0,0.0
Moldova,2020-09-07,39797.0,14840.0,28183.0,1063.0,0.0267,,,1425.0,27.0
Moldova,2020-09-08,40055.0,14936.0,28578.0,1074.0,0.0268,,,258.0,11.0
Moldova,2020-09-09,40556.0,15123.0,28962.0,1087.0,0.0268,,,501.0,13.0
Moldova,2020-09-10,41144.0,15342.0,29420.0,1096.0,0.0266,,,588.0,9.0
Moldova,2020-09-11,41704.0,15551.0,29932.0,1106.0,0.0265,,,560.0,10.0
Moldova,2020-09-12,42183.0,15730.0,30437.0,1114.0,0.0264,,,479.0,8.0
Moldova,2020-09-13,42714.0,15928.0,30918.0,1118.0,0.0262,,,531.0,4.0
Moldova,2020-09-14,42978.0,16026.0,31330.0,1123.0,0.0261,,,264.0,5.0
Moldova,2020-09-15,43207.0,16112.0,31828.0,1130.0,0.0262,,,229.0,7.0
Moldova,2020-09-16,43734.0,16308.0,32297.0,1144.0,0.0262,,,527.0,14.0
Moldova,2020-09-17,44361.0,16542.0,32732.0,1159.0,0.0261,,,627.0,15.0
Moldova,2020-09-18,44983.0,16774.0,33239.0,1170.0,0.026000000000000002,,,622.0,11.0
Moldova,2020-09-20,46336.0,17278.0,34236.0,1201.0,0.0259,,,1353.0,31.0
Moldova,2020-09-21,46596.0,17375.0,34636.0,1203.0,0.0258,,,260.0,2.0
Moldova,2020-09-22,46796.0,17450.0,35018.0,1211.0,0.0259,,,200.0,8.0
Moldova,2020-09-23,47446.0,17692.0,35542.0,1230.0,0.0259,,,650.0,19.0
Moldova,2020-09-24,48232.0,0.0,,1244.0,0.0258,17985.0,,786.0,14.0
Moldova,2020-09-25,48953.0,0.0,,1252.0,0.0256,18254.0,,721.0,8.0
Moldova,2020-09-26,49666.0,0.0,,1264.0,0.0255,18520.0,,713.0,12.0
Moldova,2020-09-27,50534.0,0.0,,1279.0,0.0253,18844.0,,868.0,15.0
Moldova,2020-09-28,50875.0,0.0,,1287.0,0.0253,18971.0,,341.0,8.0
Moldova,2020-09-29,51194.0,0.0,,1301.0,0.0254,19090.0,,319.0,14.0
Moldova,2020-09-30,51194.0,0.0,,1301.0,0.0254,19090.0,,0.0,0.0
Moldova,2020-10-02,54064.0,0.0,,1336.0,0.0247,20160.0,,2870.0,35.0
Moldova,2020-10-03,54064.0,0.0,,1336.0,0.0247,20160.0,,0.0,0.0
Moldova,2020-10-04,55016.0,0.0,,1344.0,0.0244,20515.0,,952.0,8.0
Moldova,2020-10-05,55888.0,0.0,,1353.0,0.0242,20840.0,,872.0,9.0
Moldova,2020-10-06,56579.0,0.0,,1366.0,0.0241,21098.0,,691.0,13.0
Moldova,2020-10-08,57732.0,0.0,,1389.0,0.0241,21528.0,,1153.0,23.0
Moldova,2020-10-09,58794.0,0.0,,1406.0,0.0239,21924.0,,1062.0,17.0
Moldova,2020-10-10,59915.0,0.0,,1424.0,0.0238,22342.0,,1121.0,18.0
Moldova,2020-10-11,60833.0,0.0,,1442.0,0.0237,22684.0,,918.0,18.0
Moldova,2020-10-12,61762.0,0.0,,1458.0,0.0236,23031.0,,929.0,16.0
Moldova,2020-10-13,62151.0,0.0,,1461.0,0.0235,23176.0,,389.0,3.0
Moldova,2020-10-14,62618.0,0.0,,1478.0,0.0236,23350.0,,467.0,17.0
Moldova,2020-10-15,63275.0,0.0,,1495.0,0.0236,23595.0,,657.0,17.0
Moldova,2020-10-18,65860.0,0.0,,1549.0,0.0235,24559.0,,2585.0,54.0
Moldova,2020-10-19,66652.0,0.0,,1569.0,0.0235,24854.0,,792.0,20.0
Moldova,2020-10-20,67050.0,0.0,,1584.0,0.0236,25002.0,,398.0,15.0
Moldova,2020-10-22,67958.0,0.0,,1617.0,0.0238,25341.0,,908.0,33.0
Moldova,2020-10-23,68791.0,0.0,,1630.0,0.0237,25652.0,,833.0,13.0
Moldova,2020-10-24,69568.0,0.0,,1641.0,0.0236,25941.0,,777.0,11.0
Moldova,2020-10-25,70256.0,0.0,,1654.0,0.0235,26198.0,,688.0,13.0
Moldova,2020-10-26,71089.0,0.0,,1669.0,0.0235,26509.0,,833.0,15.0
Moldova,2020-10-27,71503.0,0.0,,1685.0,0.0236,26663.0,,414.0,16.0
Moldova,2020-10-28,72460.0,27020.0,,1710.0,0.0236,,649.0,957.0,25.0
Moldova,2020-10-29,72460.0,27020.0,,1710.0,0.0236,,649.0,0.0,0.0
Moldova,2020-10-30,73321.0,27341.0,,1729.0,0.0236,,861.0,861.0,19.0
Moldova,2020-10-31,74233.0,27681.0,,1747.0,0.0235,,912.0,912.0,18.0
Moldova,2020-11-01,75201.0,28042.0,,1766.0,0.0235,,968.0,968.0,19.0
Moldova,2020-11-02,76040.0,28355.0,,1785.0,0.0235,,839.0,839.0,19.0
Moldova,2020-11-03,76582.0,28557.0,,1800.0,0.0235,,542.0,542.0,15.0
Moldova,2020-11-04,76777.0,28630.0,,1818.0,0.0237,,195.0,195.0,18.0
Moldova,2020-11-05,77487.0,28894.0,,1838.0,0.0237,,710.0,710.0,20.0
Moldova,2020-11-06,78507.0,29275.0,,1851.0,0.0236,,1020.0,1020.0,13.0
Moldova,2020-11-07,79566.0,29670.0,,1866.0,0.0235,,1059.0,1059.0,15.0
Moldova,2020-11-08,80501.0,30018.0,,1882.0,0.0234,,935.0,935.0,16.0
Moldova,2020-11-09,81675.0,30456.0,,1891.0,0.0232,,1174.0,1174.0,9.0
Moldova,2020-11-10,82346.0,30706.0,,1893.0,0.023,,671.0,671.0,2.0
Moldova,2020-11-11,82677.0,30830.0,,1912.0,0.0231,,331.0,331.0,19.0
Moldova,2020-11-12,83592.0,31171.0,,1930.0,0.0231,,915.0,915.0,18.0
Moldova,2020-11-13,84707.0,31587.0,,1950.0,0.023,,1115.0,1115.0,20.0
Moldova,2020-11-15,87361.0,32576.0,,1987.0,0.0227,,1323.0,2654.0,37.0
Moldova,2020-11-16,88772.0,33102.0,,2006.0,0.0226,,1411.0,1411.0,19.0
Moldova,2020-11-17,89279.0,33292.0,,2019.0,0.0226,,507.0,507.0,13.0
Moldova,2020-11-18,89843.0,33502.0,,2035.0,0.0227,,564.0,564.0,16.0
Moldova,2020-11-19,90912.0,33900.0,,2054.0,0.0226,,1069.0,1069.0,19.0
Moldova,2020-11-20,92519.0,34500.0,,2072.0,0.0224,,1607.0,1607.0,18.0
Moldova,2020-11-21,93961.0,35037.0,,2091.0,0.0223,,1442.0,1442.0,19.0
Moldova,2020-11-22,95383.0,35568.0,,2111.0,0.0221,,1422.0,1422.0,20.0
Moldova,2020-11-23,96689.0,36055.0,,2130.0,0.022000000000000002,,1306.0,1306.0,19.0
Moldova,2020-11-24,97941.0,36522.0,,2149.0,0.0219,,1252.0,1252.0,19.0
Moldova,2020-11-25,98418.0,36699.0,,2169.0,0.022000000000000002,,477.0,477.0,20.0
Moldova,2020-11-26,99633.0,37152.0,,2188.0,0.022000000000000002,,1215.0,1215.0,19.0
Moldova,2020-11-27,101203.0,37738.0,,2209.0,0.0218,,1570.0,1570.0,21.0
