Location,Date,Confirmed,Case_Per_1M_people,Recovered,Deaths,Mortality,NewConfirmed,NewDeaths
Morocco,2020-03-31,556.0,16.55,15.0,33.0,0.059352518,0.0,0.0
Morocco,2020-04-01,617.0,18.36,24.0,36.0,0.05834683954619125,61.0,3.0
Morocco,2020-04-02,654.0,19.47,29.0,39.0,0.059633027522935776,37.0,3.0
Morocco,2020-04-03,708.0,21.07,31.0,44.0,0.062146892655367235,54.0,5.0
Morocco,2020-04-07,1113.0,31.04,76.0,71.0,0.0637915543575921,405.0,27.0
Morocco,2020-04-10,1374.0,38.32,109.0,97.0,0.07059679767103348,261.0,26.0
Morocco,2020-04-11,1448.0,40.38,122.0,107.0,0.0738950276243094,74.0,10.0
Morocco,2020-04-12,1545.0,43.09,146.0,111.0,0.07184466019417475,97.0,4.0
Morocco,2020-04-14,1763.0,49.17,203.0,126.0,0.07146908678389109,218.0,15.0
Morocco,2020-04-17,2283.0,63.67,249.0,130.0,0.056942619360490575,520.0,4.0
Morocco,2020-04-18,2564.0,71.51,281.0,135.0,0.052652106084243366,281.0,5.0
Morocco,2020-04-20,2855.0,79.62,327.0,141.0,0.04938704028021016,291.0,6.0
Morocco,2020-04-22,3209.0,89.5,393.0,163.0,0.050794640074789656,354.0,22.0
Morocco,2020-04-23,3446.0,96.1,417.0,149.0,0.04323853743470691,237.0,0.0
Morocco,2020-04-24,3568.0,99.51,456.0,155.0,0.04344170403587444,122.0,6.0
Morocco,2020-04-25,3758.0,104.81,486.0,158.0,0.04204364023416711,190.0,3.0
Morocco,2020-04-26,3897.0,108.68,537.0,159.0,0.04080061585835258,139.0,1.0
Morocco,2020-04-27,4065.0,113.37,593.0,161.0,0.03960639606396064,168.0,2.0
Morocco,2020-04-28,4120.0,114.9,695.0,162.0,0.03932038834951456,55.0,1.0
Morocco,2020-04-29,4252.0,118.58,778.0,165.0,0.038805268109125116,132.0,3.0
Morocco,2020-04-30,4252.0,118.58,778.0,165.0,0.038805268109125116,0.0,0.0
Morocco,2020-05-01,4423.0,123.0,984.0,170.0,0.03843545105132263,171.0,5.0
Morocco,2020-05-02,4569.0,127.0,1055.0,171.0,0.03742613263296126,146.0,1.0
Morocco,2020-05-03,4729.0,132.0,1256.0,173.0,0.03658278705857476,160.0,2.0
Morocco,2020-05-04,4729.0,132.0,1256.0,173.0,0.03658278705857476,0.0,0.0
Morocco,2020-05-05,5053.0,141.0,1653.0,179.0,0.03542450029685335,324.0,6.0
Morocco,2020-05-06,5219.0,146.0,1838.0,181.0,0.03468097336654531,166.0,2.0
Morocco,2020-05-07,5408.0,151.0,2017.0,183.0,0.033838757396449703,189.0,2.0
Morocco,2020-05-08,5548.0,155.0,2179.0,183.0,0.03298485940879596,140.0,0.0
Morocco,2020-05-09,5711.0,159.0,2324.0,186.0,0.03256872701803537,163.0,3.0
Morocco,2020-05-10,5910.0,165.0,2461.0,186.0,0.03147208121827411,199.0,0.0
Morocco,2020-05-11,6063.0,169.0,2554.0,188.0,0.031007751937984492,153.0,2.0
Morocco,2020-05-12,6281.0,175.0,2811.0,188.0,0.02993153956376373,218.0,0.0
Morocco,2020-05-13,6418.0,179.0,2991.0,188.0,0.029292614521657837,137.0,0.0
Morocco,2020-05-15,6607.0,184.0,3310.0,190.0,0.02875737853791433,189.0,2.0
Morocco,2020-05-16,6652.0,186.0,3400.0,190.0,0.028562838244137106,45.0,0.0
Morocco,2020-05-17,6741.0,188.0,3487.0,192.0,0.028482421005785487,89.0,2.0
Morocco,2020-05-18,6870.0,192.0,3660.0,192.0,0.02794759825327511,129.0,0.0
Morocco,2020-05-19,6952.0,194.0,3758.0,192.0,0.027617951668584582,82.0,0.0
Morocco,2020-05-20,7023.0,196.0,3901.0,193.0,0.027481133418766908,71.0,1.0
,2020-05-21,,,,,,,
Morocco,2020-05-22,7211.0,201.0,4280.0,196.0,0.027180696158646517,,
Morocco,2020-05-23,7332.0,204.0,4377.0,197.0,0.026868521549372613,121.0,1.0
Morocco,2020-05-24,7406.0,207.0,4638.0,198.0,0.02673507966513637,74.0,1.0
Morocco,2020-05-25,7433.0,207.0,4703.0,199.0,0.026772501009013856,27.0,1.0
Morocco,2020-05-26,7532.0,210.0,4774.0,200.0,0.026553372278279343,99.0,1.0
Morocco,2020-05-27,7577.0,211.0,4881.0,202.0,0.02665962782103735,45.0,2.0
Morocco,2020-05-28,7601.0,212.0,4978.0,202.0,0.026575450598605447,24.0,0.0
Morocco,2020-05-29,7643.0,213.0,5195.0,202.0,0.02642941253434515,42.0,0.0
Morocco,2020-05-30,7714.0,215.0,5271.0,202.0,0.026186155042779363,71.0,0.0
Morocco,2020-05-31,7740.0,216.0,5377.0,203.0,0.02622739018087855,26.0,1.0
Morocco,2020-06-01,7807.0,218.0,5459.0,205.0,0.026258485974125785,67.0,2.0
Morocco,2020-06-02,7833.0,218.0,5893.0,205.0,0.026171326439422955,26.0,0.0
Morocco,2020-06-03,7866.0,219.0,6410.0,206.0,0.0262,33.0,1.0
Morocco,2020-06-04,7922.0,221.0,6866.0,206.0,0.026000000000000002,56.0,0.0
Morocco,2020-06-05,8003.0,223.0,7195.0,208.0,0.026000000000000002,81.0,2.0
Morocco,2020-06-06,8071.0,225.0,7268.0,208.0,0.0258,68.0,0.0
Morocco,2020-06-07,8132.0,227.0,7278.0,208.0,0.0256,61.0,0.0
Morocco,2020-06-08,8224.0,229.0,7364.0,208.0,0.0253,92.0,0.0
Morocco,2020-06-09,8302.0,232.0,7408.0,208.0,0.0251,78.0,0.0
Morocco,2020-06-10,8437.0,235.0,7493.0,210.0,0.0249,135.0,2.0
Morocco,2020-06-12,8537.0,238.0,7583.0,211.0,0.0247,100.0,1.0
Morocco,2020-06-13,8610.0,240.0,7618.0,212.0,0.0246,73.0,1.0
Morocco,2020-06-14,8692.0,242.0,7696.0,212.0,0.0244,82.0,0.0
Morocco,2020-06-15,8734.0,244.0,7725.0,212.0,0.0243,42.0,0.0
Morocco,2020-06-16,8885.0,248.0,7828.0,212.0,0.0239,151.0,0.0
Morocco,2020-06-17,8931.0,249.0,7937.0,212.0,0.0237,46.0,0.0
Morocco,2020-06-18,8997.0,251.0,7993.0,212.0,0.0236,66.0,0.0
Morocco,2020-06-19,9042.0,252.0,7999.0,213.0,0.0236,45.0,1.0
Morocco,2020-06-20,9613.0,268.0,8117.0,213.0,0.0222,571.0,0.0
Morocco,2020-06-21,9839.0,274.0,8223.0,213.0,0.0216,226.0,0.0
Morocco,2020-06-22,9977.0,278.0,8284.0,214.0,0.0214,138.0,1.0
Morocco,2020-06-23,10172.0,284.0,8366.0,214.0,0.021,195.0,0.0
Morocco,2020-06-24,10344.0,288.0,8407.0,214.0,0.0207,172.0,0.0
Morocco,2020-06-25,10907.0,304.0,8468.0,216.0,0.0198,563.0,2.0
Morocco,2020-06-26,11338.0,316.0,8500.0,217.0,0.0191,431.0,1.0
Morocco,2020-06-27,11633.0,324.0,8656.0,218.0,0.0187,295.0,1.0
Morocco,2020-06-28,11854.0,331.0,8700.0,218.0,0.0184,221.0,0.0
Morocco,2020-06-29,12052.0,336.0,8740.0,221.0,0.0183,198.0,3.0
Morocco,2020-06-30,12290.0,343.0,8833.0,225.0,0.0183,238.0,4.0
Morocco,2020-07-01,12533.0,350.0,8920.0,228.0,0.0182,243.0,3.0
Morocco,2020-07-02,12636.0,352.0,9026.0,228.0,0.018000000000000002,103.0,0.0
Morocco,2020-07-03,12636.0,352.0,9026.0,228.0,0.018000000000000002,0.0,0.0
Morocco,2020-07-04,13288.0,371.0,9160.0,230.0,0.0173,652.0,2.0
Morocco,2020-07-05,13822.0,385.0,9329.0,232.0,0.0168,534.0,2.0
Morocco,2020-07-06,14215.0,396.0,9725.0,235.0,0.0165,393.0,3.0
Morocco,2020-07-07,14379.0,401.0,10173.0,237.0,0.0165,164.0,2.0
Morocco,2020-07-09,14771.0,412.0,11316.0,242.0,0.0164,392.0,5.0
Morocco,2020-07-10,14771.0,412.0,11316.0,242.0,0.0164,0.0,0.0
Morocco,2020-07-11,15328.0,427.0,11827.0,243.0,0.0159,557.0,1.0
Morocco,2020-07-12,15443.0,431.0,0.0,243.0,0.0157,115.0,0.0
Morocco,2020-07-13,15542.0,433.0,0.0,245.0,0.0158,99.0,2.0
Morocco,2020-07-14,15936.0,444.0,12934.0,255.0,0.016,394.0,10.0
Morocco,2020-07-15,15936.0,444.0,12934.0,255.0,0.016,0.0,0.0
Morocco,2020-07-16,15936.0,444.0,12934.0,255.0,0.016,0.0,0.0
Morocco,2020-07-18,16545.0,461.0,13965.0,263.0,0.0159,609.0,8.0
Morocco,2020-07-19,17015.0,475.0,14620.0,269.0,0.0158,470.0,6.0
Morocco,2020-07-19,17015.0,475.0,14620.0,269.0,0.0158,0.0,0.0
Morocco,2020-07-21,17015.0,475.0,14620.0,269.0,0.0158,0.0,0.0
Morocco,2020-07-22,17742.0,495.0,15389.0,280.0,0.0158,727.0,11.0
Morocco,2020-07-23,17742.0,495.0,15389.0,280.0,0.0158,0.0,0.0
Morocco,2020-07-24,17962.0,501.0,15636.0,285.0,0.0159,220.0,5.0
Morocco,2020-07-25,18834.0,525.0,16100.0,299.0,0.0159,872.0,14.0
Morocco,2020-07-26,19645.0,548.0,16282.0,305.0,0.0155,811.0,6.0
Morocco,2020-07-27,20278.0,566.0,16438.0,313.0,0.0154,633.0,8.0
Morocco,2020-07-28,20887.0,583.0,16553.0,316.0,0.0151,609.0,3.0
Morocco,2020-07-29,21387.0,596.0,17066.0,327.0,0.0153,500.0,11.0
Morocco,2020-07-30,21387.0,596.0,17066.0,327.0,0.0153,0.0,0.0
Morocco,2020-07-31,22213.0,619.0,17125.0,334.0,0.015,826.0,7.0
Morocco,2020-08-01,24322.0,678.0,17658.0,353.0,0.0145,2109.0,19.0
Morocco,2020-08-02,25015.0,698.0,17960.0,367.0,0.0147,693.0,14.0
Morocco,2020-08-03,25537.0,712.0,18435.0,382.0,0.015,522.0,15.0
Morocco,2020-08-04,25537.0,712.0,18435.0,382.0,0.015,0.0,0.0
Morocco,2020-08-05,26196.0,731.0,18968.0,401.0,0.0153,659.0,19.0
Morocco,2020-08-06,28500.0,795.0,19994.0,435.0,0.0153,2304.0,34.0
Morocco,2020-08-07,28500.0,795.0,19994.0,435.0,0.0153,0.0,0.0
Morocco,2020-08-08,29644.0,827.0,20553.0,449.0,0.0151,1144.0,14.0
Morocco,2020-08-09,30662.0,855.0,21548.0,4461.0,0.1455,1018.0,4012.0
Morocco,2020-08-10,30662.0,855.0,21548.0,4461.0,0.1455,0.0,0.0
Morocco,2020-08-11,30662.0,855.0,21548.0,4461.0,0.1455,0.0,0.0
Morocco,2020-08-12,35195.0,982.0,25385.0,533.0,0.0151,4533.0,0.0
Morocco,2020-08-13,36694.0,1023.0,25677.0,556.0,0.0152,1499.0,23.0
Morocco,2020-08-14,36694.0,1023.0,25677.0,556.0,0.0152,0.0,0.0
Morocco,2020-08-15,37935.0,1058.0,26687.0,584.0,0.0154,1241.0,28.0
Morocco,2020-08-16,37935.0,1058.0,26687.0,584.0,0.0154,0.0,0.0
Morocco,2020-08-17,42489.0,1185.0,29344.0,658.0,0.0155,4554.0,74.0
Morocco,2020-08-18,43558.0,1215.0,29941.0,681.0,0.0156,1069.0,23.0
Morocco,2020-08-19,44803.0,1250.0,31002.0,714.0,0.0159,1245.0,33.0
Morocco,2020-08-20,46313.0,1292.0,31576.0,743.0,0.016,1510.0,29.0
Morocco,2020-08-22,49247.0,1373.0,34199.0,817.0,0.0166,2934.0,74.0
Morocco,2020-08-23,49247.0,1373.0,34199.0,817.0,0.0166,0.0,0.0
Morocco,2020-08-24,52349.0,1460.0,36343.0,888.0,0.017,3102.0,71.0
Morocco,2020-08-25,52349.0,1460.0,36343.0,888.0,0.017,0.0,0.0
Morocco,2020-08-26,53252.0,1485.0,34199.0,920.0,0.0173,903.0,32.0
Morocco,2020-08-27,55864.0,1558.0,40586.0,984.0,0.0176,2612.0,64.0
Morocco,2020-08-28,57085.0,1592.0,41901.0,1011.0,0.0177,1221.0,27.0
Morocco,2020-08-29,58489.0,1631.0,43049.0,1052.0,0.018000000000000002,1404.0,41.0
Morocco,2020-08-30,58489.0,1631.0,43049.0,1052.0,0.018000000000000002,0.0,0.0
Morocco,2020-08-31,61399.0,1712.0,46355.0,1111.0,0.0181,2910.0,59.0
Morocco,2020-09-01,61399.0,1712.0,46355.0,1111.0,0.0181,0.0,0.0
Morocco,2020-09-02,61399.0,1712.0,46355.0,1111.0,0.0181,0.0,0.0
Morocco,2020-09-03,65453.0,1825.0,50357.0,1216.0,0.0186,4054.0,105.0
Morocco,2020-09-04,66855.0,1865.0,51223.0,1253.0,0.0187,1402.0,37.0
Morocco,2020-09-05,68605.0,1913.0,52483.0,1292.0,0.0188,1750.0,39.0
Morocco,2020-09-07,72394.0,2019.0,55274.0,1361.0,0.0188,3789.0,69.0
Morocco,2020-09-08,73780.0,2058.0,56096.0,1394.0,0.0189,1386.0,33.0
Morocco,2020-09-09,75721.0,2112.0,57239.0,1427.0,0.0188,1941.0,33.0
Morocco,2020-09-10,77878.0,2172.0,59723.0,1453.0,0.0187,2157.0,26.0
Morocco,2020-09-11,77878.0,2172.0,59723.0,1453.0,0.0187,0.0,0.0
Morocco,2020-09-12,82197.0,2292.0,64194.0,1524.0,0.0185,4319.0,71.0
Morocco,2020-09-12,82197.0,2292.0,64194.0,1524.0,0.0185,0.0,0.0
