Location,Date,Confirmed,Case_Per_1M_people,Recovered,Deaths,Mortality,NewConfirmed,NewDeaths
Mozambique,2020-03-31,8.0,0.31,0.0,0.0,0.0,0.0,0.0
Mozambique,2020-04-01,8.0,0.31,0.0,0.0,0.0,0.0,0.0
Mozambique,2020-04-02,10.0,0.39,0.0,0.0,0.0,2.0,0.0
Mozambique,2020-04-03,10.0,0.39,0.0,0.0,0.0,0.0,0.0
Mozambique,2020-04-07,10.0,0.33,0.0,0.0,0.0,0.0,0.0
Mozambique,2020-04-10,17.0,0.57,1.0,0.0,0.0,7.0,0.0
Mozambique,2020-04-11,20.0,0.67,2.0,0.0,0.0,3.0,0.0
Mozambique,2020-04-12,20.0,0.67,2.0,0.0,0.0,0.0,0.0
Mozambique,2020-04-14,21.0,0.7,2.0,0.0,0.0,1.0,0.0
Mozambique,2020-04-17,31.0,1.03,2.0,0.0,0.0,10.0,0.0
Mozambique,2020-04-18,34.0,1.13,2.0,0.0,0.0,3.0,0.0
Mozambique,2020-04-20,39.0,1.3,4.0,0.0,0.0,5.0,0.0
Mozambique,2020-04-22,39.0,1.3,8.0,0.0,0.0,0.0,0.0
Mozambique,2020-04-23,41.0,1.36,8.0,0.0,0.0,2.0,0.0
Mozambique,2020-04-24,46.0,1.53,9.0,0.0,0.0,5.0,0.0
Mozambique,2020-04-25,46.0,1.53,9.0,0.0,0.0,0.0,0.0
Mozambique,2020-04-26,70.0,2.33,12.0,0.0,0.0,24.0,0.0
Mozambique,2020-04-27,76.0,2.53,12.0,0.0,0.0,6.0,0.0
Mozambique,2020-04-28,76.0,2.53,9.0,0.0,0.0,0.0,0.0
Mozambique,2020-04-29,76.0,2.53,9.0,0.0,0.0,0.0,0.0
Mozambique,2020-04-30,76.0,2.53,9.0,0.0,0.0,0.0,0.0
Mozambique,2020-05-01,76.0,3.0,9.0,0.0,0.0,0.0,0.0
Mozambique,2020-05-02,79.0,3.0,10.0,0.0,0.0,3.0,0.0
Mozambique,2020-05-03,79.0,3.0,18.0,0.0,0.0,0.0,0.0
Mozambique,2020-05-04,79.0,3.0,18.0,0.0,0.0,0.0,0.0
Mozambique,2020-05-05,80.0,3.0,19.0,0.0,0.0,1.0,0.0
Mozambique,2020-05-06,81.0,3.0,19.0,0.0,0.0,1.0,0.0
Mozambique,2020-05-07,81.0,3.0,21.0,0.0,0.0,0.0,0.0
Mozambique,2020-05-08,81.0,3.0,21.0,0.0,0.0,0.0,0.0
Mozambique,2020-05-09,82.0,3.0,27.0,0.0,0.0,1.0,0.0
Mozambique,2020-05-10,87.0,3.0,34.0,0.0,0.0,5.0,0.0
Mozambique,2020-05-11,91.0,3.0,34.0,0.0,0.0,4.0,0.0
Mozambique,2020-05-12,103.0,3.0,34.0,0.0,0.0,12.0,0.0
Mozambique,2020-05-13,104.0,3.0,34.0,0.0,0.0,1.0,0.0
Mozambique,2020-05-15,115.0,4.0,42.0,0.0,0.0,11.0,0.0
Mozambique,2020-05-16,119.0,4.0,42.0,0.0,0.0,4.0,0.0
Mozambique,2020-05-17,119.0,4.0,42.0,0.0,0.0,0.0,0.0
Mozambique,2020-05-18,137.0,5.0,44.0,0.0,0.0,18.0,0.0
Mozambique,2020-05-19,145.0,5.0,46.0,0.0,0.0,8.0,0.0
Mozambique,2020-05-20,146.0,5.0,48.0,0.0,0.0,1.0,0.0
,2020-05-21,,,,,,,
Mozambique,2020-05-22,162.0,5.0,48.0,0.0,0.0,,
Mozambique,2020-05-23,164.0,5.0,48.0,0.0,0.0,2.0,0.0
Mozambique,2020-05-24,168.0,6.0,51.0,0.0,0.0,4.0,0.0
Mozambique,2020-05-25,194.0,6.0,51.0,0.0,0.0,26.0,0.0
Mozambique,2020-05-26,209.0,7.0,71.0,1.0,0.004784688995215311,15.0,1.0
Mozambique,2020-05-27,213.0,7.0,71.0,1.0,0.004694835680751174,4.0,0.0
Mozambique,2020-05-28,227.0,8.0,71.0,1.0,0.004405286343612335,14.0,0.0
Mozambique,2020-05-29,233.0,8.0,82.0,2.0,0.008583690987124462,6.0,1.0
Mozambique,2020-05-30,234.0,8.0,84.0,2.0,0.008547008547008548,1.0,0.0
Mozambique,2020-05-31,244.0,8.0,90.0,2.0,0.008196721311475409,10.0,0.0
Mozambique,2020-06-01,254.0,8.0,91.0,2.0,0.007874015748031496,10.0,0.0
Mozambique,2020-06-02,254.0,8.0,97.0,2.0,0.007874015748031496,0.0,0.0
Mozambique,2020-06-03,307.0,10.0,98.0,2.0,0.0065,53.0,0.0
Mozambique,2020-06-04,316.0,11.0,109.0,2.0,0.0063,9.0,0.0
Mozambique,2020-06-05,352.0,12.0,114.0,2.0,0.0057,36.0,0.0
Mozambique,2020-06-06,354.0,12.0,119.0,2.0,0.0056,2.0,0.0
Mozambique,2020-06-07,409.0,14.0,126.0,2.0,0.0049,55.0,0.0
Mozambique,2020-06-08,424.0,14.0,127.0,2.0,0.0047,15.0,0.0
Mozambique,2020-06-09,433.0,14.0,131.0,2.0,0.0046,9.0,0.0
Mozambique,2020-06-10,453.0,15.0,136.0,2.0,0.0044,20.0,0.0
Mozambique,2020-06-12,489.0,16.0,144.0,2.0,0.0041,36.0,0.0
Mozambique,2020-06-13,509.0,17.0,145.0,2.0,0.0039,20.0,0.0
Mozambique,2020-06-14,553.0,18.0,151.0,2.0,0.0036,44.0,0.0
Mozambique,2020-06-15,553.0,18.0,151.0,2.0,0.0036,0.0,0.0
Mozambique,2020-06-16,609.0,20.0,157.0,3.0,0.0049,56.0,1.0
Mozambique,2020-06-17,638.0,21.0,1560.0,4.0,0.0063,29.0,1.0
Mozambique,2020-06-18,651.0,22.0,169.0,4.0,0.0061,13.0,0.0
Mozambique,2020-06-19,662.0,22.0,175.0,4.0,0.006,11.0,0.0
Mozambique,2020-06-20,668.0,22.0,177.0,4.0,0.006,6.0,0.0
Mozambique,2020-06-21,688.0,23.0,177.0,4.0,0.0058,20.0,0.0
Mozambique,2020-06-22,733.0,24.0,181.0,5.0,0.0068,45.0,1.0
Mozambique,2020-06-23,733.0,24.0,181.0,5.0,0.0068,0.0,0.0
Mozambique,2020-06-24,757.0,25.0,206.0,5.0,0.0066,24.0,0.0
Mozambique,2020-06-25,762.0,25.0,220.0,5.0,0.0066,5.0,0.0
Mozambique,2020-06-26,788.0,26.0,221.0,5.0,0.0063,26.0,0.0
Mozambique,2020-06-27,816.0,27.0,223.0,5.0,0.0061,28.0,0.0
Mozambique,2020-06-28,816.0,27.0,223.0,5.0,0.0061,0.0,0.0
Mozambique,2020-06-29,859.0,29.0,228.0,5.0,0.0058,43.0,0.0
Mozambique,2020-06-30,883.0,29.0,229.0,6.0,0.0068,24.0,1.0
Mozambique,2020-07-01,883.0,29.0,229.0,6.0,0.0068,0.0,0.0
Mozambique,2020-07-02,883.0,29.0,229.0,6.0,0.0068,0.0,0.0
Mozambique,2020-07-03,903.0,30.0,248.0,6.0,0.0066,20.0,0.0
Mozambique,2020-07-04,939.0,31.0,249.0,6.0,0.0064,36.0,0.0
Mozambique,2020-07-05,939.0,31.0,249.0,6.0,0.0064,0.0,0.0
Mozambique,2020-07-06,987.0,33.0,270.0,6.0,0.0061,48.0,0.0
Mozambique,2020-07-07,1012.0,34.0,277.0,6.0,0.0059,25.0,0.0
Mozambique,2020-07-09,1071.0,36.0,337.0,6.0,0.0056,59.0,0.0
Mozambique,2020-07-10,1071.0,36.0,337.0,6.0,0.0056,0.0,0.0
Mozambique,2020-07-11,1111.0,37.0,344.0,9.0,0.0081,40.0,3.0
Mozambique,2020-07-12,1111.0,37.0,344.0,9.0,0.0081,0.0,0.0
Mozambique,2020-07-13,1135.0,38.0,0.0,9.0,0.0079,24.0,0.0
Mozambique,2020-07-14,1157.0,38.0,0.0,9.0,0.0078,22.0,0.0
Mozambique,2020-07-15,1219.0,41.0,0.0,9.0,0.0074,62.0,0.0
Mozambique,2020-07-16,1219.0,41.0,0.0,9.0,0.0074,0.0,0.0
Mozambique,2020-07-18,1383.0,46.0,375.0,9.0,0.0065,164.0,0.0
Mozambique,2020-07-19,1402.0,47.0,0.0,9.0,0.0064,19.0,0.0
Mozambique,2020-07-19,1435.0,48.0,408.0,10.0,0.006999999999999999,33.0,1.0
Mozambique,2020-07-21,1435.0,48.0,408.0,10.0,0.006999999999999999,0.0,0.0
Mozambique,2020-07-22,1491.0,50.0,0.0,10.0,0.0067,56.0,0.0
Mozambique,2020-07-23,1536.0,51.0,0.0,11.0,0.0072,45.0,1.0
Mozambique,2020-07-24,1557.0,52.0,523.0,11.0,0.0071,21.0,0.0
Mozambique,2020-07-25,1590.0,53.0,532.0,11.0,0.0069,33.0,0.0
Mozambique,2020-07-26,1590.0,53.0,532.0,11.0,0.0069,0.0,0.0
Mozambique,2020-07-27,1669.0,56.0,593.0,11.0,0.0066,79.0,0.0
Mozambique,2020-07-28,1701.0,57.0,596.0,11.0,0.0065,32.0,0.0
Mozambique,2020-07-29,1720.0,57.0,602.0,11.0,0.0064,19.0,0.0
Mozambique,2020-07-30,1720.0,57.0,602.0,11.0,0.0064,0.0,0.0
Mozambique,2020-07-31,1808.0,60.0,638.0,11.0,0.0061,88.0,0.0
Mozambique,2020-08-01,1864.0,62.0,641.0,11.0,0.0059,56.0,0.0
Mozambique,2020-08-02,1864.0,62.0,645.0,12.0,0.0064,0.0,1.0
Mozambique,2020-08-03,1946.0,65.0,654.0,13.0,0.0067,82.0,1.0
Mozambique,2020-08-04,1973.0,66.0,676.0,14.0,0.0071,27.0,1.0
Mozambique,2020-08-05,1973.0,66.0,676.0,14.0,0.0071,0.0,0.0
Mozambique,2020-08-06,2029.0,67.0,765.0,15.0,0.0074,56.0,1.0
Mozambique,2020-08-07,2079.0,69.0,778.0,15.0,0.0072,50.0,0.0
Mozambique,2020-08-08,2120.0,71.0,795.0,15.0,0.0071,41.0,0.0
Mozambique,2020-08-09,2241.0,75.0,832.0,16.0,0.0071,121.0,1.0
Mozambique,2020-08-10,2269.0,75.0,840.0,16.0,0.0071,28.0,0.0
Mozambique,2020-08-11,2411.0,80.0,860.0,16.0,0.0066,142.0,0.0
Mozambique,2020-08-12,2481.0,83.0,910.0,17.0,0.0069,70.0,1.0
Mozambique,2020-08-13,2481.0,83.0,910.0,17.0,0.0069,0.0,0.0
Mozambique,2020-08-14,2559.0,85.0,0.0,19.0,0.0074,78.0,2.0
Mozambique,2020-08-15,2638.0,88.0,1015.0,19.0,0.0072,79.0,0.0
Mozambique,2020-08-16,2791.0,93.0,1136.0,19.0,0.0068,153.0,0.0
Mozambique,2020-08-17,2855.0,95.0,1163.0,19.0,0.0067,64.0,0.0
Mozambique,2020-08-18,2855.0,95.0,1163.0,19.0,0.0067,0.0,0.0
Mozambique,2020-08-19,2991.0,99.0,1245.0,19.0,0.0064,136.0,0.0
Mozambique,2020-08-20,2991.0,99.0,1245.0,19.0,0.0064,0.0,0.0
Mozambique,2020-08-22,2991.0,99.0,1245.0,19.0,0.0064,0.0,0.0
Mozambique,2020-08-23,3304.0,110.0,1474.0,20.0,0.0061,313.0,1.0
Mozambique,2020-08-24,3304.0,110.0,1474.0,20.0,0.0061,0.0,0.0
Mozambique,2020-08-25,3304.0,110.0,1474.0,20.0,0.0061,0.0,0.0
Mozambique,2020-08-26,3440.0,114.0,1661.0,21.0,0.0061,136.0,1.0
Mozambique,2020-08-27,3440.0,114.0,1661.0,21.0,0.0061,0.0,0.0
Mozambique,2020-08-28,3440.0,114.0,1661.0,21.0,0.0061,0.0,0.0
Mozambique,2020-08-29,3440.0,114.0,1661.0,21.0,0.0061,0.0,0.0
Mozambique,2020-08-30,3440.0,114.0,1661.0,21.0,0.0061,0.0,0.0
Mozambique,2020-08-31,3440.0,114.0,1661.0,21.0,0.0061,0.0,0.0
Mozambique,2020-09-01,3440.0,114.0,1661.0,21.0,0.0061,0.0,0.0
Mozambique,2020-09-02,3821.0,127.0,0.0,23.0,0.006,381.0,2.0
Mozambique,2020-09-03,3821.0,127.0,0.0,23.0,0.006,0.0,0.0
Mozambique,2020-09-04,4207.0,140.0,2370.0,26.0,0.0062,386.0,3.0
Mozambique,2020-09-05,4207.0,140.0,2370.0,26.0,0.0062,0.0,0.0
Mozambique,2020-09-07,4444.0,148.0,2615.0,27.0,0.0061,237.0,1.0
Mozambique,2020-09-08,4444.0,148.0,2615.0,27.0,0.0061,0.0,0.0
Mozambique,2020-09-09,4557.0,152.0,2697.0,27.0,0.0059,113.0,0.0
Mozambique,2020-09-10,4557.0,152.0,2697.0,27.0,0.0059,0.0,0.0
Mozambique,2020-09-11,4557.0,152.0,2697.0,27.0,0.0059,0.0,0.0
Mozambique,2020-09-12,4557.0,152.0,2697.0,27.0,0.0059,0.0,0.0
Mozambique,2020-09-13,4832.0,161.0,0.0,31.0,0.0064,275.0,4.0
Mozambique,2020-09-14,5269.0,175.0,2960.0,35.0,0.0066,437.0,4.0
Mozambique,2020-09-15,5269.0,175.0,2960.0,35.0,0.0066,0.0,0.0
Mozambique,2020-09-16,5482.0,182.0,3024.0,35.0,0.0064,213.0,0.0
Mozambique,2020-09-17,5713.0,190.0,3181.0,37.0,0.0065,231.0,2.0
Mozambique,2020-09-18,5994.0,199.0,3267.0,39.0,0.0065,281.0,2.0
Mozambique,2020-09-20,6161.0,205.0,0.0,39.0,0.0063,167.0,0.0
