Location,Date,Confirmed,Case_Per_1M_people,Recovered,Deaths,Mortality,Cases per 1 million people,NewConfirmed,NewDeaths
New Zealand,2020-03-31,600.0,133.86,74.0,1.0,0.0016666670000000001,,0.0,0.0
New Zealand,2020-04-01,647.0,144.35,82.0,1.0,0.0015455950540958269,,47.0,0.0
New Zealand,2020-04-02,723.0,161.31,92.0,1.0,0.0013831258644536654,,76.0,0.0
New Zealand,2020-04-03,772.0,172.24,103.0,1.0,0.0012953367875647669,,49.0,0.0
New Zealand,2020-04-07,911.0,183.12,176.0,1.0,0.0010976948408342481,,139.0,0.0
New Zealand,2020-04-10,1015.0,204.02,317.0,2.0,0.0019704433497536944,,104.0,1.0
New Zealand,2020-04-11,1035.0,208.04,422.0,4.0,0.0038647342995169077,,20.0,2.0
New Zealand,2020-04-12,1035.0,208.04,422.0,4.0,0.0038647342995169077,,0.0,0.0
New Zealand,2020-04-14,1072.0,215.48,628.0,9.0,0.008395522388059701,,37.0,5.0
New Zealand,2020-04-17,1084.0,217.89,770.0,9.0,0.008302583025830259,,12.0,0.0
New Zealand,2020-04-18,1094.0,219.9,867.0,11.0,0.010054844606946984,,10.0,2.0
New Zealand,2020-04-20,1105.0,222.11,974.0,12.0,0.01085972850678733,,11.0,1.0
New Zealand,2020-04-22,1107.0,222.51,1006.0,13.0,0.011743450767841012,,2.0,1.0
New Zealand,2020-04-23,1113.0,223.72,1065.0,16.0,0.014375561545372869,,6.0,3.0
New Zealand,2020-04-24,1114.0,223.92,1095.0,17.0,0.01526032315978456,,1.0,1.0
New Zealand,2020-04-25,1114.0,223.92,1095.0,17.0,0.01526032315978456,,0.0,0.0
New Zealand,2020-04-26,1121.0,225.33,1142.0,18.0,0.01605709188224799,,7.0,1.0
New Zealand,2020-04-27,1122.0,225.53,1180.0,19.0,0.01693404634581105,,1.0,1.0
New Zealand,2020-04-28,1122.0,225.53,1180.0,19.0,0.01693404634581105,,0.0,0.0
New Zealand,2020-04-29,1126.0,226.33,1229.0,19.0,0.016873889875666074,,4.0,0.0
New Zealand,2020-04-30,1126.0,226.33,1229.0,19.0,0.016873889875666074,,0.0,0.0
New Zealand,2020-05-01,1129.0,227.0,1241.0,19.0,0.01682905225863596,,3.0,0.0
New Zealand,2020-05-02,1132.0,228.0,1252.0,19.0,0.01678445229681979,,3.0,0.0
New Zealand,2020-05-03,1134.0,228.0,1263.0,20.0,0.01763668430335097,,2.0,1.0
New Zealand,2020-05-04,1136.0,228.0,1266.0,20.0,0.017605633802816902,,2.0,0.0
New Zealand,2020-05-05,1486.0,299.0,1302.0,20.0,0.013458950201884251,,350.0,0.0
New Zealand,2020-05-06,1486.0,299.0,1302.0,20.0,0.013458950201884251,,0.0,0.0
New Zealand,2020-05-07,1489.0,299.0,1332.0,21.0,0.014103425117528543,,3.0,1.0
New Zealand,2020-05-08,1489.0,299.0,1332.0,21.0,0.014103425117528543,,0.0,0.0
New Zealand,2020-05-09,1490.0,299.0,1347.0,21.0,0.014093959731543626,,1.0,0.0
New Zealand,2020-05-10,1144.0,230.0,1371.0,21.0,0.01835664335664336,,0.0,0.0
New Zealand,2020-05-11,1147.0,231.0,1386.0,21.0,0.018308631211857017,,3.0,0.0
New Zealand,2020-05-12,1147.0,231.0,1398.0,21.0,0.018308631211857017,,0.0,0.0
New Zealand,2020-05-13,1147.0,231.0,1412.0,21.0,0.018308631211857017,,0.0,0.0
New Zealand,2020-05-15,1148.0,231.0,1421.0,21.0,0.018292682926829267,,1.0,0.0
New Zealand,2020-05-16,1148.0,231.0,1428.0,21.0,0.018292682926829267,,0.0,0.0
New Zealand,2020-05-17,1148.0,231.0,1428.0,21.0,0.018292682926829267,,0.0,0.0
New Zealand,2020-05-18,1149.0,231.0,1433.0,21.0,0.01827676240208877,,1.0,0.0
New Zealand,2020-05-19,1149.0,231.0,1433.0,21.0,0.01827676240208877,,0.0,0.0
New Zealand,2020-05-20,1153.0,232.0,1447.0,21.0,0.018213356461405032,,4.0,0.0
,2020-05-21,,,,,,,,
New Zealand,2020-05-22,1154.0,232.0,1455.0,21.0,0.018197573656845756,,,
New Zealand,2020-05-23,1154.0,232.0,1455.0,21.0,0.018197573656845756,,0.0,0.0
New Zealand,2020-05-24,1154.0,232.0,1456.0,21.0,0.018197573656845756,,0.0,0.0
New Zealand,2020-05-25,1154.0,232.0,1456.0,21.0,0.018197573656845756,,0.0,0.0
New Zealand,2020-05-26,1154.0,232.0,1456.0,21.0,0.018197573656845756,,0.0,0.0
New Zealand,2020-05-27,1154.0,232.0,1461.0,21.0,0.018197573656845756,,0.0,0.0
New Zealand,2020-05-28,1154.0,232.0,1462.0,21.0,0.018197573656845756,,0.0,0.0
New Zealand,2020-05-29,1154.0,232.0,1481.0,22.0,0.019064124783362217,,0.0,1.0
New Zealand,2020-05-30,1154.0,232.0,1131.0,22.0,0.019064124783362217,,0.0,0.0
New Zealand,2020-05-31,1154.0,232.0,1131.0,22.0,0.019064124783362217,,0.0,0.0
New Zealand,2020-06-01,1154.0,232.0,1131.0,22.0,0.019064124783362217,,0.0,0.0
New Zealand,2020-06-02,1154.0,232.0,1131.0,22.0,0.019064124783362217,,0.0,0.0
New Zealand,2020-06-03,1154.0,232.0,1131.0,22.0,0.0191,,0.0,0.0
New Zealand,2020-06-04,1154.0,232.0,1131.0,22.0,0.0191,,0.0,0.0
New Zealand,2020-06-05,1154.0,232.0,1131.0,22.0,0.0191,,0.0,0.0
New Zealand,2020-06-06,1154.0,232.0,1131.0,22.0,0.0191,,0.0,0.0
New Zealand,2020-06-07,1154.0,232.0,1131.0,22.0,0.0191,,0.0,0.0
New Zealand,2020-06-08,1154.0,232.0,1131.0,22.0,0.0191,,0.0,0.0
New Zealand,2020-06-09,1154.0,232.0,1132.0,22.0,0.0191,,0.0,0.0
New Zealand,2020-06-10,1154.0,232.0,1132.0,22.0,0.0191,,0.0,0.0
New Zealand,2020-06-12,1154.0,232.0,1132.0,22.0,0.0191,,0.0,0.0
New Zealand,2020-06-13,1154.0,232.0,1132.0,22.0,0.0191,,0.0,0.0
New Zealand,2020-06-14,1154.0,232.0,1132.0,22.0,0.0191,,0.0,0.0
New Zealand,2020-06-15,1154.0,232.0,1132.0,22.0,0.0191,,0.0,0.0
New Zealand,2020-06-16,1154.0,232.0,1132.0,22.0,0.0191,,0.0,0.0
New Zealand,2020-06-17,1156.0,232.0,1132.0,22.0,0.019,,2.0,0.0
New Zealand,2020-06-18,1157.0,233.0,1132.0,22.0,0.019,,1.0,0.0
New Zealand,2020-06-19,1157.0,233.0,1132.0,22.0,0.019,,0.0,0.0
New Zealand,2020-06-20,1159.0,233.0,1132.0,22.0,0.019,,2.0,0.0
New Zealand,2020-06-21,1159.0,233.0,1132.0,22.0,0.019,,0.0,0.0
New Zealand,2020-06-22,1161.0,233.0,1132.0,22.0,0.0189,,2.0,0.0
New Zealand,2020-06-23,1163.0,234.0,1132.0,22.0,0.0189,,2.0,0.0
New Zealand,2020-06-24,1165.0,234.0,1133.0,22.0,0.0189,,2.0,0.0
New Zealand,2020-06-25,1169.0,235.0,1134.0,22.0,0.0188,,4.0,0.0
New Zealand,2020-06-26,1169.0,235.0,1134.0,22.0,0.0188,,0.0,0.0
New Zealand,2020-06-27,1172.0,236.0,1134.0,22.0,0.0188,,3.0,0.0
New Zealand,2020-06-28,1172.0,236.0,1134.0,22.0,0.0188,,0.0,0.0
New Zealand,2020-06-29,1176.0,236.0,1134.0,22.0,0.0187,,4.0,0.0
New Zealand,2020-06-30,1178.0,237.0,1484.0,22.0,0.0187,,2.0,0.0
New Zealand,2020-07-01,1178.0,237.0,1134.0,22.0,0.0187,,0.0,0.0
New Zealand,2020-07-02,1528.0,307.0,1484.0,22.0,0.0144,,350.0,0.0
New Zealand,2020-07-03,1530.0,308.0,0.0,22.0,0.0144,,2.0,0.0
New Zealand,2020-07-04,1530.0,308.0,0.0,22.0,0.0144,,0.0,0.0
New Zealand,2020-07-05,1530.0,308.0,0.0,22.0,0.0144,,0.0,0.0
New Zealand,2020-07-06,1533.0,308.0,0.0,22.0,0.0144,,3.0,0.0
New Zealand,2020-07-07,1536.0,309.0,0.0,22.0,0.0143,,3.0,0.0
New Zealand,2020-07-09,1536.0,309.0,0.0,22.0,0.0143,,0.0,0.0
New Zealand,2020-07-10,1540.0,310.0,1494.0,22.0,0.0143,,4.0,0.0
New Zealand,2020-07-11,1542.0,310.0,1497.0,22.0,0.0143,,2.0,0.0
New Zealand,2020-07-12,1543.0,310.0,1497.0,22.0,0.0143,,1.0,0.0
New Zealand,2020-07-13,1544.0,310.0,1497.0,22.0,0.0142,,1.0,0.0
New Zealand,2020-07-14,1545.0,311.0,0.0,22.0,0.0142,,1.0,0.0
New Zealand,2020-07-15,1545.0,311.0,1498.0,22.0,0.0142,,0.0,0.0
New Zealand,2020-07-16,1547.0,311.0,1498.0,22.0,0.0142,,2.0,0.0
New Zealand,2020-07-18,1549.0,311.0,1506.0,22.0,0.0142,,2.0,0.0
New Zealand,2020-07-19,1550.0,312.0,1506.0,22.0,0.0142,,1.0,0.0
New Zealand,2020-07-19,1553.0,312.0,0.0,22.0,0.0142,,3.0,0.0
New Zealand,2020-07-21,1554.0,312.0,0.0,22.0,0.0142,,1.0,0.0
New Zealand,2020-07-22,1555.0,313.0,0.0,22.0,0.0141,,1.0,0.0
New Zealand,2020-07-23,1555.0,313.0,0.0,22.0,0.0141,,0.0,0.0
New Zealand,2020-07-24,1555.0,313.0,0.0,22.0,0.0141,,0.0,0.0
New Zealand,2020-07-25,1556.0,313.0,1497.0,22.0,0.0141,,1.0,0.0
New Zealand,2020-07-26,1556.0,313.0,0.0,22.0,0.0141,,0.0,0.0
New Zealand,2020-07-27,1556.0,313.0,1497.0,22.0,0.0141,,0.0,0.0
New Zealand,2020-07-28,1557.0,313.0,0.0,22.0,0.0141,,1.0,0.0
New Zealand,2020-07-29,1559.0,313.0,0.0,22.0,0.0141,,2.0,0.0
New Zealand,2020-07-30,1559.0,313.0,1497.0,22.0,0.0141,,0.0,0.0
New Zealand,2020-07-31,1560.0,314.0,1497.0,22.0,0.0141,,1.0,0.0
New Zealand,2020-08-01,1562.0,314.0,0.0,22.0,0.0141,,2.0,0.0
New Zealand,2020-08-02,1565.0,315.0,0.0,22.0,0.0141,,3.0,0.0
New Zealand,2020-08-03,1565.0,315.0,0.0,22.0,0.0141,,0.0,0.0
New Zealand,2020-08-04,1567.0,315.0,1497.0,22.0,0.013999999999999999,,2.0,0.0
New Zealand,2020-08-05,1567.0,315.0,1523.0,22.0,0.013999999999999999,,0.0,0.0
New Zealand,2020-08-06,1569.0,315.0,0.0,22.0,0.013999999999999999,,2.0,0.0
New Zealand,2020-08-07,1569.0,315.0,0.0,22.0,0.013999999999999999,,0.0,0.0
New Zealand,2020-08-08,1569.0,315.0,1523.0,22.0,0.013999999999999999,,0.0,0.0
New Zealand,2020-08-09,1569.0,315.0,1523.0,22.0,0.013999999999999999,,0.0,0.0
New Zealand,2020-08-10,1569.0,315.0,1523.0,22.0,0.013999999999999999,,0.0,0.0
New Zealand,2020-08-11,1569.0,315.0,1523.0,22.0,0.013999999999999999,,0.0,0.0
New Zealand,2020-08-12,1575.0,317.0,1523.0,22.0,0.013999999999999999,,6.0,0.0
New Zealand,2020-08-13,1589.0,319.0,1531.0,22.0,0.0138,,14.0,0.0
New Zealand,2020-08-14,1589.0,319.0,1531.0,22.0,0.0138,,0.0,0.0
New Zealand,2020-08-15,1602.0,322.0,1531.0,22.0,0.0137,,13.0,0.0
New Zealand,2020-08-16,1609.0,323.0,1531.0,22.0,0.0137,,7.0,0.0
New Zealand,2020-08-17,1622.0,326.0,1531.0,22.0,0.0136,,13.0,0.0
New Zealand,2020-08-18,1643.0,330.0,1531.0,22.0,0.0134,,21.0,0.0
New Zealand,2020-08-19,1649.0,331.0,1531.0,22.0,0.0133,,6.0,0.0
New Zealand,2020-08-20,1649.0,331.0,1531.0,22.0,0.0133,,0.0,0.0
New Zealand,2020-08-22,1665.0,335.0,1538.0,22.0,0.0132,,16.0,0.0
New Zealand,2020-08-23,1671.0,336.0,1538.0,22.0,0.0132,,6.0,0.0
New Zealand,2020-08-24,1674.0,336.0,1538.0,22.0,0.0131,,3.0,0.0
New Zealand,2020-08-25,1683.0,338.0,1538.0,22.0,0.0131,,9.0,0.0
New Zealand,2020-08-26,1690.0,340.0,1539.0,22.0,0.013000000000000001,,7.0,0.0
New Zealand,2020-08-27,1695.0,341.0,1539.0,22.0,0.013000000000000001,,5.0,0.0
New Zealand,2020-08-28,1702.0,342.0,1554.0,22.0,0.0129,,7.0,0.0
New Zealand,2020-08-29,1727.0,347.0,1568.0,22.0,0.0127,,25.0,0.0
New Zealand,2020-08-30,1729.0,348.0,1570.0,22.0,0.0127,,2.0,0.0
New Zealand,2020-08-31,1729.0,348.0,1570.0,22.0,0.0127,,0.0,0.0
New Zealand,2020-09-01,1738.0,349.0,1585.0,22.0,0.0127,,9.0,0.0
New Zealand,2020-09-02,1752.0,352.0,1598.0,22.0,0.0126,,14.0,0.0
New Zealand,2020-09-03,1757.0,353.0,1606.0,22.0,0.0125,,5.0,0.0
New Zealand,2020-09-04,1759.0,354.0,1622.0,22.0,0.0125,,2.0,0.0
New Zealand,2020-09-05,1764.0,355.0,1630.0,22.0,0.0125,,5.0,0.0
New Zealand,2020-09-07,1776.0,357.0,1634.0,24.0,0.0135,,12.0,2.0
New Zealand,2020-09-08,1776.0,357.0,1634.0,24.0,0.0135,,0.0,0.0
New Zealand,2020-09-09,1782.0,358.0,1635.0,24.0,0.0135,,6.0,0.0
New Zealand,2020-09-10,1788.0,359.0,1639.0,24.0,0.0134,,6.0,0.0
New Zealand,2020-09-11,1792.0,360.0,1648.0,24.0,0.0134,,4.0,0.0
New Zealand,2020-09-12,1795.0,361.0,1663.0,24.0,0.0134,,3.0,0.0
New Zealand,2020-09-13,1797.0,361.0,1676.0,24.0,0.0134,,2.0,0.0
New Zealand,2020-09-14,1797.0,361.0,1676.0,24.0,0.0134,,0.0,0.0
New Zealand,2020-09-15,1798.0,361.0,1678.0,24.0,0.0133,,1.0,0.0
New Zealand,2020-09-16,1802.0,362.0,1698.0,25.0,0.0139,,4.0,1.0
New Zealand,2020-09-17,1809.0,364.0,0.0,25.0,0.0138,,7.0,0.0
New Zealand,2020-09-18,1809.0,364.0,1714.0,25.0,0.0138,,0.0,0.0
New Zealand,2020-09-20,1811.0,364.0,1719.0,25.0,0.0138,,2.0,0.0
New Zealand,2020-09-21,1815.0,365.0,1719.0,25.0,0.0138,,4.0,0.0
New Zealand,2020-09-22,1815.0,365.0,1728.0,25.0,0.0138,,0.0,0.0
New Zealand,2020-09-23,1815.0,365.0,1729.0,25.0,0.0138,,0.0,0.0
New Zealand,2020-09-24,1824.0,0.0,,25.0,0.0137,367.0,9.0,0.0
New Zealand,2020-09-25,1827.0,0.0,,25.0,0.0137,367.0,3.0,0.0
New Zealand,2020-09-26,1829.0,0.0,,25.0,0.0137,368.0,2.0,0.0
New Zealand,2020-09-27,1831.0,0.0,,25.0,0.0137,368.0,2.0,0.0
New Zealand,2020-09-28,1833.0,0.0,,25.0,0.0136,368.0,2.0,0.0
New Zealand,2020-09-29,1833.0,0.0,,25.0,0.0136,368.0,0.0,0.0
New Zealand,2020-09-30,1835.0,0.0,,25.0,0.0136,369.0,2.0,0.0
New Zealand,2020-10-02,1848.0,0.0,,25.0,0.0135,371.0,13.0,0.0
New Zealand,2020-10-03,1848.0,0.0,,25.0,0.0135,371.0,0.0,0.0
New Zealand,2020-10-04,1849.0,0.0,,25.0,0.0135,372.0,1.0,0.0
New Zealand,2020-10-05,1854.0,0.0,,25.0,0.0135,373.0,5.0,0.0
New Zealand,2020-10-06,1855.0,0.0,,25.0,0.0135,373.0,1.0,0.0
New Zealand,2020-10-08,1861.0,0.0,,25.0,0.0134,374.0,6.0,0.0
New Zealand,2020-10-09,1864.0,0.0,,25.0,0.0134,375.0,3.0,0.0
New Zealand,2020-10-10,1866.0,0.0,,25.0,0.0134,375.0,2.0,0.0
New Zealand,2020-10-11,1870.0,0.0,,25.0,0.0134,376.0,4.0,0.0
New Zealand,2020-10-12,1871.0,0.0,,25.0,0.0134,376.0,1.0,0.0
New Zealand,2020-10-13,1871.0,0.0,,25.0,0.0134,376.0,0.0,0.0
New Zealand,2020-10-14,1872.0,0.0,,25.0,0.0134,376.0,1.0,0.0
New Zealand,2020-10-15,1874.0,0.0,,25.0,0.0133,377.0,2.0,0.0
