Location,Date,Confirmed,Case_Per_1M_people,Recovered,Deaths,Mortality,Cases per 1 million people,NewConfirmed,NewDeaths
Niger,2020-03-31,27.0,1.56,0.0,3.0,0.111111111,,0.0,0.0
Niger,2020-04-01,34.0,1.97,0.0,3.0,0.08823529411764706,,7.0,0.0
Niger,2020-04-02,74.0,4.28,0.0,5.0,0.06756756756756757,,40.0,2.0
Niger,2020-04-03,74.0,4.28,0.0,5.0,0.06756756756756757,,0.0,0.0
Niger,2020-04-07,253.0,11.34,26.0,10.0,0.03952569169960474,,179.0,5.0
Niger,2020-04-10,410.0,18.37,40.0,11.0,0.02682926829268293,,157.0,1.0
Niger,2020-04-11,438.0,19.63,41.0,11.0,0.02511415525114155,,28.0,0.0
Niger,2020-04-12,438.0,19.63,41.0,11.0,0.02511415525114155,,0.0,0.0
Niger,2020-04-14,548.0,24.56,86.0,13.0,0.02372262773722628,,110.0,2.0
Niger,2020-04-17,584.0,26.17,97.0,14.0,0.023972602739726026,,36.0,1.0
Niger,2020-04-18,627.0,28.1,110.0,18.0,0.02870813397129187,,43.0,4.0
Niger,2020-04-20,648.0,29.04,117.0,20.0,0.0308641975308642,,21.0,2.0
Niger,2020-04-22,657.0,29.44,127.0,20.0,0.030441400304413998,,9.0,0.0
Niger,2020-04-23,662.0,29.67,193.0,22.0,0.033232628398791535,,5.0,2.0
Niger,2020-04-24,671.0,30.07,256.0,24.0,0.035767511177347236,,9.0,2.0
Niger,2020-04-25,681.0,30.52,289.0,24.0,0.03524229074889868,,10.0,0.0
Niger,2020-04-26,684.0,30.65,325.0,27.0,0.03947368421052632,,3.0,3.0
Niger,2020-04-27,696.0,31.19,350.0,29.0,0.04166666666666666,,12.0,2.0
Niger,2020-04-28,701.0,31.41,385.0,29.0,0.04136947218259629,,5.0,0.0
Niger,2020-04-29,709.0,31.77,403.0,31.0,0.04372355430183357,,8.0,2.0
Niger,2020-04-30,709.0,31.77,403.0,31.0,0.04372355430183357,,0.0,0.0
Niger,2020-05-01,719.0,32.0,452.0,32.0,0.04450625869262865,,10.0,1.0
Niger,2020-05-02,728.0,33.0,478.0,33.0,0.04532967032967033,,9.0,1.0
Niger,2020-05-03,736.0,33.0,507.0,35.0,0.04755434782608696,,8.0,2.0
Niger,2020-05-04,736.0,33.0,507.0,35.0,0.04755434782608696,,0.0,0.0
Niger,2020-05-05,755.0,34.0,534.0,37.0,0.04900662251655629,,19.0,2.0
Niger,2020-05-06,763.0,34.0,543.0,38.0,0.04980340760157274,,8.0,1.0
Niger,2020-05-07,770.0,35.0,561.0,38.0,0.04935064935064935,,7.0,0.0
Niger,2020-05-08,781.0,35.0,586.0,42.0,0.05377720870678617,,11.0,4.0
Niger,2020-05-09,795.0,36.0,600.0,44.0,0.055345911949685536,,14.0,2.0
Niger,2020-05-10,815.0,37.0,617.0,45.0,0.05521472392638037,,20.0,1.0
Niger,2020-05-11,821.0,37.0,624.0,46.0,0.05602923264311815,,6.0,1.0
Niger,2020-05-12,832.0,37.0,637.0,46.0,0.055288461538461536,,11.0,0.0
Niger,2020-05-13,854.0,38.0,648.0,47.0,0.055035128805620614,,22.0,1.0
Niger,2020-05-15,876.0,39.0,677.0,50.0,0.05707762557077625,,22.0,3.0
Niger,2020-05-16,885.0,40.0,684.0,51.0,0.0576271186440678,,9.0,1.0
Niger,2020-05-17,889.0,40.0,689.0,51.0,0.05736782902137232,,4.0,0.0
Niger,2020-05-18,904.0,41.0,698.0,54.0,0.059734513274336286,,15.0,3.0
Niger,2020-05-19,909.0,41.0,714.0,55.0,0.060506050605060514,,5.0,1.0
Niger,2020-05-20,914.0,41.0,734.0,55.0,0.060175054704595186,,5.0,0.0
,2020-05-21,,,,,,,,
Niger,2020-05-22,924.0,41.0,753.0,60.0,0.06493506493506493,,,
Niger,2020-05-23,937.0,42.0,764.0,60.0,0.06403415154749201,,13.0,0.0
Niger,2020-05-24,943.0,42.0,775.0,61.0,0.06468716861081654,,6.0,1.0
Niger,2020-05-25,945.0,42.0,783.0,61.0,0.06455026455026455,,2.0,0.0
Niger,2020-05-26,951.0,43.0,786.0,62.0,0.06519453207150368,,6.0,1.0
Niger,2020-05-27,952.0,43.0,796.0,63.0,0.0661764705882353,,1.0,1.0
Niger,2020-05-28,952.0,43.0,796.0,63.0,0.0661764705882353,,0.0,0.0
Niger,2020-05-29,955.0,43.0,803.0,64.0,0.06701570680628273,,3.0,1.0
Niger,2020-05-30,955.0,43.0,813.0,64.0,0.06701570680628273,,0.0,0.0
Niger,2020-05-31,956.0,43.0,818.0,64.0,0.06694560669456066,,1.0,0.0
Niger,2020-06-01,958.0,43.0,839.0,64.0,0.06680584551148225,,2.0,0.0
Niger,2020-06-02,958.0,43.0,844.0,65.0,0.06784968684759916,,0.0,1.0
Niger,2020-06-03,960.0,43.0,848.0,65.0,0.0677,,2.0,0.0
Niger,2020-06-04,961.0,43.0,857.0,65.0,0.0676,,1.0,0.0
Niger,2020-06-05,963.0,43.0,860.0,65.0,0.0675,,2.0,0.0
Niger,2020-06-06,966.0,43.0,863.0,65.0,0.0673,,3.0,0.0
Niger,2020-06-07,970.0,43.0,867.0,65.0,0.067,,4.0,0.0
Niger,2020-06-08,973.0,44.0,867.0,65.0,0.0668,,3.0,0.0
Niger,2020-06-09,973.0,44.0,867.0,65.0,0.0668,,0.0,0.0
Niger,2020-06-10,974.0,44.0,871.0,65.0,0.0667,,1.0,0.0
Niger,2020-06-12,974.0,44.0,878.0,65.0,0.0667,,0.0,0.0
Niger,2020-06-13,978.0,44.0,881.0,65.0,0.0665,,4.0,0.0
Niger,2020-06-14,980.0,44.0,881.0,66.0,0.0673,,2.0,1.0
Niger,2020-06-15,980.0,44.0,881.0,66.0,0.0673,,0.0,0.0
Niger,2020-06-16,980.0,44.0,885.0,66.0,0.0673,,0.0,0.0
Niger,2020-06-17,1016.0,46.0,885.0,66.0,0.065,,36.0,0.0
Niger,2020-06-18,1020.0,46.0,893.0,67.0,0.0657,,4.0,1.0
Niger,2020-06-19,1020.0,46.0,901.0,67.0,0.0657,,0.0,0.0
Niger,2020-06-20,1020.0,46.0,901.0,67.0,0.0657,,0.0,0.0
Niger,2020-06-21,1035.0,46.0,911.0,67.0,0.0647,,15.0,0.0
Niger,2020-06-22,1036.0,46.0,911.0,67.0,0.0647,,1.0,0.0
Niger,2020-06-23,1036.0,46.0,911.0,67.0,0.0647,,0.0,0.0
Niger,2020-06-24,1051.0,47.0,913.0,67.0,0.0637,,15.0,0.0
Niger,2020-06-25,1051.0,47.0,913.0,67.0,0.0637,,0.0,0.0
Niger,2020-06-26,1059.0,47.0,919.0,67.0,0.0633,,8.0,0.0
Niger,2020-06-27,1059.0,47.0,919.0,67.0,0.0633,,0.0,0.0
Niger,2020-06-28,1059.0,47.0,919.0,67.0,0.0633,,0.0,0.0
Niger,2020-06-29,1074.0,48.0,939.0,67.0,0.0624,,15.0,0.0
Niger,2020-06-30,1075.0,48.0,939.0,67.0,0.0623,,1.0,0.0
Niger,2020-07-01,1075.0,48.0,939.0,67.0,0.0623,,0.0,0.0
Niger,2020-07-02,1075.0,48.0,939.0,67.0,0.0623,,0.0,0.0
Niger,2020-07-03,1075.0,48.0,947.0,67.0,0.0623,,0.0,0.0
Niger,2020-07-04,1082.0,48.0,963.0,68.0,0.0628,,7.0,1.0
Niger,2020-07-05,1082.0,48.0,963.0,68.0,0.0628,,0.0,0.0
Niger,2020-07-06,1088.0,49.0,965.0,68.0,0.0625,,6.0,0.0
Niger,2020-07-07,1093.0,49.0,968.0,68.0,0.0622,,5.0,0.0
Niger,2020-07-09,1094.0,49.0,9674.0,68.0,0.0622,,1.0,0.0
Niger,2020-07-10,1097.0,49.0,976.0,68.0,0.062,,3.0,0.0
Niger,2020-07-11,1099.0,49.0,978.0,68.0,0.0619,,2.0,0.0
Niger,2020-07-12,1099.0,49.0,978.0,68.0,0.0619,,0.0,0.0
Niger,2020-07-13,1099.0,49.0,978.0,68.0,0.0619,,0.0,0.0
Niger,2020-07-14,1099.0,49.0,978.0,68.0,0.0619,,0.0,0.0
Niger,2020-07-15,1099.0,49.0,978.0,68.0,0.0619,,0.0,0.0
Niger,2020-07-16,1099.0,49.0,978.0,68.0,0.0619,,0.0,0.0
Niger,2020-07-18,1102.0,49.0,993.0,69.0,0.0626,,3.0,1.0
Niger,2020-07-19,1102.0,49.0,993.0,69.0,0.0626,,0.0,0.0
Niger,2020-07-19,1104.0,49.0,1014.0,69.0,0.0625,,2.0,0.0
Niger,2020-07-21,1104.0,49.0,1014.0,69.0,0.0625,,0.0,0.0
Niger,2020-07-22,1104.0,49.0,1014.0,69.0,0.0625,,0.0,0.0
Niger,2020-07-23,1108.0,50.0,0.0,69.0,0.0623,,4.0,0.0
Niger,2020-07-24,1122.0,50.0,1018.0,69.0,0.0615,,14.0,0.0
Niger,2020-07-25,1124.0,50.0,1024.0,69.0,0.0614,,2.0,0.0
Niger,2020-07-26,1124.0,50.0,1024.0,69.0,0.0614,,0.0,0.0
Niger,2020-07-27,1136.0,51.0,1027.0,69.0,0.0607,,12.0,0.0
Niger,2020-07-28,1132.0,51.0,1027.0,69.0,0.061,,0.0,0.0
Niger,2020-07-29,1132.0,51.0,1027.0,69.0,0.061,,0.0,0.0
Niger,2020-07-30,1132.0,51.0,1027.0,69.0,0.061,,0.0,0.0
Niger,2020-07-31,1134.0,51.0,1028.0,69.0,0.0608,,2.0,0.0
Niger,2020-08-01,1134.0,51.0,1028.0,69.0,0.0608,,0.0,0.0
Niger,2020-08-02,1136.0,51.0,1028.0,69.0,0.0607,,2.0,0.0
Niger,2020-08-03,1136.0,51.0,1028.0,69.0,0.0607,,0.0,0.0
Niger,2020-08-04,1147.0,51.0,1032.0,69.0,0.0602,,11.0,0.0
Niger,2020-08-05,1152.0,52.0,1032.0,69.0,0.0599,,5.0,0.0
Niger,2020-08-06,1152.0,52.0,1037.0,69.0,0.0599,,0.0,0.0
Niger,2020-08-07,1152.0,52.0,1057.0,69.0,0.0599,,0.0,0.0
Niger,2020-08-08,1153.0,52.0,1057.0,69.0,0.0598,,1.0,0.0
Niger,2020-08-09,1153.0,52.0,1057.0,69.0,0.0598,,0.0,0.0
Niger,2020-08-10,1158.0,52.0,1062.0,69.0,0.0596,,5.0,0.0
Niger,2020-08-11,1158.0,52.0,1062.0,69.0,0.0596,,0.0,0.0
Niger,2020-08-12,1158.0,52.0,1062.0,69.0,0.0596,,0.0,0.0
Niger,2020-08-13,1158.0,52.0,1062.0,69.0,0.0596,,0.0,0.0
Niger,2020-08-14,1158.0,52.0,1062.0,69.0,0.0596,,0.0,0.0
Niger,2020-08-15,1158.0,52.0,1062.0,69.0,0.0596,,0.0,0.0
Niger,2020-08-16,1158.0,52.0,1062.0,69.0,0.0596,,0.0,0.0
Niger,2020-08-17,1167.0,52.0,1078.0,69.0,0.0591,,9.0,0.0
Niger,2020-08-18,1167.0,52.0,1078.0,69.0,0.0591,,0.0,0.0
Niger,2020-08-19,1167.0,52.0,1078.0,69.0,0.0591,,0.0,0.0
Niger,2020-08-20,1167.0,52.0,1078.0,69.0,0.0591,,0.0,0.0
Niger,2020-08-22,1172.0,53.0,1083.0,69.0,0.0589,,5.0,0.0
Niger,2020-08-23,1172.0,53.0,1083.0,69.0,0.0589,,0.0,0.0
Niger,2020-08-24,1172.0,53.0,1083.0,69.0,0.0589,,0.0,0.0
Niger,2020-08-25,1172.0,53.0,1083.0,69.0,0.0589,,0.0,0.0
Niger,2020-08-26,1172.0,53.0,1083.0,69.0,0.0589,,0.0,0.0
Niger,2020-08-27,1172.0,53.0,1083.0,69.0,0.0589,,0.0,0.0
Niger,2020-08-28,1172.0,53.0,1083.0,69.0,0.0589,,0.0,0.0
Niger,2020-08-29,1175.0,53.0,1085.0,69.0,0.0587,,3.0,0.0
Niger,2020-08-30,1175.0,53.0,1085.0,69.0,0.0587,,0.0,0.0
Niger,2020-08-31,1175.0,53.0,1085.0,69.0,0.0587,,0.0,0.0
Niger,2020-09-01,1176.0,53.0,1088.0,69.0,0.0587,,1.0,0.0
Niger,2020-09-02,1176.0,53.0,1088.0,69.0,0.0587,,0.0,0.0
Niger,2020-09-03,1176.0,53.0,1088.0,69.0,0.0587,,0.0,0.0
Niger,2020-09-04,1176.0,53.0,1088.0,69.0,0.0587,,0.0,0.0
Niger,2020-09-05,1177.0,53.0,1091.0,69.0,0.0586,,1.0,0.0
Niger,2020-09-07,1177.0,53.0,1091.0,69.0,0.0586,,0.0,0.0
Niger,2020-09-08,1177.0,53.0,1091.0,69.0,0.0586,,0.0,0.0
Niger,2020-09-09,1177.0,53.0,1091.0,69.0,0.0586,,0.0,0.0
Niger,2020-09-10,1178.0,53.0,1099.0,69.0,0.0586,,1.0,0.0
Niger,2020-09-11,1178.0,53.0,1099.0,69.0,0.0586,,0.0,0.0
Niger,2020-09-12,1178.0,53.0,1099.0,69.0,0.0586,,0.0,0.0
Niger,2020-09-13,1178.0,53.0,1099.0,69.0,0.0586,,0.0,0.0
Niger,2020-09-14,1178.0,53.0,1099.0,69.0,0.0586,,0.0,0.0
Niger,2020-09-15,1180.0,53.0,1104.0,69.0,0.0585,,2.0,0.0
Niger,2020-09-16,1180.0,53.0,1104.0,69.0,0.0585,,0.0,0.0
Niger,2020-09-17,1180.0,53.0,1104.0,69.0,0.0585,,0.0,0.0
Niger,2020-09-18,1180.0,53.0,1104.0,69.0,0.0585,,0.0,0.0
Niger,2020-09-20,1180.0,53.0,1104.0,69.0,0.0585,,0.0,0.0
Niger,2020-09-21,1180.0,53.0,1104.0,69.0,0.0585,,0.0,0.0
Niger,2020-09-22,1180.0,53.0,1104.0,69.0,0.0585,,0.0,0.0
Niger,2020-09-23,1180.0,53.0,1104.0,69.0,0.0585,,0.0,0.0
Niger,2020-09-24,1189.0,0.0,,69.0,0.057999999999999996,53.0,9.0,0.0
Niger,2020-09-25,1189.0,0.0,,69.0,0.057999999999999996,53.0,0.0,0.0
Niger,2020-09-26,1194.0,0.0,,69.0,0.0578,54.0,5.0,0.0
Niger,2020-09-27,1194.0,0.0,,69.0,0.0578,54.0,0.0,0.0
Niger,2020-09-28,1194.0,0.0,,69.0,0.0578,54.0,0.0,0.0
Niger,2020-09-29,1194.0,0.0,,69.0,0.0578,54.0,0.0,0.0
Niger,2020-09-30,1194.0,0.0,,69.0,0.0578,54.0,0.0,0.0
Niger,2020-10-02,1196.0,0.0,,69.0,0.0577,54.0,2.0,0.0
Niger,2020-10-03,1197.0,0.0,,69.0,0.0576,54.0,1.0,0.0
Niger,2020-10-04,1198.0,0.0,,69.0,0.0576,54.0,1.0,0.0
Niger,2020-10-05,1200.0,0.0,,69.0,0.0575,54.0,2.0,0.0
Niger,2020-10-06,1200.0,0.0,,69.0,0.0575,54.0,0.0,0.0
Niger,2020-10-08,1200.0,0.0,,69.0,0.0575,54.0,0.0,0.0
Niger,2020-10-09,1200.0,0.0,,69.0,0.0575,54.0,0.0,0.0
Niger,2020-10-10,1201.0,0.0,,69.0,0.0575,54.0,1.0,0.0
Niger,2020-10-11,1201.0,0.0,,69.0,0.0575,54.0,0.0,0.0
Niger,2020-10-12,1201.0,0.0,,69.0,0.0575,54.0,0.0,0.0
Niger,2020-10-13,1201.0,0.0,,69.0,0.0575,54.0,0.0,0.0
Niger,2020-10-14,1202.0,0.0,,69.0,0.0574,54.0,1.0,0.0
Niger,2020-10-15,1203.0,0.0,,69.0,0.0574,54.0,1.0,0.0
