Location,Date,Confirmed,Case_Per_1M_people,Recovered,Deaths,Mortality,NewConfirmed,NewDeaths
North Macedonia,2020-03-31,285.0,137.21,12.0,7.0,0.024561404,0.0,0.0
North Macedonia,2020-04-01,329.0,158.39,12.0,9.0,0.02735562310030395,44.0,2.0
North Macedonia,2020-04-02,354.0,170.43,17.0,10.0,0.02824858757062147,25.0,1.0
North Macedonia,2020-04-03,384.0,184.87,17.0,11.0,0.028645833333333325,30.0,1.0
North Macedonia,2020-04-07,570.0,274.42,27.0,21.0,0.036842105263157884,186.0,10.0
North Macedonia,2020-04-10,663.0,319.19,37.0,30.0,0.045248868778280535,93.0,9.0
North Macedonia,2020-04-11,711.0,342.3,41.0,32.0,0.0450070323488045,48.0,2.0
North Macedonia,2020-04-12,760.0,365.89,41.0,34.0,0.044736842105263165,49.0,2.0
North Macedonia,2020-04-14,854.0,411.14,44.0,38.0,0.04449648711943794,94.0,4.0
North Macedonia,2020-04-17,1081.0,520.43,121.0,46.0,0.0425531914893617,227.0,8.0
North Macedonia,2020-04-18,1117.0,537.76,139.0,49.0,0.04386750223813786,36.0,3.0
North Macedonia,2020-04-20,1207.0,581.09,178.0,51.0,0.04225352112676056,90.0,2.0
North Macedonia,2020-04-22,1231.0,592.64,224.0,55.0,0.044679122664500415,24.0,4.0
North Macedonia,2020-04-23,1259.0,606.12,272.0,56.0,0.04447974583002383,28.0,1.0
North Macedonia,2020-04-24,1300.0,625.86,301.0,56.0,0.04307692307692308,41.0,0.0
North Macedonia,2020-04-25,1326.0,638.38,337.0,57.0,0.042986425339366516,26.0,1.0
North Macedonia,2020-04-26,1367.0,658.12,374.0,59.0,0.043160204828090715,41.0,2.0
North Macedonia,2020-04-27,1386.0,667.27,500.0,61.0,0.044011544011544015,19.0,2.0
North Macedonia,2020-04-28,1399.0,673.52,553.0,65.0,0.04646175839885633,13.0,4.0
North Macedonia,2020-04-29,1421.0,684.12,589.0,71.0,0.049964813511611535,22.0,6.0
North Macedonia,2020-04-30,1421.0,684.12,589.0,71.0,0.049964813511611535,0.0,0.0
North Macedonia,2020-05-01,1465.0,705.0,738.0,77.0,0.05255972696245734,44.0,6.0
North Macedonia,2020-05-02,1494.0,719.0,807.0,81.0,0.05421686746987952,29.0,4.0
North Macedonia,2020-05-03,1506.0,725.0,852.0,82.0,0.05444887118193891,12.0,1.0
North Macedonia,2020-05-04,1506.0,725.0,852.0,82.0,0.05444887118193891,0.0,0.0
North Macedonia,2020-05-05,1518.0,731.0,992.0,85.0,0.05599472990777338,12.0,3.0
North Macedonia,2020-05-06,1526.0,735.0,1013.0,86.0,0.0563564875491481,8.0,1.0
North Macedonia,2020-05-07,1539.0,741.0,1057.0,88.0,0.05717998700454841,13.0,2.0
North Macedonia,2020-05-08,1572.0,757.0,1079.0,89.0,0.056615776081424936,33.0,1.0
North Macedonia,2020-05-09,1586.0,764.0,1099.0,90.0,0.056746532156368226,14.0,1.0
North Macedonia,2020-05-10,1622.0,781.0,1112.0,91.0,0.0561035758323058,36.0,1.0
North Macedonia,2020-05-11,1642.0,791.0,1136.0,91.0,0.05542021924482338,20.0,0.0
North Macedonia,2020-05-12,1664.0,801.0,1200.0,91.0,0.0546875,22.0,0.0
North Macedonia,2020-05-13,1674.0,806.0,1205.0,92.0,0.054958183990442055,10.0,1.0
North Macedonia,2020-05-15,1723.0,830.0,1235.0,95.0,0.05513639001741149,49.0,3.0
North Macedonia,2020-05-16,1740.0,838.0,1251.0,97.0,0.05574712643678161,17.0,2.0
North Macedonia,2020-05-17,1762.0,848.0,1267.0,98.0,0.05561861520998865,22.0,1.0
North Macedonia,2020-05-18,1792.0,863.0,1293.0,101.0,0.05636160714285714,30.0,3.0
North Macedonia,2020-05-19,1817.0,875.0,1301.0,104.0,0.05723720418271878,25.0,3.0
North Macedonia,2020-05-20,1839.0,885.0,1351.0,106.0,0.05764002175095161,22.0,2.0
,2020-05-21,,,,,,,
North Macedonia,2020-05-22,1898.0,914.0,1378.0,111.0,0.05848261327713384,,
North Macedonia,2020-05-23,1921.0,925.0,1387.0,112.0,0.05830296720458095,23.0,1.0
North Macedonia,2020-05-24,1941.0,934.0,1411.0,113.0,0.05821741370427615,20.0,1.0
North Macedonia,2020-05-25,1978.0,952.0,1422.0,113.0,0.05712841253791709,37.0,0.0
North Macedonia,2020-05-26,1999.0,962.0,1439.0,113.0,0.056528264132066026,21.0,0.0
North Macedonia,2020-05-27,2014.0,970.0,1453.0,116.0,0.057596822244289976,15.0,3.0
North Macedonia,2020-05-28,2039.0,982.0,1470.0,119.0,0.05836194212849436,25.0,3.0
North Macedonia,2020-05-29,2077.0,1000.0,1486.0,121.0,0.05825710158883005,38.0,2.0
North Macedonia,2020-05-30,2129.0,1025.0,1516.0,126.0,0.059182714889619535,52.0,5.0
North Macedonia,2020-05-31,2164.0,1042.0,1535.0,131.0,0.06053604436229205,35.0,5.0
North Macedonia,2020-06-01,2226.0,1072.0,1552.0,133.0,0.059748427672955975,62.0,2.0
North Macedonia,2020-06-02,2315.0,1115.0,1569.0,140.0,0.06047516198704104,89.0,7.0
North Macedonia,2020-06-03,2391.0,1151.0,1595.0,141.0,0.059000000000000004,76.0,1.0
North Macedonia,2020-06-04,2492.0,1200.0,1605.0,145.0,0.0582,101.0,4.0
North Macedonia,2020-06-05,2611.0,1257.0,1621.0,147.0,0.0563,119.0,2.0
North Macedonia,2020-06-06,2790.0,1343.0,1632.0,149.0,0.0534,179.0,2.0
North Macedonia,2020-06-07,2915.0,1403.0,1640.0,151.0,0.0518,125.0,2.0
North Macedonia,2020-06-08,3025.0,1456.0,1646.0,153.0,0.0506,110.0,2.0
North Macedonia,2020-06-09,3152.0,1517.0,1653.0,156.0,0.0495,127.0,3.0
North Macedonia,2020-06-10,3239.0,1559.0,1658.0,157.0,0.0485,87.0,1.0
North Macedonia,2020-06-12,3538.0,1703.0,1682.0,169.0,0.0478,299.0,12.0
North Macedonia,2020-06-13,3701.0,1782.0,1694.0,171.0,0.0462,163.0,2.0
North Macedonia,2020-06-14,3895.0,1875.0,1705.0,179.0,0.046,194.0,8.0
North Macedonia,2020-06-15,4057.0,1953.0,1710.0,188.0,0.0463,162.0,9.0
North Macedonia,2020-06-16,4157.0,2001.0,1723.0,193.0,0.0464,100.0,5.0
North Macedonia,2020-06-17,4289.0,2065.0,1757.0,201.0,0.0469,132.0,8.0
North Macedonia,2020-06-18,4482.0,2158.0,1803.0,210.0,0.0469,193.0,9.0
North Macedonia,2020-06-19,4664.0,2245.0,1836.0,216.0,0.0463,182.0,6.0
North Macedonia,2020-06-20,4820.0,2321.0,1863.0,222.0,0.0461,156.0,6.0
North Macedonia,2020-06-21,5005.0,2410.0,1904.0,233.0,0.0466,185.0,11.0
North Macedonia,2020-06-22,5106.0,2458.0,19026.0,238.0,0.0466,101.0,5.0
North Macedonia,2020-06-23,5106.0,2458.0,1926.0,238.0,0.0466,0.0,0.0
North Macedonia,2020-06-24,5311.0,2557.0,2048.0,251.0,0.0473,205.0,13.0
North Macedonia,2020-06-25,5445.0,2621.0,2091.0,259.0,0.0476,134.0,8.0
North Macedonia,2020-06-26,5595.0,2694.0,2166.0,265.0,0.0474,150.0,6.0
North Macedonia,2020-06-27,5758.0,2772.0,2206.0,268.0,0.0465,163.0,3.0
North Macedonia,2020-06-28,5906.0,2843.0,2236.0,277.0,0.0469,148.0,9.0
North Macedonia,2020-06-29,6080.0,2927.0,2315.0,286.0,0.047,174.0,9.0
North Macedonia,2020-06-30,6209.0,2989.0,2427.0,298.0,0.048,129.0,12.0
North Macedonia,2020-07-01,6334.0,3049.0,2475.0,302.0,0.0477,125.0,4.0
North Macedonia,2020-07-02,6454.0,3107.0,2598.0,306.0,0.0474,120.0,4.0
North Macedonia,2020-07-03,6625.0,3189.0,2748.0,321.0,0.0485,171.0,15.0
North Macedonia,2020-07-04,6787.0,3267.0,2876.0,328.0,0.0483,162.0,7.0
North Macedonia,2020-07-05,6932.0,3337.0,2987.0,334.0,0.0482,145.0,6.0
North Macedonia,2020-07-06,7046.0,3392.0,3027.0,341.0,0.0484,114.0,7.0
North Macedonia,2020-07-07,7124.0,3430.0,3199.0,346.0,0.0486,78.0,5.0
North Macedonia,2020-07-09,7406.0,3565.0,3554.0,359.0,0.0485,282.0,13.0
North Macedonia,2020-07-10,7572.0,3645.0,3624.0,362.0,0.0478,166.0,3.0
North Macedonia,2020-07-11,7777.0,3744.0,3960.0,3628.0,0.4665,205.0,3266.0
North Macedonia,2020-07-12,7777.0,3744.0,3960.0,368.0,0.0473,0.0,0.0
North Macedonia,2020-07-13,7975.0,3839.0,4080.0,376.0,0.0471,198.0,8.0
North Macedonia,2020-07-14,8197.0,3946.0,4326.0,385.0,0.047,222.0,9.0
North Macedonia,2020-07-15,8332.0,4011.0,4468.0,389.0,0.0467,135.0,4.0
North Macedonia,2020-07-16,8332.0,4011.0,4468.0,389.0,0.0467,0.0,0.0
North Macedonia,2020-07-18,8623.0,4151.0,4603.0,401.0,0.0465,291.0,12.0
North Macedonia,2020-07-19,9026.0,4345.0,4727.0,414.0,0.0459,403.0,13.0
North Macedonia,2020-07-19,9026.0,4345.0,4727.0,414.0,0.0459,0.0,0.0
North Macedonia,2020-07-21,9249.0,4453.0,4871.0,432.0,0.0467,223.0,18.0
North Macedonia,2020-07-22,9412.0,4531.0,4940.0,432.0,0.0459,163.0,0.0
North Macedonia,2020-07-23,9547.0,4596.0,5071.0,442.0,0.0463,135.0,10.0
North Macedonia,2020-07-24,9547.0,4596.0,5071.0,442.0,0.0463,0.0,0.0
North Macedonia,2020-07-25,9797.0,4717.0,5254.0,451.0,0.046,250.0,9.0
North Macedonia,2020-07-26,9934.0,4783.0,5357.0,460.0,0.0463,137.0,9.0
North Macedonia,2020-07-27,10086.0,4856.0,5427.0,460.0,0.0456,152.0,0.0
North Macedonia,2020-07-28,10213.0,4917.0,5564.0,466.0,0.0456,127.0,6.0
North Macedonia,2020-07-29,10315.0,4966.0,5663.0,471.0,0.0457,102.0,5.0
North Macedonia,2020-07-30,10503.0,5056.0,5931.0,476.0,0.0453,188.0,5.0
North Macedonia,2020-07-31,10617.0,5111.0,6020.0,480.0,0.0452,114.0,4.0
North Macedonia,2020-08-01,10754.0,5177.0,6554.0,486.0,0.0452,137.0,6.0
North Macedonia,2020-08-02,10891.0,5243.0,6698.0,493.0,0.0453,137.0,7.0
North Macedonia,2020-08-03,11054.0,5322.0,6882.0,497.0,0.045,163.0,4.0
North Macedonia,2020-08-04,11128.0,5357.0,6972.0,500.0,0.0449,74.0,3.0
North Macedonia,2020-08-05,11128.0,5357.0,6972.0,500.0,0.0449,0.0,0.0
North Macedonia,2020-08-06,11289.0,5435.0,7221.0,511.0,0.0453,161.0,11.0
North Macedonia,2020-08-07,11399.0,5488.0,7480.0,517.0,0.0454,110.0,6.0
North Macedonia,2020-08-08,11554.0,5562.0,7607.0,519.0,0.0449,155.0,2.0
North Macedonia,2020-08-09,11754.0,5659.0,7622.0,523.0,0.0445,200.0,4.0
North Macedonia,2020-08-10,11839.0,5700.0,7664.0,527.0,0.0445,85.0,4.0
North Macedonia,2020-08-11,11942.0,5749.0,8087.0,528.0,0.0442,103.0,1.0
