Location,Date,Confirmed,Case_Per_1M_people,Recovered,Deaths,Mortality,Cases per 1 million people,NewCases,NewConfirmed,NewDeaths
Norway,2020-03-31,4445.0,834.13,0.0,32.0,0.0071991,,,0.0,0.0
Norway,2020-04-01,4644.0,871.48,0.0,39.0,0.008397932816537468,,,199.0,7.0
Norway,2020-04-02,4877.0,915.2,0.0,44.0,0.009021939717039164,,,233.0,5.0
Norway,2020-04-03,5142.0,964.93,0.0,50.0,0.00972384286269934,,,265.0,6.0
Norway,2020-04-07,5768.0,1074.6,0.0,76.0,0.013176144244105409,,,626.0,26.0
Norway,2020-04-10,6219.0,1158.62,0.0,108.0,0.017366136034732273,,,451.0,32.0
Norway,2020-04-11,6359.0,1184.71,0.0,113.0,0.017770089636735337,,,140.0,5.0
Norway,2020-04-12,6408.0,1193.83,0.0,117.0,0.01825842696629213,,,49.0,4.0
Norway,2020-04-14,6603.0,1230.16,0.0,134.0,0.020293805845827653,,,195.0,17.0
Norway,2020-04-17,6896.0,1284.75,0.0,152.0,0.022041763341067284,,,293.0,18.0
Norway,2020-04-18,6992.0,1302.64,0.0,161.0,0.023026315789473683,,,96.0,9.0
Norway,2020-04-20,7078.0,1318.66,0.0,165.0,0.02331166996326646,,,86.0,4.0
Norway,2020-04-22,7191.0,1339.71,0.0,182.0,0.025309414545960227,,,113.0,17.0
Norway,2020-04-23,7338.0,1367.1,0.0,187.0,0.025483783047151813,,,147.0,5.0
Norway,2020-04-24,7401.0,1378.83,0.0,194.0,0.026212673962977974,,,63.0,7.0
Norway,2020-04-25,7463.0,1390.38,0.0,199.0,0.02666488007503685,,,62.0,5.0
Norway,2020-04-26,7499.0,1397.09,0.0,201.0,0.026803573809841316,,,36.0,2.0
Norway,2020-04-27,7527.0,1402.31,0.0,201.0,0.026703866082104424,,,28.0,0.0
Norway,2020-04-28,7599.0,1415.72,0.0,205.0,0.02697723384655876,,,72.0,4.0
Norway,2020-04-29,7660.0,1427.09,0.0,206.0,0.02689295039164491,,,61.0,1.0
Norway,2020-04-30,7660.0,1427.09,0.0,206.0,0.02689295039164491,,,0.0,0.0
Norway,2020-05-01,7759.0,1446.0,0.0,210.0,0.02706534347209692,,,99.0,4.0
Norway,2020-05-02,7783.0,1450.0,0.0,210.0,0.026981883592445074,,,24.0,0.0
Norway,2020-05-03,7809.0,1455.0,0.0,211.0,0.02702010500704316,,,26.0,1.0
Norway,2020-05-04,7809.0,1455.0,0.0,211.0,0.02702010500704316,,,0.0,0.0
Norway,2020-05-05,7904.0,1473.0,0.0,214.0,0.0270748987854251,,,95.0,3.0
Norway,2020-05-06,7955.0,1482.0,7114.0,215.0,0.027027027027027032,,,51.0,1.0
Norway,2020-05-07,7996.0,1490.0,7114.0,216.0,0.027013506753376687,,,41.0,1.0
Norway,2020-05-08,8015.0,1493.0,7114.0,217.0,0.027074235807860263,,,19.0,1.0
Norway,2020-05-09,8069.0,1503.0,7114.0,218.0,0.027016978559920683,,,54.0,1.0
Norway,2020-05-10,8099.0,1509.0,7114.0,219.0,0.027040375354982098,,,30.0,1.0
Norway,2020-05-11,8105.0,1510.0,7114.0,219.0,0.0270203578038248,,,6.0,0.0
Norway,2020-05-12,8132.0,1515.0,7114.0,224.0,0.027545499262174127,,,27.0,5.0
Norway,2020-05-13,8157.0,1520.0,7114.0,228.0,0.02795145273997793,,,25.0,4.0
Norway,2020-05-15,8196.0,1527.0,7114.0,232.0,0.02830649097120547,,,39.0,4.0
Norway,2020-05-16,8219.0,1531.0,7114.0,232.0,0.02822727825769558,,,23.0,0.0
Norway,2020-05-17,8226.0,1533.0,7114.0,232.0,0.028203257962557744,,,7.0,0.0
Norway,2020-05-18,8249.0,1537.0,7114.0,232.0,0.02812462116620196,,,23.0,0.0
Norway,2020-05-19,8259.0,1539.0,7114.0,233.0,0.02821164789926141,,,10.0,1.0
Norway,2020-05-20,8267.0,1540.0,7999.0,233.0,0.028184347405346564,,,8.0,0.0
,2020-05-21,,,,,,,,,
Norway,2020-05-22,8301.0,1547.0,7999.0,234.0,0.0281893747741236,,,,
Norway,2020-05-23,8332.0,1552.0,7999.0,235.0,0.028204512722035526,,,31.0,1.0
Norway,2020-05-24,8346.0,1555.0,7999.0,235.0,0.02815720105439732,,,14.0,0.0
Norway,2020-05-25,8352.0,1556.0,7999.0,235.0,0.02813697318007663,,,6.0,0.0
Norway,2020-05-26,8364.0,1558.0,7727.0,235.0,0.028096604495456718,,,12.0,0.0
Norway,2020-05-27,8383.0,1562.0,7727.0,236.0,0.028152212811642614,,,19.0,1.0
Norway,2020-05-28,8401.0,1565.0,7727.0,236.0,0.028091893822164028,,,18.0,0.0
Norway,2020-05-29,8411.0,1567.0,7727.0,236.0,0.028058494828201164,,,10.0,0.0
Norway,2020-05-30,8425.0,1570.0,7727.0,236.0,0.02801186943620178,,,14.0,0.0
Norway,2020-05-31,8437.0,1572.0,7727.0,236.0,0.02797202797202797,,,12.0,0.0
Norway,2020-06-01,8440.0,1572.0,7727.0,236.0,0.027962085308056876,,,3.0,0.0
Norway,2020-06-02,8446.0,1574.0,7727.0,236.0,0.027942221169784516,,,6.0,0.0
Norway,2020-06-03,8455.0,1575.0,7727.0,237.0,0.027999999999999997,,,9.0,1.0
Norway,2020-06-04,8477.0,1579.0,7727.0,237.0,0.027999999999999997,,,22.0,0.0
Norway,2020-06-05,8504.0,1584.0,78138.0,238.0,0.027999999999999997,,,27.0,1.0
Norway,2020-06-06,8522.0,1588.0,8138.0,238.0,0.0279,,,18.0,0.0
Norway,2020-06-07,8542.0,1591.0,8138.0,238.0,0.0279,,,20.0,0.0
Norway,2020-06-08,8547.0,1592.0,8138.0,238.0,0.0278,,,5.0,0.0
Norway,2020-06-09,8563.0,1595.0,8138.0,239.0,0.0279,,,16.0,1.0
Norway,2020-06-10,8576.0,1598.0,8138.0,239.0,0.0279,,,13.0,0.0
Norway,2020-06-12,8600.0,1602.0,8138.0,242.0,0.0281,,,24.0,3.0
Norway,2020-06-13,8620.0,1606.0,8138.0,242.0,0.0281,,,20.0,0.0
Norway,2020-06-14,8628.0,1607.0,8138.0,242.0,0.027999999999999997,,,8.0,0.0
Norway,2020-06-15,8628.0,1607.0,8138.0,242.0,0.027999999999999997,,,0.0,0.0
Norway,2020-06-16,8639.0,1609.0,8138.0,242.0,0.027999999999999997,,,11.0,0.0
Norway,2020-06-17,8660.0,1613.0,8138.0,242.0,0.0279,,,21.0,0.0
Norway,2020-06-18,8692.0,1619.0,8138.0,243.0,0.027999999999999997,,,32.0,1.0
Norway,2020-06-19,8708.0,1622.0,8138.0,244.0,0.027999999999999997,,,16.0,1.0
Norway,2020-06-20,8726.0,1626.0,8138.0,244.0,0.027999999999999997,,,18.0,0.0
Norway,2020-06-21,8733.0,1627.0,8138.0,244.0,0.0279,,,7.0,0.0
Norway,2020-06-22,8743.0,1629.0,8138.0,244.0,0.0279,,,10.0,0.0
Norway,2020-06-23,8745.0,1629.0,8138.0,248.0,0.0284,,,2.0,4.0
Norway,2020-06-24,8777.0,1635.0,8138.0,248.0,0.0283,,,32.0,0.0
Norway,2020-06-25,8788.0,1637.0,8138.0,249.0,0.0283,,,11.0,1.0
Norway,2020-06-26,8788.0,1637.0,8138.0,249.0,0.0283,,,0.0,0.0
Norway,2020-06-27,8832.0,1645.0,8138.0,249.0,0.0282,,,44.0,0.0
Norway,2020-06-28,8832.0,1645.0,8138.0,249.0,0.0282,,,0.0,0.0
Norway,2020-06-29,8855.0,1650.0,8138.0,249.0,0.0281,,,23.0,0.0
Norway,2020-06-30,8866.0,1652.0,8138.0,249.0,0.0281,,,11.0,0.0
Norway,2020-07-01,8887.0,1656.0,8138.0,250.0,0.0281,,,21.0,1.0
Norway,2020-07-02,8896.0,1657.0,8138.0,250.0,0.0281,,,9.0,0.0
Norway,2020-07-03,8896.0,1657.0,8138.0,250.0,0.0281,,,0.0,0.0
Norway,2020-07-04,8921.0,1662.0,8138.0,251.0,0.0281,,,25.0,1.0
Norway,2020-07-05,8927.0,1663.0,8138.0,251.0,0.0281,,,6.0,0.0
Norway,2020-07-06,8930.0,1664.0,8138.0,251.0,0.0281,,,3.0,0.0
Norway,2020-07-07,8936.0,1665.0,8138.0,251.0,0.0281,,,6.0,0.0
Norway,2020-07-09,8950.0,1667.0,8138.0,251.0,0.027999999999999997,,,14.0,0.0
Norway,2020-07-10,8954.0,1668.0,8138.0,251.0,0.027999999999999997,,,4.0,0.0
Norway,2020-07-11,8974.0,1672.0,8138.0,252.0,0.0281,,,20.0,1.0
Norway,2020-07-12,8974.0,1672.0,8138.0,252.0,0.0281,,,0.0,0.0
Norway,2020-07-14,8984.0,1674.0,8138.0,253.0,0.0282,,,10.0,1.0
Norway,2020-07-15,8984.0,1674.0,8138.0,253.0,0.0282,,,0.0,0.0
Norway,2020-07-16,8984.0,1674.0,8138.0,253.0,0.0282,,,0.0,0.0
Norway,2020-07-18,9015.0,1680.0,8138.0,254.0,0.0282,,,31.0,1.0
Norway,2020-07-19,9028.0,1682.0,8138.0,255.0,0.0282,,,13.0,1.0
Norway,2020-07-19,9028.0,1682.0,8138.0,255.0,0.0282,,,0.0,0.0
Norway,2020-07-21,9028.0,1682.0,8138.0,255.0,0.0282,,,0.0,0.0
Norway,2020-07-22,9053.0,1687.0,8674.0,255.0,0.0282,,,25.0,0.0
Norway,2020-07-23,9059.0,1688.0,8138.0,255.0,0.0281,,,6.0,0.0
Norway,2020-07-24,9062.0,1688.0,8674.0,255.0,0.0281,,,3.0,0.0
Norway,2020-07-25,9092.0,1694.0,8674.0,255.0,0.027999999999999997,,,30.0,0.0
Norway,2020-07-26,9111.0,1697.0,8674.0,255.0,0.027999999999999997,,,19.0,0.0
Norway,2020-07-27,9117.0,1699.0,8674.0,255.0,0.027999999999999997,,,6.0,0.0
Norway,2020-07-28,9132.0,1701.0,8674.0,255.0,0.0279,,,15.0,0.0
Norway,2020-07-29,9150.0,1705.0,8674.0,255.0,0.0279,,,18.0,0.0
Norway,2020-07-30,9158.0,1706.0,8752.0,255.0,0.0278,,,8.0,0.0
Norway,2020-07-31,9185.0,1711.0,8752.0,255.0,0.0278,,,27.0,0.0
Norway,2020-08-01,9240.0,1721.0,8752.0,255.0,0.0276,,,55.0,0.0
Norway,2020-08-02,9253.0,1724.0,8752.0,255.0,0.0276,,,13.0,0.0
Norway,2020-08-03,9263.0,1726.0,8752.0,255.0,0.0275,,,10.0,0.0
Norway,2020-08-04,9312.0,1735.0,8752.0,256.0,0.0275,,,49.0,1.0
Norway,2020-08-05,9348.0,1742.0,8752.0,256.0,0.0274,,,36.0,0.0
Norway,2020-08-06,9388.0,1749.0,8752.0,256.0,0.0273,,,40.0,0.0
Norway,2020-08-07,9444.0,1759.0,8857.0,256.0,0.0271,,,56.0,0.0
Norway,2020-08-08,9503.0,1770.0,8857.0,256.0,0.0269,,,59.0,0.0
Norway,2020-08-09,9599.0,1788.0,8857.0,256.0,0.0267,,,96.0,0.0
Norway,2020-08-10,9638.0,1796.0,8857.0,256.0,0.0266,,,39.0,0.0
Norway,2020-08-11,9684.0,1804.0,8857.0,256.0,0.0264,,,46.0,0.0
Norway,2020-08-12,9751.0,1817.0,8857.0,256.0,0.0263,,,67.0,0.0
Norway,2020-08-13,9783.0,1823.0,8857.0,256.0,0.0262,,,32.0,0.0
Norway,2020-08-14,9851.0,1835.0,8857.0,257.0,0.0261,,,68.0,1.0
Norway,2020-08-15,9908.0,1846.0,8857.0,261.0,0.0263,,,57.0,4.0
Norway,2020-08-16,9965.0,1857.0,8857.0,261.0,0.0262,,,57.0,0.0
Norway,2020-08-17,10005.0,1864.0,8857.0,261.0,0.0261,,,40.0,0.0
Norway,2020-08-18,10060.0,1874.0,8857.0,261.0,0.0259,,,55.0,0.0
Norway,2020-08-19,10111.0,1884.0,8857.0,262.0,0.0259,,,51.0,1.0
Norway,2020-08-20,10162.0,1893.0,8857.0,262.0,0.0258,,,51.0,0.0
Norway,2020-08-22,10275.0,1914.0,9150.0,264.0,0.0257,,,113.0,2.0
Norway,2020-08-23,10291.0,1917.0,9150.0,264.0,0.0257,,,16.0,0.0
Norway,2020-08-24,10323.0,1923.0,9150.0,264.0,0.0256,,,32.0,0.0
Norway,2020-08-25,10374.0,1933.0,9150.0,264.0,0.0254,,,51.0,0.0
Norway,2020-08-26,10454.0,1948.0,9150.0,264.0,0.0253,,,80.0,0.0
Norway,2020-08-27,10504.0,1957.0,9150.0,264.0,0.0251,,,50.0,0.0
Norway,2020-08-28,10542.0,1964.0,9348.0,264.0,0.025,,,38.0,0.0
Norway,2020-08-29,10582.0,1971.0,9150.0,264.0,0.0249,,,40.0,0.0
Norway,2020-08-30,10611.0,1977.0,9348.0,264.0,0.0249,,,29.0,0.0
Norway,2020-08-31,10631.0,1981.0,9348.0,264.0,0.0248,,,20.0,0.0
Norway,2020-09-01,10746.0,2002.0,9348.0,264.0,0.0246,,,115.0,0.0
Norway,2020-09-02,10746.0,2002.0,9348.0,264.0,0.0246,,,0.0,0.0
Norway,2020-09-03,11034.0,2056.0,9150.0,264.0,0.0239,,,288.0,0.0
Norway,2020-09-04,11120.0,2072.0,9348.0,264.0,0.0237,,,86.0,0.0
Norway,2020-09-05,11160.0,2079.0,9348.0,264.0,0.0237,,,40.0,0.0
Norway,2020-09-07,11330.0,2111.0,9348.0,264.0,0.0233,,,170.0,0.0
Norway,2020-09-08,11462.0,2135.0,9348.0,264.0,0.023,,,132.0,0.0
Norway,2020-09-09,11521.0,2146.0,9348.0,264.0,0.0229,,,59.0,0.0
Norway,2020-09-10,11623.0,2165.0,9348.0,264.0,0.0227,,,102.0,0.0
Norway,2020-09-11,11801.0,2199.0,9348.0,265.0,0.0225,,,178.0,1.0
Norway,2020-09-12,11867.0,2211.0,9348.0,265.0,0.0223,,,66.0,0.0
Norway,2020-09-13,12050.0,2245.0,9348.0,265.0,0.022000000000000002,,,183.0,0.0
Norway,2020-09-14,12123.0,2259.0,10371.0,265.0,0.0219,,,73.0,0.0
Norway,2020-09-15,12154.0,2264.0,9348.0,265.0,0.0218,,,31.0,0.0
Norway,2020-09-16,12276.0,2287.0,9348.0,265.0,0.0216,,,122.0,0.0
Norway,2020-09-17,12393.0,2309.0,9348.0,265.0,0.0214,,,117.0,0.0
Norway,2020-09-18,12499.0,2329.0,9348.0,266.0,0.0213,,,106.0,1.0
Norway,2020-09-20,12769.0,2379.0,9348.0,267.0,0.0209,,,270.0,1.0
Norway,2020-09-21,12858.0,2395.0,10371.0,267.0,0.0208,,,89.0,0.0
Norway,2020-09-22,13005.0,2423.0,9348.0,267.0,0.0205,,,147.0,0.0
Norway,2020-09-23,13005.0,2423.0,9348.0,267.0,0.0205,,,0.0,0.0
Norway,2020-09-24,13210.0,0.0,,267.0,0.0202,2461.0,,205.0,0.0
Norway,2020-09-25,13210.0,0.0,,267.0,0.0202,2461.0,,0.0,0.0
Norway,2020-09-26,13478.0,0.0,,270.0,0.02,2511.0,,268.0,3.0
Norway,2020-09-27,13545.0,0.0,,270.0,0.0199,2523.0,,67.0,0.0
Norway,2020-09-28,13660.0,0.0,,270.0,0.0198,2545.0,,115.0,0.0
Norway,2020-09-29,13660.0,0.0,,270.0,0.0198,2545.0,,0.0,0.0
Norway,2020-09-30,13660.0,0.0,,270.0,0.0198,2545.0,,0.0,0.0
Norway,2020-10-02,14027.0,0.0,,274.0,0.0195,2613.0,,367.0,4.0
Norway,2020-10-03,14149.0,0.0,,274.0,0.0194,2636.0,,122.0,0.0
Norway,2020-10-04,14284.0,0.0,,275.0,0.0193,2661.0,,135.0,1.0
Norway,2020-10-05,14362.0,0.0,,275.0,0.0191,2676.0,,78.0,0.0
Norway,2020-10-06,14457.0,0.0,,275.0,0.019,2693.0,,95.0,0.0
Norway,2020-10-08,14784.0,0.0,,275.0,0.0186,2754.0,,327.0,0.0
Norway,2020-10-09,15013.0,0.0,,275.0,0.0183,2797.0,,229.0,0.0
Norway,2020-10-10,15221.0,0.0,,275.0,0.0181,2836.0,,208.0,0.0
Norway,2020-10-11,15388.0,0.0,,275.0,0.0179,2867.0,,167.0,0.0
Norway,2020-10-12,15466.0,0.0,,275.0,0.0178,2881.0,,78.0,0.0
Norway,2020-10-13,15524.0,0.0,,275.0,0.0177,2892.0,,58.0,0.0
Norway,2020-10-14,15639.0,0.0,,276.0,0.0176,2914.0,,115.0,1.0
Norway,2020-10-15,15793.0,0.0,,277.0,0.0175,2942.0,,154.0,1.0
Norway,2020-10-18,16272.0,0.0,,278.0,0.0171,3032.0,,479.0,1.0
Norway,2020-10-19,16369.0,0.0,,278.0,0.017,3050.0,,97.0,0.0
Norway,2020-10-20,16457.0,0.0,,278.0,0.0169,3066.0,,88.0,0.0
Norway,2020-10-22,16772.0,0.0,,278.0,0.0166,3125.0,,315.0,0.0
Norway,2020-10-23,16964.0,0.0,,279.0,0.0164,3160.0,,192.0,1.0
Norway,2020-10-24,17234.0,0.0,,279.0,0.0162,3211.0,,270.0,0.0
Norway,2020-10-25,17532.0,0.0,,279.0,0.0159,3266.0,,298.0,0.0
Norway,2020-10-26,17749.0,0.0,,279.0,0.0157,3307.0,,217.0,0.0
Norway,2020-10-27,17909.0,0.0,,279.0,0.0156,3337.0,,160.0,0.0
Norway,2020-10-28,18666.0,3478.0,,280.0,0.015,,324.0,757.0,1.0
Norway,2020-10-29,18666.0,3478.0,,280.0,0.015,,324.0,0.0,0.0
Norway,2020-10-30,19069.0,3553.0,,280.0,0.0147,,403.0,403.0,0.0
Norway,2020-10-31,19564.0,3645.0,,281.0,0.0144,,495.0,495.0,1.0
Norway,2020-11-01,20062.0,3738.0,,282.0,0.0141,,498.0,498.0,1.0
Norway,2020-11-02,20331.0,3788.0,,282.0,0.0139,,269.0,269.0,0.0
Norway,2020-11-03,20635.0,3844.0,,282.0,0.0137,,304.0,304.0,0.0
Norway,2020-11-04,21339.0,3976.0,,282.0,0.0132,,704.0,704.0,0.0
Norway,2020-11-05,21956.0,4090.0,,282.0,0.0128,,617.0,617.0,0.0
Norway,2020-11-06,22578.0,4206.0,,282.0,0.0125,,622.0,622.0,0.0
