Location,Date,Confirmed,Case_Per_1M_people,Recovered,Deaths,Mortality,Cases per 1 million people,NewCases,NewConfirmed,NewDeaths
Oman,2020-03-31,179.0,42.53,29.0,0.0,0.0,,,0.0,0.0
Oman,2020-04-01,210.0,49.89,34.0,0.0,0.0,,,31.0,0.0
Oman,2020-04-02,210.0,49.89,34.0,1.0,0.0047619047619047615,,,0.0,1.0
Oman,2020-04-03,231.0,54.88,57.0,1.0,0.004329004329004329,,,21.0,0.0
Oman,2020-04-07,331.0,70.96,61.0,2.0,0.006042296072507553,,,100.0,1.0
Oman,2020-04-10,457.0,97.97,109.0,2.0,0.00437636761487965,,,126.0,0.0
Oman,2020-04-11,484.0,103.76,109.0,3.0,0.006198347107438018,,,27.0,1.0
Oman,2020-04-12,546.0,117.05,109.0,3.0,0.005494505494505495,,,62.0,0.0
Oman,2020-04-14,727.0,155.85,124.0,4.0,0.005502063273727648,,,181.0,1.0
Oman,2020-04-17,1019.0,218.44,176.0,4.0,0.003925417075564278,,,292.0,0.0
Oman,2020-04-18,1180.0,252.96,176.0,6.0,0.005084745762711864,,,161.0,2.0
Oman,2020-04-20,1266.0,271.39,233.0,6.0,0.0047393364928909965,,,86.0,0.0
Oman,2020-04-22,1508.0,323.27,238.0,8.0,0.005305039787798408,,,242.0,2.0
Oman,2020-04-23,1614.0,346.0,238.0,8.0,0.004956629491945477,,,106.0,0.0
Oman,2020-04-24,1790.0,383.73,325.0,9.0,0.005027932960893855,,,176.0,1.0
Oman,2020-04-25,1790.0,383.73,325.0,10.0,0.00558659217877095,,,0.0,1.0
Oman,2020-04-26,1905.0,408.38,329.0,10.0,0.005249343832020997,,,115.0,0.0
Oman,2020-04-27,1998.0,428.32,333.0,10.0,0.005005005005005005,,,93.0,0.0
Oman,2020-04-28,2049.0,439.25,364.0,10.0,0.004880429477794046,,,51.0,0.0
Oman,2020-04-29,2131.0,456.83,364.0,10.0,0.004692632566870014,,,82.0,0.0
Oman,2020-04-30,2131.0,456.83,364.0,10.0,0.004692632566870014,,,0.0,0.0
Oman,2020-05-01,2348.0,503.0,495.0,11.0,0.0046848381601362855,,,217.0,1.0
Oman,2020-05-02,2447.0,525.0,495.0,11.0,0.004495300367797303,,,99.0,0.0
Oman,2020-05-03,2483.0,532.0,750.0,12.0,0.004832863471606928,,,36.0,1.0
Oman,2020-05-04,2483.0,532.0,750.0,12.0,0.004832863471606928,,,0.0,0.0
Oman,2020-05-05,2637.0,565.0,816.0,12.0,0.004550625711035267,,,154.0,0.0
Oman,2020-05-06,2735.0,586.0,858.0,13.0,0.004753199268738574,,,98.0,1.0
Oman,2020-05-07,2903.0,622.0,888.0,13.0,0.0044781260764726145,,,168.0,0.0
Oman,2020-05-08,2958.0,634.0,960.0,15.0,0.005070993914807302,,,55.0,2.0
Oman,2020-05-09,3112.0,667.0,1025.0,16.0,0.005141388174807198,,,154.0,1.0
Oman,2020-05-10,3399.0,729.0,1117.0,17.0,0.005001471020888497,,,287.0,1.0
Oman,2020-05-11,3399.0,729.0,1117.0,17.0,0.005001471020888497,,,0.0,0.0
Oman,2020-05-12,3573.0,766.0,1211.0,17.0,0.004757906521130702,,,174.0,0.0
Oman,2020-05-13,4019.0,862.0,1289.0,17.0,0.004229907937297836,,,446.0,0.0
Oman,2020-05-15,4341.0,931.0,1303.0,17.0,0.003916148352914075,,,322.0,0.0
Oman,2020-05-16,4625.0,991.0,1350.0,19.0,0.004108108108108109,,,284.0,2.0
Oman,2020-05-17,5029.0,1078.0,1436.0,21.0,0.004175780473255121,,,404.0,2.0
Oman,2020-05-18,5186.0,1112.0,1465.0,22.0,0.0042421905129193995,,,157.0,1.0
Oman,2020-05-19,5379.0,1153.0,1496.0,25.0,0.004647704034207102,,,193.0,3.0
Oman,2020-05-20,5671.0,1216.0,1574.0,26.0,0.0045847293246341035,,,292.0,1.0
,2020-05-21,,,,,,,,,
Oman,2020-05-22,6370.0,1366.0,1821.0,30.0,0.0047095761381475655,,,,
Oman,2020-05-23,6794.0,1456.0,1821.0,34.0,0.0050044156608772435,,,424.0,4.0
Oman,2020-05-24,7257.0,1556.0,1848.0,34.0,0.004685131597078683,,,463.0,0.0
Oman,2020-05-25,7770.0,1666.0,1933.0,36.0,0.004633204633204633,,,513.0,2.0
Oman,2020-05-26,7770.0,1666.0,1933.0,36.0,0.004633204633204633,,,0.0,0.0
Oman,2020-05-27,8118.0,1740.0,2067.0,37.0,0.004557772850455778,,,348.0,1.0
Oman,2020-05-28,8373.0,1795.0,2177.0,38.0,0.0045383972291890605,,,255.0,1.0
Oman,2020-05-29,9009.0,1931.0,2177.0,40.0,0.00444000444000444,,,636.0,2.0
Oman,2020-05-30,9820.0,2105.0,2396.0,40.0,0.004073319755600814,,,811.0,0.0
Oman,2020-05-31,10423.0,2234.0,2396.0,42.0,0.0040295500335795825,,,603.0,2.0
Oman,2020-06-01,11437.0,2452.0,2400.0,46.0,0.004022033750109295,,,1014.0,4.0
Oman,2020-06-02,12223.0,2620.0,2682.0,50.0,0.004090648776896016,,,786.0,4.0
Oman,2020-06-03,12799.0,2744.0,2812.0,59.0,0.0046,,,576.0,9.0
Oman,2020-06-04,13538.0,2902.0,2845.0,67.0,0.0049,,,739.0,8.0
Oman,2020-06-05,14316.0,3069.0,3451.0,67.0,0.0047,,,778.0,0.0
Oman,2020-06-06,15086.0,3234.0,3451.0,72.0,0.0048,,,770.0,5.0
Oman,2020-06-07,16016.0,3433.0,3451.0,72.0,0.0045,,,930.0,0.0
Oman,2020-06-08,16882.0,3619.0,3451.0,75.0,0.0044,,,866.0,3.0
Oman,2020-06-09,17486.0,3749.0,3793.0,81.0,0.0046,,,604.0,6.0
Oman,2020-06-10,18198.0,3901.0,4152.0,83.0,0.0046,,,712.0,2.0
Oman,2020-06-12,19954.0,4278.0,6623.0,89.0,0.0045,,,1756.0,6.0
Oman,2020-06-13,21071.0,4517.0,7489.0,96.0,0.0046,,,1117.0,7.0
Oman,2020-06-14,22077.0,4733.0,7530.0,99.0,0.0045,,,1006.0,3.0
Oman,2020-06-15,23481.0,5034.0,8454.0,104.0,0.0044,,,1404.0,5.0
Oman,2020-06-16,24524.0,5257.0,9533.0,108.0,0.0044,,,1043.0,4.0
Oman,2020-06-17,25269.0,5417.0,11089.0,114.0,0.0045,,,745.0,6.0
Oman,2020-06-18,26818.0,5749.0,13264.0,119.0,0.0044,,,1549.0,5.0
Oman,2020-06-19,26818.0,5749.0,13264.0,119.0,0.0044,,,0.0,0.0
Oman,2020-06-20,27670.0,5932.0,13974.0,125.0,0.0045,,,852.0,6.0
Oman,2020-06-21,28566.0,6124.0,13658.0,128.0,0.0045,,,896.0,3.0
Oman,2020-06-22,29471.0,6318.0,15552.0,131.0,0.0044,,,905.0,3.0
Oman,2020-06-23,31076.0,6662.0,16408.0,137.0,0.0044,,,1605.0,6.0
Oman,2020-06-24,32394.0,6944.0,17279.0,140.0,0.0043,,,1318.0,3.0
Oman,2020-06-25,33536.0,7189.0,17972.0,142.0,0.0042,,,1142.0,2.0
Oman,2020-06-26,34902.0,7482.0,18520.0,144.0,0.0041,,,1366.0,2.0
Oman,2020-06-27,36034.0,7725.0,19482.0,153.0,0.0042,,,1132.0,9.0
Oman,2020-06-28,36953.0,7922.0,20363.0,159.0,0.0043,,,919.0,6.0
Oman,2020-06-29,38150.0,8178.0,21200.0,163.0,0.0043,,,1197.0,4.0
Oman,2020-06-30,39060.0,8373.0,22422.0,169.0,0.0043,,,910.0,6.0
Oman,2020-07-01,40070.0,8590.0,23425.0,176.0,0.0044,,,1010.0,7.0
Oman,2020-07-02,41194.0,8831.0,24162.0,185.0,0.0045,,,1124.0,9.0
Oman,2020-07-03,42555.0,9123.0,25318.0,188.0,0.0044,,,1361.0,3.0
Oman,2020-07-04,43929.0,9417.0,26169.0,193.0,0.0044,,,1374.0,5.0
Oman,2020-07-05,45106.0,9669.0,26968.0,203.0,0.0045,,,1177.0,10.0
Oman,2020-07-06,46178.0,9899.0,27917.0,213.0,0.0046,,,1072.0,10.0
Oman,2020-07-07,47735.0,10233.0,29146.0,218.0,0.0046,,,1557.0,5.0
Oman,2020-07-09,50207.0,10763.0,32005.0,233.0,0.0046,,,2472.0,15.0
Oman,2020-07-10,50207.0,10763.0,32005.0,233.0,0.0046,,,0.0,0.0
Oman,2020-07-11,53614.0,11493.0,34225.0,244.0,0.0046,,,3407.0,11.0
Oman,2020-07-12,53614.0,11493.0,34225.0,244.0,0.0046,,,0.0,0.0
Oman,2020-07-14,58179.0,12472.0,37257.0,259.0,0.0045,,,4565.0,15.0
Oman,2020-07-15,59568.0,12770.0,37987.0,273.0,0.0046,,,1389.0,14.0
Oman,2020-07-16,59568.0,12770.0,37987.0,273.0,0.0046,,,0.0,0.0
Oman,2020-07-18,64193.0,13761.0,41450.0,298.0,0.0046,,,4625.0,25.0
Oman,2020-07-19,65504.0,14042.0,42772.0,308.0,0.0047,,,1311.0,10.0
Oman,2020-07-19,65504.0,14042.0,42772.0,308.0,0.0047,,,0.0,0.0
Oman,2020-07-21,68400.0,14663.0,445150.0,326.0,0.0048,,,2896.0,18.0
Oman,2020-07-22,68400.0,14663.0,445150.0,326.0,0.0048,,,0.0,0.0
Oman,2020-07-23,68400.0,14663.0,445150.0,326.0,0.0048,,,0.0,0.0
Oman,2020-07-24,68400.0,14663.0,445150.0,326.0,0.0048,,,0.0,0.0
Oman,2020-07-25,73791.0,15819.0,53007.0,359.0,0.0049,,,5391.0,33.0
Oman,2020-07-26,74858.0,16047.0,54061.0,371.0,0.005,,,1067.0,12.0
Oman,2020-07-27,76005.0,16293.0,55299.0,384.0,0.0051,,,1147.0,13.0
Oman,2020-07-28,77058.0,16519.0,57028.0,393.0,0.0051,,,1053.0,9.0
Oman,2020-07-29,77904.0,16700.0,58587.0,402.0,0.0052,,,846.0,9.0
Oman,2020-07-30,78569.0,16843.0,60240.0,412.0,0.0052,,,665.0,10.0
Oman,2020-07-31,79159.0,16969.0,61421.0,422.0,0.0053,,,590.0,10.0
Oman,2020-08-01,79159.0,16969.0,61421.0,422.0,0.0053,,,0.0,0.0
Oman,2020-08-02,79159.0,16969.0,61421.0,422.0,0.0053,,,0.0,0.0
Oman,2020-08-03,79159.0,16969.0,61421.0,422.0,0.0053,,,0.0,0.0
Oman,2020-08-04,79159.0,16969.0,61421.0,422.0,0.0053,,,0.0,0.0
Oman,2020-08-05,79159.0,16969.0,61421.0,422.0,0.0053,,,0.0,0.0
Oman,2020-08-06,79159.0,16969.0,61421.0,422.0,0.0053,,,0.0,0.0
Oman,2020-08-07,80286.0,17211.0,69803.0,488.0,0.0061,,,1127.0,66.0
Oman,2020-08-08,80713.0,17303.0,70910.0,492.0,0.0061,,,427.0,4.0
Oman,2020-08-09,80713.0,17303.0,70910.0,492.0,0.0061,,,0.0,0.0
Oman,2020-08-10,80713.0,17303.0,70910.0,492.0,0.0061,,,0.0,0.0
Oman,2020-08-11,80713.0,17303.0,70910.0,492.0,0.0061,,,0.0,0.0
Oman,2020-08-12,80713.0,17303.0,70910.0,492.0,0.0061,,,0.0,0.0
Oman,2020-08-13,80713.0,17303.0,70910.0,492.0,0.0061,,,0.0,0.0
Oman,2020-08-14,82531.0,17692.0,77278.0,551.0,0.0067,,,1818.0,59.0
Oman,2020-08-15,82743.0,17738.0,77427.0,557.0,0.0067,,,212.0,6.0
Oman,2020-08-16,82924.0,17777.0,77550.0,562.0,0.0068,,,181.0,5.0
Oman,2020-08-17,83086.0,17811.0,77680.0,572.0,0.0069,,,162.0,10.0
Oman,2020-08-18,83226.0,17841.0,77812.0,588.0,0.0071,,,140.0,16.0
Oman,2020-08-19,83418.0,17882.0,77977.0,597.0,0.0072,,,192.0,9.0
Oman,2020-08-20,83606.0,17923.0,78188.0,603.0,0.0072,,,188.0,6.0
Oman,2020-08-22,83769.0,17958.0,78386.0,609.0,0.0073,,,163.0,6.0
Oman,2020-08-23,83769.0,17958.0,78386.0,609.0,0.0073,,,0.0,0.0
Oman,2020-08-24,83769.0,17958.0,78386.0,609.0,0.0073,,,0.0,0.0
Oman,2020-08-25,84509.0,18116.0,78912.0,637.0,0.0075,,,740.0,28.0
Oman,2020-08-26,84652.0,18147.0,79147.0,642.0,0.0076,,,143.0,5.0
Oman,2020-08-27,84652.0,18147.0,79147.0,642.0,0.0076,,,0.0,0.0
Oman,2020-08-28,84652.0,18147.0,79147.0,642.0,0.0076,,,0.0,0.0
Oman,2020-08-29,84652.0,18147.0,79147.0,642.0,0.0076,,,0.0,0.0
Oman,2020-08-30,84652.0,18147.0,79147.0,642.0,0.0076,,,0.0,0.0
Oman,2020-08-31,84652.0,18147.0,79147.0,642.0,0.0076,,,0.0,0.0
Oman,2020-09-01,84652.0,18147.0,79147.0,642.0,0.0076,,,0.0,0.0
Oman,2020-09-02,85928.0,18421.0,81024.0,689.0,0.008,,,1276.0,47.0
Oman,2020-09-03,85928.0,18421.0,81024.0,689.0,0.008,,,0.0,0.0
Oman,2020-09-04,86380.0,18517.0,81828.0,705.0,0.0082,,,452.0,16.0
Oman,2020-09-05,86380.0,18517.0,81828.0,705.0,0.0082,,,0.0,0.0
Oman,2020-09-07,87072.0,18666.0,82406.0,728.0,0.0084,,,692.0,23.0
Oman,2020-09-08,87328.0,18721.0,82805.0,734.0,0.0084,,,256.0,6.0
Oman,2020-09-09,87590.0,18777.0,82973.0,742.0,0.0085,,,262.0,8.0
Oman,2020-09-10,87939.0,18852.0,83115.0,751.0,0.0085,,,349.0,9.0
Oman,2020-09-11,87939.0,18852.0,83115.0,751.0,0.0085,,,0.0,0.0
Oman,2020-09-12,88337.0,18937.0,83325.0,762.0,0.0086,,,398.0,11.0
Oman,2020-09-13,88337.0,18937.0,83325.0,762.0,0.0086,,,0.0,0.0
Oman,2020-09-14,89746.0,19239.0,83771.0,780.0,0.0087,,,1409.0,18.0
Oman,2020-09-15,90222.0,19341.0,83928.0,790.0,0.0088,,,476.0,10.0
Oman,2020-09-16,90660.0,19435.0,84113.0,797.0,0.0088,,,438.0,7.0
Oman,2020-09-17,90660.0,19435.0,84113.0,797.0,0.0088,,,0.0,0.0
Oman,2020-09-18,90660.0,19435.0,84113.0,797.0,0.0088,,,0.0,0.0
Oman,2020-09-20,90660.0,19435.0,84113.0,797.0,0.0088,,,0.0,0.0
Oman,2020-09-21,90660.0,19435.0,84113.0,797.0,0.0088,,,0.0,0.0
Oman,2020-09-22,90660.0,19435.0,84113.0,797.0,0.0088,,,0.0,0.0
Oman,2020-09-23,94051.0,20162.0,85781.0,853.0,0.0091,,,3391.0,56.0
Oman,2020-09-24,94771.0,0.0,,865.0,0.0091,20316.0,,720.0,12.0
Oman,2020-09-25,94771.0,0.0,,865.0,0.0091,20316.0,,0.0,0.0
Oman,2020-09-26,94771.0,0.0,,865.0,0.0091,20316.0,,0.0,0.0
Oman,2020-09-27,95907.0,0.0,,885.0,0.0092,20560.0,,1136.0,20.0
Oman,2020-09-28,97450.0,0.0,,909.0,0.0093,20891.0,,1543.0,24.0
Oman,2020-09-29,97450.0,0.0,,909.0,0.0093,20891.0,,0.0,0.0
Oman,2020-09-30,98585.0,0.0,,935.0,0.0095,21134.0,,1135.0,26.0
Oman,2020-10-02,98585.0,0.0,,935.0,0.0095,21134.0,,0.0,0.0
Oman,2020-10-03,98585.0,0.0,,935.0,0.0095,21134.0,,0.0,0.0
Oman,2020-10-04,98585.0,0.0,,935.0,0.0095,21134.0,,0.0,0.0
Oman,2020-10-05,98585.0,0.0,,935.0,0.0095,21134.0,,0.0,0.0
Oman,2020-10-06,101270.0,0.0,,977.0,0.0096,21709.0,,2685.0,42.0
Oman,2020-10-08,102648.0,0.0,,990.0,0.0096,22005.0,,1378.0,13.0
Oman,2020-10-09,103465.0,0.0,,1000.0,0.0097,22180.0,,817.0,10.0
Oman,2020-10-10,104129.0,0.0,,1009.0,0.0097,22322.0,,664.0,9.0
Oman,2020-10-11,104129.0,0.0,,1009.0,0.0097,22322.0,,0.0,0.0
Oman,2020-10-12,104129.0,0.0,,1009.0,0.0097,22322.0,,0.0,0.0
Oman,2020-10-13,105890.0,0.0,,1038.0,0.0098,22700.0,,1761.0,29.0
Oman,2020-10-14,106575.0,0.0,,1046.0,0.0098,22847.0,,685.0,8.0
Oman,2020-10-15,107213.0,0.0,,1053.0,0.0098,22983.0,,638.0,7.0
Oman,2020-10-18,108296.0,0.0,,1071.0,0.0099,23216.0,,1083.0,18.0
Oman,2020-10-19,108296.0,0.0,,1071.0,0.0099,23216.0,,0.0,0.0
Oman,2020-10-20,109953.0,0.0,,1101.0,0.01,23571.0,,1657.0,30.0
Oman,2020-10-22,111033.0,0.0,,1122.0,0.0101,23802.0,,1080.0,21.0
Oman,2020-10-23,111484.0,0.0,,1137.0,0.0102,23899.0,,451.0,15.0
Oman,2020-10-24,111837.0,0.0,,1147.0,0.0103,23975.0,,353.0,10.0
Oman,2020-10-25,111837.0,0.0,,1147.0,0.0103,23975.0,,0.0,0.0
Oman,2020-10-26,111837.0,0.0,,1147.0,0.0103,23975.0,,0.0,0.0
Oman,2020-10-27,112932.0,0.0,,1174.0,0.0104,24209.0,,1095.0,27.0
Oman,2020-10-28,113820.0,24400.0,,1203.0,0.0106,,466.0,888.0,29.0
Oman,2020-10-29,113820.0,24400.0,,1203.0,0.0106,,466.0,0.0,0.0
Oman,2020-10-30,114434.0,24531.0,,1208.0,0.0106,,614.0,614.0,5.0
