Location,Date,Confirmed,Case_Per_1M_people,Recovered,Deaths,Mortality,Cases per 1 million people,NewCases,NewConfirmed,NewDeaths
Pakistan,2020-03-31,1717,8.54,57.0,20,0.011648223999999999,,,0,0
Pakistan,2020-04-01,1914,9.52,58.0,26,0.013584117032392894,,,197,6
Pakistan,2020-04-02,2110,10.5,82.0,26,0.012322274881516588,,,196,0
Pakistan,2020-04-03,2386,11.87,107.0,33,0.013830678960603521,,,276,7
Pakistan,2020-04-07,3505,15.99,259.0,51,0.01455064194008559,,,1119,18
Pakistan,2020-04-10,4489,20.48,572.0,63,0.014034306081532636,,,984,12
Pakistan,2020-04-11,4788,21.85,762.0,71,0.014828738512949037,,,299,8
Pakistan,2020-04-12,5011,22.87,762.0,77,0.015366194372380763,,,223,6
Pakistan,2020-04-14,5716,26.08,1378.0,96,0.01679496151154654,,,705,19
Pakistan,2020-04-17,6919,31.57,1645.0,128,0.01849978320566556,,,1203,32
Pakistan,2020-04-18,7481,34.14,1832.0,143,0.01911509156529876,,,562,15
Pakistan,2020-04-20,8348,38.09,1868.0,168,0.02012458073790129,,,867,25
Pakistan,2020-04-22,9565,43.65,2073.0,201,0.02101411395713539,,,1217,33
Pakistan,2020-04-23,10513,47.97,2337.0,224,0.021306953295919338,,,948,23
Pakistan,2020-04-24,11155,50.9,2527.0,237,0.02124607799193187,,,642,13
Pakistan,2020-04-25,11813,53.9,2755.0,253,0.02141708287479895,,,658,16
Pakistan,2020-04-26,12723,58.06,2866.0,269,0.02114281222982001,,,910,16
Pakistan,2020-04-27,13323,60.79,3029.0,281,0.021091345792989567,,,600,12
Pakistan,2020-04-28,13915,63.5,3029.0,292,0.020984549047790155,,,592,11
Pakistan,2020-04-29,14612,66.68,3233.0,312,0.021352313167259787,,,697,20
Pakistan,2020-04-30,14612,66.68,3233.0,312,0.021352313167259787,,,0,0
Pakistan,2020-05-01,16473,75.0,4105.0,361,0.02191464821222607,,,1861,49
Pakistan,2020-05-02,18092,83.0,4351.0,417,0.023048861375193457,,,1619,56
Pakistan,2020-05-03,19022,87.0,4753.0,437,0.022973399221953527,,,930,20
Pakistan,2020-05-04,19103,87.0,4817.0,440,0.023033031461027063,,,81,3
Pakistan,2020-05-05,21501,98.0,5782.0,486,0.022603599832565928,,,2398,46
Pakistan,2020-05-06,22049,101.0,5801.0,514,0.023311714816998504,,,548,28
Pakistan,2020-05-07,23214,106.0,6281.0,544,0.023434134573963983,,,1165,30
Pakistan,2020-05-08,24644,112.0,6464.0,585,0.023738029540658984,,,1430,41
Pakistan,2020-05-09,26435,121.0,7530.0,599,0.02265935313031965,,,1791,14
Pakistan,2020-05-10,29465,134.0,8023.0,639,0.02168674698795181,,,3030,40
Pakistan,2020-05-11,30334,138.0,8063.0,659,0.021724797257203138,,,869,20
Pakistan,2020-05-12,32081,146.0,8555.0,706,0.0220067952993984,,,1747,47
Pakistan,2020-05-13,34336,157.0,8812.0,737,0.0214643522833178,,,2255,31
Pakistan,2020-05-15,35788,163.0,9695.0,770,0.021515591818486644,,,1452,33
Pakistan,2020-05-16,38799,177.0,10880.0,834,0.02149539936596304,,,3011,64
Pakistan,2020-05-17,38799,177.0,10880.0,834,0.02149539936596304,,,0,0
Pakistan,2020-05-18,40151,183.0,11341.0,873,0.021742920475206096,,,1352,39
Pakistan,2020-05-19,42125,192.0,11922.0,903,0.021436201780415432,,,1974,30
Pakistan,2020-05-20,43966,201.0,12489.0,939,0.02135741254605832,,,1841,36
Pakistan,2020-05-21,45898,209.0,13101.0,985,0.0214606300928145,,,1932,46
Pakistan,2020-05-22,50694,231.0,15201.0,1067,0.02104785576202312,,,4796,82
Pakistan,2020-05-23,50694,231.0,15201.0,1067,0.02104785576202312,,,0,0
Pakistan,2020-05-24,52437,239.0,16653.0,1101,0.0209966245208536,,,1743,34
Pakistan,2020-05-25,54601,249.0,17198.0,1133,0.02075053570447428,,,2164,32
Pakistan,2020-05-26,56349,257.0,17482.0,1167,0.020710216685300542,,,1748,34
Pakistan,2020-05-27,57705,263.0,18314.0,1197,0.020743436443982324,,,1356,30
Pakistan,2020-05-28,59151,270.0,19142.0,1225,0.02070970904972021,,,1446,28
Pakistan,2020-05-29,61227,279.0,20231.0,1260,0.020579156254593563,,,2076,35
Pakistan,2020-05-30,64028,292.0,22305.0,1317,0.020569126007371773,,,2801,57
Pakistan,2020-05-31,66457,303.0,24131.0,1395,0.020991016747671426,,,2429,78
Pakistan,2020-06-01,69496,317.0,25271.0,1483,0.021339357660872568,,,3039,88
Pakistan,2020-06-02,72460,331.0,26083.0,1543,0.02129450731438035,,,2964,60
Pakistan,2020-06-03,80463,367.0,28923.0,1688,0.021,,,8003,145
Pakistan,2020-06-04,85264,389.0,30128.0,1770,0.0208,,,4801,82
Pakistan,2020-06-05,85264,389.0,30128.0,1770,0.0208,,,0,0
Pakistan,2020-06-06,89249,407.0,31198.0,1838,0.0206,,,3985,68
Pakistan,2020-06-07,93983,429.0,32581.0,1935,0.0206,,,4734,97
Pakistan,2020-06-08,98943,451.0,33465.0,2002,0.0202,,,4960,67
Pakistan,2020-06-09,108317,494.0,35018.0,2172,0.0201,,,9374,170
Pakistan,2020-06-10,108317,494.0,35018.0,2172,0.0201,,,0,0
Pakistan,2020-06-12,119536,545.0,38391.0,2356,0.0197,,,11219,184
Pakistan,2020-06-13,125933,575.0,40247.0,2463,0.0196,,,6397,107
Pakistan,2020-06-14,132405,604.0,50056.0,2551,0.0193,,,6472,88
Pakistan,2020-06-15,139230,635.0,51735.0,2632,0.0189,,,6825,81
Pakistan,2020-06-16,144478,659.0,53721.0,2729,0.0189,,,5248,97
Pakistan,2020-06-17,148921,680.0,56390.0,2839,0.0191,,,4443,110
Pakistan,2020-06-18,160118,731.0,59215.0,3093,0.0193,,,11197,254
Pakistan,2020-06-19,160118,731.0,59215.0,3093,0.0193,,,0,0
Pakistan,2020-06-20,165062,753.0,61383.0,3229,0.0196,,,4944,136
Pakistan,2020-06-21,171666,783.0,63504.0,3382,0.0197,,,6604,153
Pakistan,2020-06-22,176617,806.0,67892.0,3501,0.0198,,,4951,119
Pakistan,2020-06-23,181088,826.0,71458.0,3590,0.0198,,,4471,89
Pakistan,2020-06-24,185034,844.0,73471.0,3695,0.02,,,3946,105
Pakistan,2020-06-25,188926,862.0,77754.0,3755,0.0199,,,3892,60
Pakistan,2020-06-26,192970,881.0,81307.0,3903,0.0202,,,4044,148
Pakistan,2020-06-27,195745,893.0,84168.0,3962,0.0202,,,2775,59
Pakistan,2020-06-28,198883,908.0,86906.0,4035,0.0203,,,3138,73
Pakistan,2020-06-29,202955,926.0,92624.0,4118,0.0203,,,4072,83
Pakistan,2020-06-30,206510,942.0,95407.0,4167,0.0202,,,3555,49
Pakistan,2020-07-01,209337,955.0,98503.0,4304,0.0206,,,2827,137
Pakistan,2020-07-02,213470,974.0,100802.0,4395,0.0206,,,4133,91
Pakistan,2020-07-03,221896,1013.0,113623.0,4551,0.0205,,,8426,156
Pakistan,2020-07-04,221896,1013.0,113623.0,4551,0.0205,,,0,0
Pakistan,2020-07-05,225823,1030.0,125094.0,4619,0.0205,,,3927,68
Pakistan,2020-07-06,228474,1043.0,129830.0,4712,0.0206,,,2651,93
Pakistan,2020-07-07,231818,1058.0,131649.0,4762,0.0205,,,3344,50
Pakistan,2020-07-09,237489,1084.0,140965.0,4922,0.0207,,,5671,160
Pakistan,2020-07-10,240848,1099.0,145311.0,4983,0.0207,,,3359,61
Pakistan,2020-07-11,243599,1112.0,149092.0,5058,0.0208,,,2751,75
Pakistan,2020-07-12,246351,1124.0,153134.0,5123,0.0208,,,2752,65
Pakistan,2020-07-14,253598,1157.0,170656.0,5320,0.021,,,7247,197
Pakistan,2020-07-15,253604,1157.0,0.0,5320,0.021,,,6,0
Pakistan,2020-07-16,255769,1167.0,0.0,5386,0.0211,,,2165,66
Pakistan,2020-07-18,259999,1186.0,183737.0,5475,0.0211,,,4230,89
Pakistan,2020-07-19,261917,1195.0,198509.0,5522,0.0211,,,1918,47
Pakistan,2020-07-19,257242,1174.0,204276.0,5568,0.0216,,,0,46
Pakistan,2020-07-21,265083,1210.0,205929.0,5599,0.0211,,,7841,31
Pakistan,2020-07-22,266096,1214.0,208030.0,5639,0.0212,,,1013,40
Pakistan,2020-07-23,267428,1220.0,210468.0,5677,0.0212,,,1332,38
Pakistan,2020-07-24,269191,1228.0,208030.0,5709,0.0212,,,1763,32
Pakistan,2020-07-25,270400,1234.0,219783.0,5763,0.0213,,,1209,54
Pakistan,2020-07-26,273113,1246.0,236596.0,5822,0.0213,,,2713,59
Pakistan,2020-07-27,273113,1246.0,237434.0,5822,0.0213,,,0,0
Pakistan,2020-07-28,274289,1252.0,241026.0,5842,0.0213,,,1176,20
Pakistan,2020-07-29,276288,1261.0,244883.0,5892,0.0213,,,1999,50
Pakistan,2020-07-30,276288,1261.0,244883.0,5892,0.0213,,,0,0
Pakistan,2020-07-31,277402,1266.0,246131.0,5924,0.0214,,,1114,32
Pakistan,2020-08-01,278305,1270.0,247177.0,5951,0.0214,,,903,27
Pakistan,2020-08-02,278305,1270.0,247177.0,5951,0.0214,,,0,0
Pakistan,2020-08-03,279699,1276.0,248577.0,5976,0.0214,,,1394,25
Pakistan,2020-08-04,280029,1278.0,248873.0,5984,0.0214,,,330,8
Pakistan,2020-08-05,280461,1280.0,248873.0,5999,0.0214,,,432,15
Pakistan,2020-08-06,281136,1283.0,254286.0,6014,0.0214,,,675,15
Pakistan,2020-08-07,281863,1286.0,256058.0,6035,0.0214,,,727,21
Pakistan,2020-08-08,282645,1290.0,258099.0,6052,0.0214,,,782,17
Pakistan,2020-08-09,283487,1294.0,259604.0,6068,0.0214,,,842,16
Pakistan,2020-08-10,284121,1296.0,260248.0,6082,0.0214,,,634,14
Pakistan,2020-08-11,284660,1299.0,260764.0,6097,0.0214,,,539,15
Pakistan,2020-08-12,285191,1301.0,261246.0,6112,0.0214,,,531,15
Pakistan,2020-08-13,285921,1305.0,263193.0,6129,0.0214,,,730,17
Pakistan,2020-08-14,286674,1308.0,264060.0,6139,0.0214,,,753,10
Pakistan,2020-08-15,287300,1311.0,265215.0,6153,0.0214,,,626,14
Pakistan,2020-08-16,288047,1314.0,265624.0,6162,0.0214,,,747,9
Pakistan,2020-08-17,288717,1317.0,266301.0,6168,0.0214,,,670,6
Pakistan,2020-08-18,289215,1320.0,269087.0,6175,0.0214,,,498,7
Pakistan,2020-08-19,289832,1323.0,270009.0,6190,0.0214,,,617,15
Pakistan,2020-08-20,290445,1325.0,272128.0,6201,0.0213,,,613,11
Pakistan,2020-08-22,291539,1330.0,273579.0,6219,0.0213,,,1094,18
Pakistan,2020-08-23,292174,1333.0,275317.0,6231,0.0213,,,635,12
Pakistan,2020-08-24,292765,1336.0,275836.0,6235,0.0213,,,591,4
Pakistan,2020-08-25,293261,1338.0,276829.0,6244,0.0213,,,496,9
Pakistan,2020-08-26,293711,1340.0,278425.0,6255,0.0213,,,450,11
Pakistan,2020-08-27,294193,1342.0,278939.0,6267,0.0213,,,482,12
Pakistan,2020-08-28,294638,1344.0,279561.0,6274,0.0213,,,445,7
Pakistan,2020-08-29,295053,1346.0,279937.0,6283,0.0213,,,415,9
Pakistan,2020-08-30,295372,1348.0,280340.0,6284,0.0213,,,319,1
Pakistan,2020-08-31,295636,1349.0,280547.0,6288,0.0213,,,264,4
Pakistan,2020-09-01,295849,1350.0,280682.0,6294,0.0213,,,213,6
Pakistan,2020-09-02,296149,1351.0,280970.0,6298,0.0213,,,300,4
Pakistan,2020-09-03,296590,1353.0,281459.0,6318,0.0213,,,441,20
Pakistan,2020-09-04,297014,1355.0,281925.0,6328,0.0213,,,424,10
Pakistan,2020-09-05,297512,1358.0,282268.0,6335,0.0213,,,498,7
Pakistan,2020-09-07,298509,1362.0,285898.0,6342,0.0212,,,997,7
Pakistan,2020-09-08,298903,1364.0,286016.0,6345,0.0212,,,394,3
Pakistan,2020-09-09,299233,1365.0,286157.0,6350,0.0212,,,330,5
Pakistan,2020-09-10,299659,1367.0,286506.0,6359,0.0212,,,426,9
Pakistan,2020-09-11,299855,1368.0,287950.0,6365,0.0212,,,196,6
Pakistan,2020-09-12,300371,1371.0,288206.0,6370,0.0212,,,516,5
Pakistan,2020-09-13,300955,1373.0,288536.0,6373,0.0212,,,584,3
Pakistan,2020-09-14,301481,1376.0,289429.0,6379,0.0212,,,526,6
Pakistan,2020-09-15,302020,1378.0,289806.0,6383,0.0211,,,539,4
Pakistan,2020-09-16,303089,1383.0,290760.0,6393,0.0211,,,1069,10
Pakistan,2020-09-17,303089,1383.0,290760.0,6393,0.0211,,,0,0
Pakistan,2020-09-18,303634,1386.0,291169.0,6399,0.0211,,,545,6
Pakistan,2020-09-20,305031,1392.0,292044.0,6415,0.021,,,1397,16
Pakistan,2020-09-21,305671,1395.0,292303.0,6416,0.021,,,640,1
Pakistan,2020-09-22,306304,1398.0,292869.0,6420,0.021,,,633,4
Pakistan,2020-09-23,306886,1400.0,293159.0,6424,0.0209,,,582,4
Pakistan,2020-09-24,307418,0.0,,6432,0.0209,1403.0,,532,8
Pakistan,2020-09-25,308217,0.0,,6437,0.0209,1406.0,,799,5
Pakistan,2020-09-26,309015,0.0,,6444,0.0209,1410.0,,798,7
Pakistan,2020-09-27,309581,0.0,,6451,0.0208,1413.0,,566,7
Pakistan,2020-09-28,310275,0.0,,6457,0.0208,1416.0,,694,6
Pakistan,2020-09-29,310841,0.0,,6466,0.0208,1418.0,,566,9
Pakistan,2020-09-30,311516,0.0,,6474,0.0208,1421.0,,675,8
Pakistan,2020-10-02,312806,0.0,,6484,0.0207,1427.0,,1290,10
Pakistan,2020-10-03,313431,0.0,,6499,0.0207,1430.0,,625,15
Pakistan,2020-10-04,313984,0.0,,6507,0.0207,1433.0,,553,8
Pakistan,2020-10-05,314616,0.0,,6513,0.0207,1436.0,,632,6
Pakistan,2020-10-06,314616,0.0,,6513,0.0207,1436.0,,0,0
Pakistan,2020-10-08,316351,0.0,,6535,0.0207,1444.0,,1735,22
Pakistan,2020-10-09,316934,0.0,,6544,0.0206,1446.0,,583,9
Pakistan,2020-10-10,317595,0.0,,6552,0.0206,1449.0,,661,8
Pakistan,2020-10-11,318266,0.0,,6558,0.0206,1452.0,,671,6
Pakistan,2020-10-12,318932,0.0,,6570,0.0206,1455.0,,666,12
Pakistan,2020-10-13,319317,0.0,,6580,0.0206,1457.0,,385,10
Pakistan,2020-10-14,319848,0.0,,6588,0.0206,1460.0,,531,8
Pakistan,2020-10-15,320463,0.0,,6601,0.0206,1462.0,,615,13
Pakistan,2020-10-18,322452,0.0,,6638,0.0206,1471.0,,1989,37
Pakistan,2020-10-19,323019,0.0,,6654,0.0206,1474.0,,567,16
Pakistan,2020-10-20,323452,0.0,,6659,0.0206,1476.0,,433,5
Pakistan,2020-10-22,324744,0.0,,6692,0.0206,1482.0,,1292,33
Pakistan,2020-10-23,325480,0.0,,6702,0.0206,1485.0,,736,10
Pakistan,2020-10-24,326216,0.0,,6715,0.0206,1489.0,,736,13
Pakistan,2020-10-25,327063,0.0,,6727,0.0206,1492.0,,847,12
Pakistan,2020-10-26,327895,0.0,,6736,0.0205,1496.0,,832,9
Pakistan,2020-10-27,328602,0.0,,6739,0.0205,1499.0,,707,3
Pakistan,2020-10-28,330200,1507.0,,6759,0.0205,,825.0,1598,20
Pakistan,2020-10-29,330200,1507.0,,6759,0.0205,,825.0,0,0
Pakistan,2020-10-30,331108,1511.0,,6775,0.0205,,908.0,908,16
Pakistan,2020-10-31,332186,1516.0,,6795,0.0205,,1078.0,1078,20
Pakistan,2020-11-01,332993,1519.0,,6806,0.0204,,807.0,807,11
Pakistan,2020-11-02,333970,1524.0,,6823,0.0204,,977.0,977,17
Pakistan,2020-11-03,335093,1529.0,,6835,0.0204,,1123.0,1123,12
Pakistan,2020-11-04,336260,1534.0,,6849,0.0204,,1167.0,1167,14
Pakistan,2020-11-05,337573,1540.0,,6867,0.0203,,1313.0,1313,18
Pakistan,2020-11-06,338875,1546.0,,6893,0.0203,,1302.0,1302,26
Pakistan,2020-11-07,340251,1553.0,,6923,0.0203,,1376.0,1376,30
Pakistan,2020-11-08,341753,1559.0,,6943,0.0203,,1502.0,1502,20
Pakistan,2020-11-09,343189,1566.0,,6968,0.0203,,1436.0,1436,25
Pakistan,2020-11-10,344839,1574.0,,6977,0.0202,,1650.0,1650,9
Pakistan,2020-11-11,346476,1581.0,,7000,0.0202,,1637.0,1637,23
Pakistan,2020-11-12,348184,1589.0,,7021,0.0202,,1708.0,1708,21
Pakistan,2020-11-13,349992,1597.0,,7055,0.0202,,1808.0,1808,34
Pakistan,2020-11-15,354461,1617.0,,7109,0.0201,,2165.0,4469,54
