Location,Date,Confirmed,Case_Per_1M_people,Recovered,Deaths,Mortality,Cases per 1 million people,NewCases,NewConfirmed,NewDeaths
Palestine,2020-03-31,117.0,23.16,18.0,1.0,0.008547009,,,0.0,0.0
Palestine,2020-04-01,117.0,23.16,18.0,1.0,0.008547008547008548,,,0.0,0.0
Palestine,2020-04-02,134.0,26.52,18.0,1.0,0.00746268656716418,,,17.0,0.0
Palestine,2020-04-03,155.0,30.68,18.0,1.0,0.0064516129032258064,,,21.0,0.0
Palestine,2020-04-07,253.0,50.84,24.0,1.0,0.003952569169960474,,,98.0,0.0
Palestine,2020-04-10,263.0,52.85,44.0,1.0,0.0038022813688212928,,,10.0,0.0
Palestine,2020-04-11,267.0,53.65,45.0,2.0,0.00749063670411985,,,4.0,1.0
Palestine,2020-04-12,268.0,53.85,57.0,2.0,0.00746268656716418,,,1.0,0.0
Palestine,2020-04-14,273.0,54.86,58.0,2.0,0.007326007326007327,,,5.0,0.0
Palestine,2020-04-17,295.0,59.28,61.0,2.0,0.006779661016949152,,,22.0,0.0
Palestine,2020-04-18,402.0,80.78,69.0,2.0,0.0049751243781094535,,,107.0,0.0
Palestine,2020-04-20,437.0,87.81,72.0,3.0,0.006864988558352402,,,35.0,1.0
Palestine,2020-04-22,466.0,93.64,71.0,4.0,0.008583690987124462,,,29.0,1.0
Palestine,2020-04-23,335.0,67.31,71.0,2.0,0.005970149253731343,,,0.0,0.0
Palestine,2020-04-24,336.0,67.51,71.0,2.0,0.005952380952380952,,,1.0,0.0
Palestine,2020-04-25,339.0,68.12,91.0,2.0,0.005899705014749263,,,3.0,0.0
Palestine,2020-04-26,341.0,68.52,91.0,2.0,0.0058651026392961885,,,2.0,0.0
Palestine,2020-04-27,495.0,99.46,83.0,2.0,0.0040404040404040395,,,154.0,0.0
Palestine,2020-04-28,495.0,99.46,83.0,2.0,0.0040404040404040395,,,0.0,0.0
Palestine,2020-04-29,501.0,100.67,71.0,2.0,0.003992015968063872,,,6.0,0.0
Palestine,2020-04-30,501.0,100.67,71.0,2.0,0.003992015968063872,,,0.0,0.0
Palestine,2020-05-01,507.0,102.0,76.0,2.0,0.003944773175542407,,,6.0,0.0
Palestine,2020-05-02,517.0,104.0,76.0,2.0,0.0038684719535783366,,,10.0,0.0
Palestine,2020-05-03,520.0,104.0,77.0,2.0,0.003846153846153847,,,3.0,0.0
Palestine,2020-05-04,520.0,104.0,77.0,2.0,0.003846153846153847,,,0.0,0.0
Palestine,2020-05-05,532.0,107.0,102.0,2.0,0.003759398496240601,,,12.0,0.0
Palestine,2020-05-06,543.0,109.0,168.0,4.0,0.007366482504604052,,,11.0,2.0
Palestine,2020-05-07,374.0,75.0,222.0,4.0,0.0106951871657754,,,0.0,0.0
Palestine,2020-05-08,375.0,75.0,224.0,4.0,0.010666666666666666,,,1.0,0.0
Palestine,2020-05-09,375.0,75.0,282.0,4.0,0.010666666666666666,,,0.0,0.0
Palestine,2020-05-10,375.0,75.0,321.0,4.0,0.010666666666666666,,,0.0,0.0
Palestine,2020-05-11,375.0,75.0,351.0,4.0,0.010666666666666666,,,0.0,0.0
Palestine,2020-05-12,375.0,75.0,367.0,4.0,0.010666666666666666,,,0.0,0.0
Palestine,2020-05-13,375.0,75.0,382.0,4.0,0.010666666666666666,,,0.0,0.0
Palestine,2020-05-15,375.0,75.0,310.0,2.0,0.005333333333333333,,,0.0,0.0
Palestine,2020-05-16,375.0,75.0,315.0,2.0,0.005333333333333333,,,0.0,0.0
Palestine,2020-05-17,376.0,76.0,329.0,2.0,0.0053191489361702135,,,1.0,0.0
Palestine,2020-05-18,381.0,77.0,335.0,2.0,0.005249343832020997,,,5.0,0.0
Palestine,2020-05-19,388.0,78.0,337.0,2.0,0.005154639175257732,,,7.0,0.0
Palestine,2020-05-20,391.0,79.0,346.0,2.0,0.005115089514066497,,,3.0,0.0
,2020-05-21,,,,,,,,,
Palestine,2020-05-22,423.0,85.0,346.0,2.0,0.0047281323877068565,,,,
Palestine,2020-05-23,423.0,85.0,346.0,2.0,0.0047281323877068565,,,0.0,0.0
Palestine,2020-05-24,423.0,85.0,348.0,3.0,0.007092198581560284,,,0.0,1.0
Palestine,2020-05-25,423.0,85.0,357.0,3.0,0.007092198581560284,,,0.0,0.0
Palestine,2020-05-26,423.0,85.0,357.0,3.0,0.007092198581560284,,,0.0,0.0
Palestine,2020-05-27,429.0,86.0,365.0,3.0,0.006993006993006993,,,6.0,0.0
Palestine,2020-05-28,434.0,87.0,365.0,3.0,0.0069124423963133645,,,5.0,0.0
Palestine,2020-05-29,446.0,90.0,368.0,3.0,0.006726457399103139,,,12.0,0.0
Palestine,2020-05-30,446.0,90.0,368.0,3.0,0.006726457399103139,,,0.0,0.0
Palestine,2020-05-31,447.0,90.0,368.0,3.0,0.006711409395973154,,,1.0,0.0
Palestine,2020-06-01,448.0,90.0,368.0,3.0,0.006696428571428571,,,1.0,0.0
Palestine,2020-06-02,449.0,90.0,372.0,3.0,0.0066815144766147,,,1.0,0.0
Palestine,2020-06-03,451.0,91.0,372.0,3.0,0.0067,,,2.0,0.0
Palestine,2020-06-04,457.0,92.0,372.0,3.0,0.0066,,,6.0,0.0
Palestine,2020-06-05,464.0,93.0,377.0,3.0,0.0065,,,7.0,0.0
Palestine,2020-06-06,464.0,93.0,377.0,3.0,0.0065,,,0.0,0.0
Palestine,2020-06-07,464.0,93.0,377.0,3.0,0.0065,,,0.0,0.0
Palestine,2020-06-08,472.0,95.0,403.0,3.0,0.0064,,,8.0,0.0
Palestine,2020-06-09,473.0,95.0,404.0,3.0,0.0063,,,1.0,0.0
Palestine,2020-06-10,481.0,97.0,404.0,3.0,0.0062,,,8.0,0.0
Palestine,2020-06-12,487.0,98.0,410.0,3.0,0.0062,,,6.0,0.0
Palestine,2020-06-13,489.0,98.0,414.0,3.0,0.0061,,,2.0,0.0
Palestine,2020-06-14,489.0,98.0,414.0,3.0,0.0061,,,0.0,0.0
Palestine,2020-06-15,489.0,98.0,414.0,3.0,0.0061,,,0.0,0.0
Palestine,2020-06-16,505.0,101.0,415.0,3.0,0.0059,,,16.0,0.0
Palestine,2020-06-17,514.0,103.0,415.0,3.0,0.0058,,,9.0,0.0
Palestine,2020-06-18,555.0,112.0,415.0,3.0,0.0054,,,41.0,0.0
Palestine,2020-06-19,599.0,120.0,415.0,3.0,0.005,,,44.0,0.0
Palestine,2020-06-20,675.0,136.0,437.0,3.0,0.0044,,,76.0,0.0
Palestine,2020-06-21,784.0,158.0,437.0,3.0,0.0038,,,109.0,0.0
Palestine,2020-06-22,833.0,167.0,439.0,3.0,0.0036,,,49.0,0.0
Palestine,2020-06-23,833.0,167.0,439.0,3.0,0.0036,,,0.0,0.0
Palestine,2020-06-24,1169.0,235.0,442.0,3.0,0.0026,,,336.0,0.0
Palestine,2020-06-25,1328.0,267.0,442.0,3.0,0.0023,,,159.0,0.0
Palestine,2020-06-26,1382.0,278.0,446.0,3.0,0.0022,,,54.0,0.0
Palestine,2020-06-27,1557.0,313.0,446.0,3.0,0.0019,,,175.0,0.0
Palestine,2020-06-28,1557.0,313.0,446.0,3.0,0.0019,,,0.0,0.0
Palestine,2020-06-29,1990.0,400.0,447.0,4.0,0.002,,,433.0,1.0
Palestine,2020-06-30,2185.0,439.0,447.0,5.0,0.0023,,,195.0,1.0
Palestine,2020-07-01,2185.0,439.0,447.0,5.0,0.0023,,,0.0,0.0
Palestine,2020-07-02,2758.0,554.0,460.0,8.0,0.0029,,,573.0,3.0
Palestine,2020-07-03,3095.0,622.0,0.0,11.0,0.0036,,,337.0,3.0
Palestine,2020-07-04,3417.0,687.0,0.0,11.0,0.0032,,,322.0,0.0
Palestine,2020-07-05,3689.0,741.0,0.0,15.0,0.0041,,,272.0,4.0
Palestine,2020-07-06,4277.0,859.0,491.0,16.0,0.0037,,,588.0,1.0
Palestine,2020-07-07,4722.0,949.0,0.0,20.0,0.0042,,,445.0,4.0
Palestine,2020-07-09,5092.0,1023.0,0.0,22.0,0.0043,,,370.0,2.0
Palestine,2020-07-10,5567.0,1119.0,0.0,25.0,0.0045,,,475.0,3.0
Palestine,2020-07-11,5829.0,1171.0,0.0,27.0,0.0046,,,262.0,2.0
Palestine,2020-07-12,6225.0,1251.0,0.0,30.0,0.0048,,,396.0,3.0
Palestine,2020-07-14,7037.0,1414.0,0.0,37.0,0.0053,,,812.0,7.0
Palestine,2020-07-15,6566.0,1319.0,942.0,39.0,0.0059,,,0.0,2.0
Palestine,2020-07-16,6566.0,1319.0,942.0,39.0,0.0059,,,0.0,0.0
Palestine,2020-07-18,8616.0,1731.0,0.0,52.0,0.006,,,2050.0,13.0
Palestine,2020-07-19,9055.0,1819.0,0.0,57.0,0.0063,,,439.0,5.0
Palestine,2020-07-19,9055.0,1819.0,0.0,57.0,0.0063,,,0.0,0.0
Palestine,2020-07-21,9587.0,1926.0,0.0,62.0,0.0065,,,532.0,5.0
Palestine,2020-07-22,10052.0,2020.0,0.0,65.0,0.0065,,,465.0,3.0
Palestine,2020-07-23,10923.0,2195.0,0.0,67.0,0.0061,,,871.0,2.0
Palestine,2020-07-24,10923.0,2195.0,0.0,67.0,0.0061,,,0.0,0.0
Palestine,2020-07-25,10093.0,2028.0,2720.0,70.0,0.0069,,,0.0,3.0
Palestine,2020-07-26,10315.0,2073.0,3040.0,71.0,0.0069,,,222.0,1.0
Palestine,2020-07-27,10469.0,2104.0,3282.0,76.0,0.0073,,,154.0,5.0
Palestine,2020-07-28,13125.0,2637.0,0.0,79.0,0.006,,,2656.0,3.0
Palestine,2020-07-29,13457.0,2704.0,0.0,80.0,0.0059,,,332.0,1.0
Palestine,2020-07-30,13457.0,2704.0,0.0,80.0,0.0059,,,0.0,0.0
Palestine,2020-07-31,14838.0,2982.0,6289.0,84.0,0.0057,,,1381.0,4.0
Palestine,2020-08-01,14838.0,2982.0,0.0,84.0,0.0057,,,0.0,0.0
Palestine,2020-08-02,15232.0,3061.0,0.0,85.0,0.0056,,,394.0,1.0
Palestine,2020-08-03,15555.0,3126.0,0.0,86.0,0.0055,,,323.0,1.0
Palestine,2020-08-04,15555.0,3126.0,0.0,86.0,0.0055,,,0.0,0.0
Palestine,2020-08-05,16024.0,3220.0,0.0,87.0,0.0054,,,469.0,1.0
Palestine,2020-08-06,16628.0,3341.0,0.0,89.0,0.0054,,,604.0,2.0
Palestine,2020-08-07,16628.0,3341.0,0.0,89.0,0.0054,,,0.0,0.0
Palestine,2020-08-08,17434.0,3503.0,0.0,95.0,0.0054,,,806.0,6.0
Palestine,2020-08-09,17948.0,3606.0,0.0,97.0,0.0054,,,514.0,2.0
Palestine,2020-08-10,18374.0,3692.0,0.0,103.0,0.0056,,,426.0,6.0
Palestine,2020-08-11,18374.0,3692.0,0.0,103.0,0.0056,,,0.0,0.0
Palestine,2020-08-12,18651.0,3748.0,0.0,103.0,0.0055,,,277.0,0.0
Palestine,2020-08-13,19594.0,3937.0,0.0,114.0,0.0058,,,943.0,11.0
Palestine,2020-08-14,20093.0,4037.0,0.0,115.0,0.0057,,,499.0,1.0
Palestine,2020-08-15,20525.0,4124.0,0.0,116.0,0.0057,,,432.0,1.0
Palestine,2020-08-16,21056.0,4231.0,0.0,116.0,0.0055,,,531.0,0.0
Palestine,2020-08-17,21554.0,4331.0,0.0,119.0,0.0055,,,498.0,3.0
Palestine,2020-08-18,21554.0,4331.0,0.0,119.0,0.0055,,,0.0,0.0
Palestine,2020-08-19,21554.0,4331.0,0.0,119.0,0.0055,,,0.0,0.0
Palestine,2020-08-20,21554.0,4331.0,0.0,119.0,0.0055,,,0.0,0.0
Palestine,2020-08-22,21554.0,4331.0,0.0,119.0,0.0055,,,0.0,0.0
Palestine,2020-08-23,23939.0,4810.0,0.0,131.0,0.0055,,,2385.0,12.0
Palestine,2020-08-24,23939.0,4810.0,0.0,131.0,0.0055,,,0.0,0.0
Palestine,2020-08-25,23939.0,4810.0,0.0,131.0,0.0055,,,0.0,0.0
Palestine,2020-08-26,25577.0,5139.0,0.0,150.0,0.0059,,,1638.0,19.0
Palestine,2020-08-27,25577.0,5139.0,0.0,150.0,0.0059,,,0.0,0.0
Palestine,2020-08-28,25577.0,5139.0,0.0,150.0,0.0059,,,0.0,0.0
Palestine,2020-08-29,25577.0,5139.0,0.0,150.0,0.0059,,,0.0,0.0
Palestine,2020-08-30,27386.0,5503.0,0.0,158.0,0.0058,,,1809.0,8.0
Palestine,2020-08-31,27386.0,5503.0,0.0,158.0,0.0058,,,0.0,0.0
Palestine,2020-09-01,29938.0,6016.0,15056.0,152.0,0.0051,,,2552.0,0.0
Palestine,2020-09-02,29063.0,5840.0,0.0,169.0,0.0058,,,0.0,17.0
Palestine,2020-09-03,31333.0,6296.0,21058.0,184.0,0.0059,,,2270.0,15.0
Palestine,2020-09-04,29063.0,5840.0,0.0,169.0,0.0058,,,0.0,0.0
Palestine,2020-09-05,31333.0,6296.0,0.0,184.0,0.0059,,,2270.0,15.0
Palestine,2020-09-07,31929.0,6416.0,0.0,189.0,0.0059,,,596.0,5.0
Palestine,2020-09-08,31929.0,6416.0,0.0,189.0,0.0059,,,0.0,0.0
Palestine,2020-09-09,31929.0,6416.0,0.0,189.0,0.0059,,,0.0,0.0
Palestine,2020-09-10,31929.0,6416.0,0.0,189.0,0.0059,,,0.0,0.0
Palestine,2020-09-11,34801.0,6993.0,0.0,206.0,0.0059,,,2872.0,17.0
Palestine,2020-09-12,34801.0,6993.0,0.0,206.0,0.0059,,,0.0,0.0
Palestine,2020-09-13,37214.0,7478.0,0.0,224.0,0.006,,,2413.0,18.0
Palestine,2020-09-14,37214.0,7478.0,0.0,224.0,0.006,,,0.0,0.0
Palestine,2020-09-15,37214.0,7478.0,0.0,224.0,0.006,,,0.0,0.0
Palestine,2020-09-16,37214.0,7478.0,0.0,224.0,0.006,,,0.0,0.0
Palestine,2020-09-17,40298.0,8097.0,0.0,255.0,0.0063,,,3084.0,31.0
Palestine,2020-09-18,40298.0,8097.0,0.0,255.0,0.0063,,,0.0,0.0
Palestine,2020-09-20,43345.0,8710.0,0.0,278.0,0.0064,,,3047.0,23.0
Palestine,2020-09-21,43345.0,8710.0,0.0,278.0,0.0064,,,0.0,0.0
Palestine,2020-09-22,43345.0,8710.0,0.0,278.0,0.0064,,,0.0,0.0
Palestine,2020-09-23,43345.0,8710.0,0.0,278.0,0.0064,,,0.0,0.0
Palestine,2020-09-24,46057.0,0.0,,314.0,0.0068,9255.0,,2712.0,36.0
Palestine,2020-09-25,46057.0,0.0,,317.0,0.0069,9255.0,,0.0,3.0
Palestine,2020-09-26,46057.0,0.0,,322.0,0.006999999999999999,9255.0,,0.0,5.0
Palestine,2020-09-27,40298.0,0.0,,255.0,0.0063,8097.0,,0.0,0.0
Palestine,2020-09-28,40298.0,0.0,,255.0,0.0063,8097.0,,0.0,0.0
Palestine,2020-09-29,47830.0,0.0,,322.0,0.0067,9611.0,,7532.0,67.0
Palestine,2020-09-30,47830.0,0.0,,322.0,0.0067,9611.0,,0.0,0.0
Palestine,2020-10-02,49695.0,0.0,,353.0,0.0071,9986.0,,1865.0,31.0
Palestine,2020-10-03,49695.0,0.0,,353.0,0.0071,9986.0,,0.0,0.0
Palestine,2020-10-04,50541.0,0.0,,368.0,0.0073,10156.0,,846.0,15.0
Palestine,2020-10-05,50115.0,0.0,,390.0,0.0078,10070.0,,0.0,22.0
Palestine,2020-10-06,51062.0,0.0,,391.0,0.0077,10260.0,,947.0,1.0
Palestine,2020-10-08,52954.0,0.0,,412.0,0.0078,10640.0,,1892.0,21.0
Palestine,2020-10-09,52954.0,0.0,,418.0,0.0079,10640.0,,0.0,6.0
Palestine,2020-10-10,52954.0,0.0,,422.0,0.008,10640.0,,0.0,4.0
Palestine,2020-10-11,54355.0,0.0,,431.0,0.0079,10922.0,,1401.0,9.0
Palestine,2020-10-12,54355.0,0.0,,442.0,0.0081,10922.0,,0.0,11.0
Palestine,2020-10-13,54355.0,0.0,,445.0,0.0082,10922.0,,0.0,3.0
Palestine,2020-10-14,54355.0,0.0,,455.0,0.0084,10922.0,,0.0,10.0
Palestine,2020-10-15,55951.0,0.0,,459.0,0.0082,11243.0,,1596.0,4.0
Palestine,2020-10-18,57441.0,0.0,,474.0,0.0083,11542.0,,1490.0,15.0
Palestine,2020-10-19,57441.0,0.0,,474.0,0.0083,11542.0,,0.0,0.0
Palestine,2020-10-20,57441.0,0.0,,479.0,0.0083,11542.0,,0.0,5.0
Palestine,2020-10-22,59082.0,0.0,,494.0,0.0084,11872.0,,1641.0,15.0
Palestine,2020-10-23,59082.0,0.0,,498.0,0.0084,11872.0,,0.0,4.0
Palestine,2020-10-24,59082.0,0.0,,505.0,0.0085,11872.0,,0.0,7.0
Palestine,2020-10-25,60670.0,0.0,,509.0,0.0084,12191.0,,1588.0,4.0
Palestine,2020-10-26,60670.0,0.0,,513.0,0.0085,12191.0,,0.0,4.0
Palestine,2020-10-27,60670.0,0.0,,518.0,0.0085,12191.0,,0.0,5.0
Palestine,2020-10-28,62588.0,12576.0,,518.0,0.0083,,542.0,1918.0,0.0
Palestine,2020-10-29,62588.0,12576.0,,528.0,0.0084,,542.0,0.0,10.0
Palestine,2020-10-30,62588.0,12576.0,,536.0,0.0086,,0.0,0.0,8.0
Palestine,2020-10-31,62588.0,12576.0,,544.0,0.0087,,0.0,0.0,8.0
Palestine,2020-11-01,64237.0,12908.0,,552.0,0.0086,,623.0,1649.0,8.0
Palestine,2020-11-02,64237.0,12908.0,,554.0,0.0086,,0.0,0.0,2.0
Palestine,2020-11-03,64237.0,12908.0,,561.0,0.0087,,0.0,0.0,7.0
Palestine,2020-11-04,64237.0,12908.0,,565.0,0.0088,,0.0,0.0,4.0
Palestine,2020-11-05,64741.0,13009.0,,573.0,0.0089,,0.0,504.0,8.0
Palestine,2020-11-06,66551.0,13373.0,,576.0,0.0087,,0.0,1810.0,3.0
Palestine,2020-11-07,66551.0,13373.0,,580.0,0.0087,,0.0,0.0,4.0
Palestine,2020-11-08,68500.0,13764.0,,583.0,0.0085,,582.0,1949.0,3.0
Palestine,2020-11-09,68500.0,13764.0,,584.0,0.0085,,0.0,0.0,1.0
Palestine,2020-11-10,68500.0,13764.0,,587.0,0.0086,,0.0,0.0,3.0
Palestine,2020-11-11,68500.0,13764.0,,593.0,0.0087,,0.0,0.0,6.0
Palestine,2020-11-12,71501.0,14367.0,,607.0,0.0085,,660.0,3001.0,14.0
Palestine,2020-11-13,71501.0,14367.0,,612.0,0.0086,,660.0,0.0,5.0
Palestine,2020-11-15,72967.0,14662.0,,623.0,0.0085,,823.0,1466.0,11.0
Palestine,2020-11-16,72967.0,14662.0,,633.0,0.0087,,0.0,0.0,10.0
Palestine,2020-11-17,72967.0,14662.0,,640.0,0.0088,,0.0,0.0,7.0
Palestine,2020-11-18,72967.0,14662.0,,647.0,0.0089,,0.0,0.0,7.0
Palestine,2020-11-19,76162.0,15304.0,,647.0,0.0085,,836.0,3195.0,0.0
Palestine,2020-11-20,76162.0,15304.0,,647.0,0.0085,,0.0,0.0,0.0
Palestine,2020-11-21,76162.0,15304.0,,647.0,0.0085,,0.0,0.0,0.0
Palestine,2020-11-22,74350.0,14940.0,,633.0,0.0085,,0.0,0.0,0.0
Palestine,2020-11-23,74350.0,14940.0,,633.0,0.0085,,0.0,0.0,0.0
Palestine,2020-11-24,74350.0,14940.0,,633.0,0.0085,,0.0,0.0,0.0
Palestine,2020-11-25,79822.0,16039.0,,676.0,0.0085,,0.0,5472.0,43.0
Palestine,2020-11-26,76727.0,15417.0,,665.0,0.0087,,0.0,0.0,0.0
