Location,Date,Confirmed,Case_Per_1M_people,Recovered,Deaths,Mortality,Cases per 1 million people,NewConfirmed,NewDeaths
Panama,2020-03-31,1075.0,291.71,4.0,24.0,0.022325581,,0.0,0.0
Panama,2020-04-01,1181.0,320.47,9.0,30.0,0.02540220152413209,,106.0,6.0
Panama,2020-04-02,1317.0,357.38,9.0,32.0,0.02429764616552772,,136.0,2.0
Panama,2020-04-03,1317.0,357.38,9.0,32.0,0.02429764616552772,,0.0,0.0
Panama,2020-04-07,1988.0,471.22,13.0,54.0,0.02716297786720322,,671.0,22.0
Panama,2020-04-10,2752.0,652.32,16.0,66.0,0.023982558139534885,,764.0,12.0
Panama,2020-04-11,2974.0,704.94,17.0,74.0,0.02488231338264963,,222.0,8.0
Panama,2020-04-12,2974.0,704.94,17.0,74.0,0.02488231338264963,,0.0,0.0
Panama,2020-04-14,3472.0,822.98,61.0,94.0,0.02707373271889401,,498.0,20.0
Panama,2020-04-17,4016.0,951.93,98.0,109.0,0.02714143426294821,,544.0,15.0
Panama,2020-04-18,4210.0,997.91,122.0,116.0,0.027553444180522562,,194.0,7.0
Panama,2020-04-20,4467.0,1058.83,165.0,126.0,0.028206850235057087,,257.0,10.0
Panama,2020-04-22,4658.0,1104.1,204.0,136.0,0.0291970802919708,,191.0,10.0
Panama,2020-04-23,4992.0,1183.27,255.0,144.0,0.02884615384615385,,334.0,8.0
Panama,2020-04-24,5166.0,1224.52,271.0,146.0,0.028261711188540456,,174.0,2.0
Panama,2020-04-25,5338.0,1265.29,319.0,154.0,0.028849756463094792,,172.0,8.0
Panama,2020-04-26,5538.0,1312.69,338.0,159.0,0.028710725893824486,,200.0,5.0
Panama,2020-04-27,5779.0,1369.82,369.0,165.0,0.02855165253504066,,241.0,6.0
Panama,2020-04-28,6021.0,1427.18,455.0,167.0,0.027736256435808,,242.0,2.0
Panama,2020-04-29,6200.0,1469.61,484.0,176.0,0.02838709677419355,,179.0,9.0
Panama,2020-04-30,6200.0,1469.61,484.0,176.0,0.02838709677419355,,0.0,0.0
Panama,2020-05-01,6532.0,1548.0,576.0,188.0,0.02878138395590937,,332.0,12.0
Panama,2020-05-02,6720.0,1593.0,622.0,192.0,0.028571428571428567,,188.0,4.0
Panama,2020-05-03,7090.0,1681.0,641.0,197.0,0.02778561354019746,,370.0,5.0
Panama,2020-05-04,7090.0,1681.0,641.0,197.0,0.02778561354019746,,0.0,0.0
Panama,2020-05-05,7387.0,1751.0,726.0,203.0,0.027480709354271014,,297.0,6.0
Panama,2020-05-06,7387.0,1751.0,726.0,203.0,0.027480709354271014,,0.0,0.0
Panama,2020-05-07,7731.0,1833.0,823.0,218.0,0.028198163238908287,,344.0,15.0
Panama,2020-05-08,7731.0,1833.0,823.0,218.0,0.028198163238908287,,0.0,0.0
Panama,2020-05-09,7868.0,1865.0,886.0,225.0,0.028596847991865782,,137.0,7.0
Panama,2020-05-10,8282.0,1963.0,4501.0,237.0,0.02861627626177252,,414.0,12.0
Panama,2020-05-11,8448.0,2002.0,4501.0,244.0,0.028882575757575763,,166.0,7.0
Panama,2020-05-12,8616.0,2042.0,4687.0,249.0,0.028899721448467967,,168.0,5.0
Panama,2020-05-13,8783.0,2082.0,6021.0,252.0,0.02869179095980872,,167.0,3.0
Panama,2020-05-15,9118.0,2161.0,6080.0,260.0,0.028515025224830005,,335.0,8.0
Panama,2020-05-16,9268.0,2197.0,6080.0,266.0,0.02870090634441088,,150.0,6.0
Panama,2020-05-17,9268.0,2197.0,6080.0,266.0,0.02870090634441088,,0.0,0.0
Panama,2020-05-18,9606.0,2277.0,6081.0,275.0,0.028627940870289408,,338.0,9.0
Panama,2020-05-19,9726.0,2305.0,6085.0,279.0,0.028685996298581123,,120.0,4.0
Panama,2020-05-20,9726.0,2305.0,6085.0,279.0,0.028685996298581123,,0.0,0.0
,2020-05-21,,,,,,,,
Panama,2020-05-22,10116.0,2398.0,6245.0,291.0,0.02876631079478055,,,
Panama,2020-05-23,10267.0,2434.0,6275.0,295.0,0.028732833349566576,,151.0,4.0
Panama,2020-05-24,10577.0,2507.0,6279.0,299.0,0.02826888531719769,,310.0,4.0
Panama,2020-05-25,10926.0,2590.0,6279.0,306.0,0.02800658978583196,,349.0,7.0
Panama,2020-05-26,11183.0,2651.0,6279.0,310.0,0.027720647411249216,,257.0,4.0
Panama,2020-05-27,11447.0,2713.0,6379.0,313.0,0.02734340875338517,,264.0,3.0
Panama,2020-05-28,11728.0,2780.0,7379.0,315.0,0.026858799454297408,,281.0,2.0
Panama,2020-05-29,12131.0,2875.0,7379.0,320.0,0.02637869920039568,,403.0,5.0
Panama,2020-05-30,12531.0,2970.0,7540.0,326.0,0.026015481605618063,,400.0,6.0
Panama,2020-05-31,13018.0,3086.0,9414.0,330.0,0.025349516054693502,,487.0,4.0
Panama,2020-06-01,13463.0,3191.0,9514.0,336.0,0.024957290351333285,,445.0,6.0
Panama,2020-06-02,13837.0,3280.0,9514.0,344.0,0.0248608802486088,,374.0,8.0
Panama,2020-06-03,13837.0,3280.0,9514.0,344.0,0.0249,,0.0,0.0
Panama,2020-06-04,14609.0,3463.0,9519.0,357.0,0.0244,,772.0,13.0
Panama,2020-06-05,15044.0,3566.0,9619.0,363.0,0.0241,,435.0,6.0
Panama,2020-06-06,15463.0,3665.0,9719.0,370.0,0.0239,,419.0,7.0
Panama,2020-06-07,15463.0,3665.0,9719.0,370.0,0.0239,,0.0,0.0
Panama,2020-06-08,16004.0,3793.0,10118.0,386.0,0.0241,,541.0,16.0
Panama,2020-06-09,16854.0,3995.0,10401.0,398.0,0.0236,,850.0,12.0
Panama,2020-06-10,16854.0,3995.0,10401.0,398.0,0.0236,,0.0,0.0
Panama,2020-06-12,17889.0,4240.0,10977.0,413.0,0.0231,,1035.0,15.0
Panama,2020-06-13,18568.0,4401.0,10977.0,418.0,0.0225,,679.0,5.0
Panama,2020-06-14,19211.0,4554.0,13759.0,421.0,0.0219,,643.0,3.0
Panama,2020-06-15,20059.0,4755.0,13759.0,429.0,0.0214,,848.0,8.0
Panama,2020-06-16,20686.0,4903.0,13766.0,437.0,0.0211,,627.0,8.0
Panama,2020-06-17,21422.0,5078.0,13766.0,457.0,0.0213,,736.0,20.0
Panama,2020-06-18,21962.0,5206.0,13774.0,457.0,0.0208,,540.0,0.0
Panama,2020-06-19,23351.0,5535.0,13782.0,475.0,0.0203,,1389.0,18.0
Panama,2020-06-20,24274.0,5754.0,14359.0,485.0,0.02,,923.0,10.0
Panama,2020-06-21,24274.0,5754.0,14359.0,485.0,0.02,,0.0,0.0
Panama,2020-06-22,25222.0,5978.0,14359.0,493.0,0.0195,,948.0,8.0
Panama,2020-06-23,26030.0,6170.0,14359.0,501.0,0.0192,,808.0,8.0
Panama,2020-06-24,27314.0,6474.0,14694.0,536.0,0.0196,,1284.0,35.0
Panama,2020-06-25,28030.0,6644.0,14794.0,547.0,0.0195,,716.0,11.0
Panama,2020-06-26,29037.0,6883.0,14800.0,564.0,0.0194,,1007.0,17.0
Panama,2020-06-27,29905.0,7088.0,15270.0,575.0,0.0192,,868.0,11.0
Panama,2020-06-28,29905.0,7088.0,15270.0,575.0,0.0192,,0.0,0.0
Panama,2020-06-29,31686.0,7511.0,15470.0,604.0,0.0191,,1781.0,29.0
Panama,2020-06-30,31686.0,7511.0,15470.0,604.0,0.0191,,0.0,0.0
Panama,2020-07-01,33550.0,7952.0,15745.0,631.0,0.0188,,1864.0,27.0
Panama,2020-07-02,33550.0,7952.0,15745.0,631.0,0.0188,,0.0,0.0
Panama,2020-07-03,35237.0,8352.0,0.0,667.0,0.0189,,1687.0,36.0
Panama,2020-07-04,35995.0,8532.0,16945.0,698.0,0.0194,,758.0,31.0
Panama,2020-07-05,35995.0,8532.0,16945.0,698.0,0.0194,,0.0,0.0
Panama,2020-07-06,36983.0,8766.0,17761.0,720.0,0.0195,,988.0,22.0
Panama,2020-07-07,39334.0,9323.0,18036.0,770.0,0.0196,,2351.0,50.0
Panama,2020-07-09,40291.0,9550.0,18726.0,799.0,0.0198,,957.0,29.0
Panama,2020-07-10,41251.0,9778.0,19469.0,819.0,0.0199,,960.0,20.0
Panama,2020-07-11,42216.0,10007.0,20437.0,839.0,0.0199,,965.0,20.0
Panama,2020-07-12,43257.0,10253.0,21426.0,863.0,0.02,,1041.0,24.0
Panama,2020-07-13,44332.0,10508.0,0.0,893.0,0.0201,,1075.0,30.0
Panama,2020-07-14,47173.0,11182.0,23919.0,932.0,0.0198,,2841.0,39.0
Panama,2020-07-15,47173.0,11182.0,23919.0,932.0,0.0198,,0.0,0.0
Panama,2020-07-16,48096.0,11400.0,0.0,960.0,0.02,,923.0,28.0
Panama,2020-07-18,50373.0,11940.0,25842.0,1000.0,0.0199,,2277.0,40.0
Panama,2020-07-19,51408.0,12185.0,26520.0,1038.0,0.0202,,1035.0,38.0
Panama,2020-07-19,52261.0,12388.0,0.0,1071.0,0.0205,,853.0,33.0
Panama,2020-07-21,53468.0,12674.0,28482.0,1096.0,0.0205,,1207.0,25.0
Panama,2020-07-22,54426.0,12901.0,29164.0,1127.0,0.0207,,958.0,31.0
Panama,2020-07-23,55153.0,13073.0,30075.0,1159.0,0.021,,727.0,32.0
Panama,2020-07-24,55906.0,13252.0,31122.0,1180.0,0.0211,,753.0,21.0
Panama,2020-07-25,57993.0,13746.0,32704.0,1250.0,0.0216,,2087.0,70.0
Panama,2020-07-26,58864.0,13953.0,33428.0,1275.0,0.0217,,871.0,25.0
Panama,2020-07-27,58864.0,13953.0,33428.0,1275.0,0.0217,,0.0,0.0
Panama,2020-07-28,61442.0,14564.0,35086.0,1322.0,0.0215,,2578.0,47.0
Panama,2020-07-29,62223.0,14749.0,36181.0,1349.0,0.0217,,781.0,27.0
Panama,2020-07-30,62223.0,14749.0,36181.0,1349.0,0.0217,,0.0,0.0
Panama,2020-07-31,63269.0,14997.0,37316.0,1374.0,0.0217,,1046.0,25.0
Panama,2020-08-01,65256.0,15468.0,39166.0,1421.0,0.0218,,1987.0,47.0
Panama,2020-08-02,66383.0,15735.0,40081.0,1449.0,0.0218,,1127.0,28.0
Panama,2020-08-03,66383.0,15735.0,40081.0,1449.0,0.0218,,0.0,0.0
Panama,2020-08-04,67453.0,15989.0,41038.0,1471.0,0.0218,,1070.0,22.0
Panama,2020-08-05,68456.0,16226.0,42093.0,1497.0,0.0219,,1003.0,26.0
Panama,2020-08-06,69424.0,16456.0,43330.0,1522.0,0.0219,,968.0,25.0
Panama,2020-08-07,70231.0,16647.0,44792.0,1553.0,0.0221,,807.0,31.0
Panama,2020-08-08,71418.0,16928.0,45658.0,1574.0,0.022000000000000002,,1187.0,21.0
Panama,2020-08-09,72560.0,17199.0,46675.0,1591.0,0.0219,,1142.0,17.0
Panama,2020-08-10,74492.0,17657.0,48748.0,1639.0,0.022000000000000002,,1932.0,48.0
Panama,2020-08-11,74492.0,17657.0,48748.0,1639.0,0.022000000000000002,,0.0,0.0
Panama,2020-08-12,75394.0,17871.0,49510.0,1664.0,0.0221,,902.0,25.0
Panama,2020-08-13,76464.0,18125.0,50665.0,1680.0,0.022000000000000002,,1070.0,16.0
Panama,2020-08-14,77377.0,18341.0,51597.0,1703.0,0.022000000000000002,,913.0,23.0
Panama,2020-08-15,78446.0,18594.0,52210.0,1722.0,0.022000000000000002,,1069.0,19.0
Panama,2020-08-16,79402.0,18821.0,52886.0,1734.0,0.0218,,956.0,12.0
Panama,2020-08-17,80665.0,19120.0,53857.0,1746.0,0.0216,,1263.0,12.0
Panama,2020-08-18,82543.0,19565.0,55845.0,1788.0,0.0217,,1878.0,42.0
Panama,2020-08-19,82543.0,19565.0,55845.0,1788.0,0.0217,,0.0,0.0
Panama,2020-08-20,82790.0,19624.0,57191.0,1807.0,0.0218,,247.0,19.0
Panama,2020-08-22,83855.0,19876.0,59174.0,1844.0,0.022000000000000002,,1065.0,37.0
Panama,2020-08-23,84392.0,20004.0,59722.0,1859.0,0.022000000000000002,,537.0,15.0
Panama,2020-08-24,85480.0,20262.0,60528.0,1878.0,0.022000000000000002,,1088.0,19.0
Panama,2020-08-25,86900.0,20598.0,61420.0,1892.0,0.0218,,1420.0,14.0
Panama,2020-08-26,87485.0,20737.0,62185.0,1906.0,0.0218,,585.0,14.0
Panama,2020-08-27,88381.0,20949.0,62759.0,1919.0,0.0217,,896.0,13.0
Panama,2020-08-28,89082.0,21115.0,63595.0,1932.0,0.0217,,701.0,13.0
Panama,2020-08-29,90624.0,21481.0,64602.0,1966.0,0.0217,,1542.0,34.0
Panama,2020-08-30,91337.0,21650.0,65119.0,1983.0,0.0217,,713.0,17.0
Panama,2020-08-31,91337.0,21650.0,65119.0,1983.0,0.0217,,0.0,0.0
Panama,2020-09-01,92065.0,21823.0,65747.0,1995.0,0.0217,,728.0,12.0
Panama,2020-09-02,92982.0,22040.0,66173.0,2002.0,0.0215,,917.0,7.0
Panama,2020-09-03,93552.0,22175.0,66974.0,2018.0,0.0216,,570.0,16.0
Panama,2020-09-04,94084.0,22301.0,67487.0,2030.0,0.0216,,532.0,12.0
Panama,2020-09-05,94914.0,22498.0,68198.0,2046.0,0.0216,,830.0,16.0
Panama,2020-09-07,97043.0,23002.0,69661.0,2086.0,0.0215,,2129.0,40.0
Panama,2020-09-08,97043.0,23002.0,69661.0,2086.0,0.0215,,0.0,0.0
Panama,2020-09-09,97578.0,23129.0,70247.0,2099.0,0.0215,,535.0,13.0
Panama,2020-09-10,98407.0,23326.0,70751.0,2107.0,0.0214,,829.0,8.0
Panama,2020-09-11,99042.0,23476.0,71419.0,2116.0,0.0214,,635.0,9.0
Panama,2020-09-12,100330.0,23782.0,0.0,2140.0,0.0213,,1288.0,24.0
Panama,2020-09-13,100330.0,23782.0,72858.0,2140.0,0.0213,,0.0,0.0
Panama,2020-09-14,101041.0,23950.0,73476.0,2155.0,0.0213,,711.0,15.0
Panama,2020-09-15,101745.0,24117.0,74107.0,2166.0,0.0213,,704.0,11.0
Panama,2020-09-16,102832.0,24375.0,75592.0,2187.0,0.0213,,1087.0,21.0
Panama,2020-09-17,103466.0,24525.0,76787.0,2198.0,0.0212,,634.0,11.0
Panama,2020-09-18,104138.0,24684.0,77881.0,2213.0,0.0213,,672.0,15.0
Panama,2020-09-20,104879.0,24860.0,79093.0,2229.0,0.0213,,741.0,16.0
Panama,2020-09-21,105601.0,25031.0,80190.0,2247.0,0.0213,,722.0,18.0
Panama,2020-09-22,106203.0,25174.0,81365.0,2257.0,0.0213,,602.0,10.0
Panama,2020-09-23,106810.0,25318.0,82320.0,2272.0,0.0213,,607.0,15.0
Panama,2020-09-24,107284.0,0.0,,2285.0,0.0213,25430.0,474.0,13.0
Panama,2020-09-25,107990.0,0.0,,2291.0,0.0212,25597.0,706.0,6.0
Panama,2020-09-26,108796.0,0.0,,2297.0,0.0211,25788.0,806.0,6.0
Panama,2020-09-27,110108.0,0.0,,2323.0,0.0211,26099.0,1312.0,26.0
Panama,2020-09-28,110555.0,0.0,,2340.0,0.0212,26205.0,447.0,17.0
Panama,2020-09-29,110555.0,0.0,,2340.0,0.0212,26205.0,0.0,0.0
Panama,2020-09-30,111277.0,0.0,,2348.0,0.0211,26376.0,722.0,8.0
Panama,2020-10-02,112595.0,0.0,,2372.0,0.0211,26689.0,1318.0,24.0
Panama,2020-10-03,113342.0,0.0,,2387.0,0.0211,26866.0,747.0,15.0
Panama,2020-10-04,113962.0,0.0,,2406.0,0.0211,27013.0,620.0,19.0
Panama,2020-10-05,114653.0,0.0,,2414.0,0.0211,27177.0,691.0,8.0
Panama,2020-10-06,115286.0,0.0,,2423.0,0.021,27327.0,633.0,9.0
Panama,2020-10-08,116602.0,0.0,,2440.0,0.0209,27639.0,1316.0,17.0
Panama,2020-10-09,117300.0,0.0,,2448.0,0.0209,27804.0,698.0,8.0
