Location,Date,Confirmed,Case_Per_1M_people,Recovered,Deaths,Mortality,Cases per 1 million people,NewCases,NewConfirmed,NewDeaths
Peru,2020-03-31,950,30.3,322.0,24,0.025263157999999997,,,0,0
Peru,2020-04-01,1065,33.97,394.0,30,0.028169014084507043,,,115,6
Peru,2020-04-02,1323,42.2,447.0,47,0.03552532123960695,,,258,17
Peru,2020-04-03,1414,45.11,537.0,55,0.038896746817538894,,,91,8
Peru,2020-04-07,2561,79.7,997.0,92,0.035923467395548615,,,1147,37
Peru,2020-04-10,5256,163.58,1438.0,138,0.02625570776255708,,,2695,46
Peru,2020-04-11,5897,183.53,1569.0,169,0.02865863998643378,,,641,31
Peru,2020-04-12,6848,213.12,1739.0,181,0.02643107476635514,,,951,12
Peru,2020-04-14,9784,304.5,2642.0,216,0.022076860179885527,,,2936,35
Peru,2020-04-17,12491,388.75,6120.0,274,0.02193579377151549,,,2707,58
Peru,2020-04-18,13489,419.81,6541.0,300,0.022240343983986957,,,998,26
Peru,2020-04-20,15628,486.38,6811.0,400,0.025595085743537242,,,2139,100
Peru,2020-04-22,17837,555.13,6982.0,484,0.027134607837640858,,,2209,84
Peru,2020-04-23,19250,599.1,7027.0,530,0.02753246753246753,,,1413,46
Peru,2020-04-24,20914,650.89,7422.0,572,0.027350100411207803,,,1664,42
Peru,2020-04-25,21648,673.73,7496.0,634,0.029286770140428683,,,734,62
Peru,2020-04-26,25331,788.36,7797.0,700,0.0276341241956496,,,3683,66
Peru,2020-04-27,27517,856.39,8088.0,728,0.026456372424319512,,,2186,28
Peru,2020-04-28,28699,893.18,8425.0,782,0.027248336178960938,,,1182,54
Peru,2020-04-29,31190,970.7,9179.0,854,0.027380570695735813,,,2491,72
Peru,2020-04-30,31190,970.7,9179.0,854,0.027380570695735813,,,0,0
Peru,2020-05-01,36976,1151.0,10405.0,1051,0.02842384249242752,,,5786,197
Peru,2020-05-02,40459,1259.0,11129.0,1124,0.0277812106082701,,,3483,73
Peru,2020-05-03,42534,1324.0,12434.0,1200,0.028212723938496262,,,2075,76
Peru,2020-05-04,42534,1324.0,12434.0,1200,0.028212723938496262,,,0,0
Peru,2020-05-05,47372,1474.0,14427.0,1344,0.028371189732331336,,,4838,144
Peru,2020-05-06,51189,1593.0,14427.0,1444,0.028209185567211706,,,3817,100
Peru,2020-05-07,54817,1706.0,17527.0,1533,0.02796577703996935,,,3628,89
Peru,2020-05-08,58526,1821.0,18388.0,1627,0.02779961042955268,,,3709,94
Peru,2020-05-09,61847,1925.0,19012.0,1714,0.02771355118275745,,,3321,87
Peru,2020-05-10,65015,2023.0,20246.0,1814,0.02790125355687149,,,3168,100
Peru,2020-05-11,67307,2095.0,21349.0,1889,0.02806543153015288,,,2292,75
Peru,2020-05-12,68822,2142.0,22406.0,1961,0.02849379558861992,,,1515,72
Peru,2020-05-13,72059,2243.0,23324.0,2057,0.028546052540279494,,,3237,96
Peru,2020-05-15,80604,2509.0,25151.0,2267,0.0281251550791524,,,8545,210
Peru,2020-05-16,84495,2630.0,27147.0,2392,0.028309367418190425,,,3891,125
Peru,2020-05-17,88541,2756.0,28272.0,2523,0.028495273376176012,,,4046,131
Peru,2020-05-18,92273,2872.0,28621.0,2648,0.028697452125757264,,,3732,125
Peru,2020-05-19,94933,2955.0,30306.0,2789,0.029378614391202217,,,2660,141
Peru,2020-05-20,99483,3096.0,36524.0,2914,0.029291436727883164,,,4550,125
Peru,2020-05-21,104020,3237.0,41968.0,3024,0.029071332436069987,,,4537,110
Peru,2020-05-22,108769,3385.0,43587.0,3148,0.028942069891237394,,,4749,124
Peru,2020-05-23,111698,3476.0,44848.0,3244,0.029042597002632092,,,2929,96
Peru,2020-05-24,115754,3603.0,47915.0,3373,0.029139381792421863,,,4056,129
Peru,2020-05-25,119959,3733.0,49795.0,3456,0.028809843363149075,,,4205,83
Peru,2020-05-26,123979,3858.0,50949.0,3629,0.0292710862323458,,,4020,173
Peru,2020-05-27,129751,4038.0,52906.0,3788,0.02919438000477838,,,5772,159
Peru,2020-05-28,135905,4230.0,56169.0,3983,0.02930723667267577,,,6154,195
Peru,2020-05-29,141779,4412.0,59442.0,4099,0.028911192771849142,,,5874,116
Peru,2020-05-30,148285,4615.0,62791.0,4230,0.028526148969889063,,,6506,131
Peru,2020-05-31,155671,4845.0,66447.0,4371,0.02807844749503761,,,7386,141
Peru,2020-06-01,164476,5119.0,67208.0,4506,0.027396094262992776,,,8805,135
Peru,2020-06-02,170039,5292.0,68507.0,4634,0.027252571468898312,,,5563,128
Peru,2020-06-03,174884,5443.0,69257.0,4767,0.0273,,,4845,133
Peru,2020-06-04,178914,5568.0,72319.0,4894,0.0274,,,4030,127
Peru,2020-06-05,183198,5702.0,76228.0,5031,0.0275,,,4284,137
Peru,2020-06-06,187400,5832.0,79214.0,5162,0.0275,,,4202,131
Peru,2020-06-07,191758,5968.0,82731.0,5301,0.0276,,,4358,139
Peru,2020-06-08,196515,6116.0,86219.0,5465,0.0278,,,4757,164
Peru,2020-06-09,199696,6215.0,89556.0,5571,0.0279,,,3181,106
Peru,2020-06-10,203736,6341.0,92929.0,5738,0.0282,,,4040,167
Peru,2020-06-12,214788,6685.0,102429.0,6109,0.0284,,,11052,371
Peru,2020-06-13,220749,6870.0,107133.0,6308,0.0286,,,5961,199
Peru,2020-06-14,220749,6870.0,107133.0,6308,0.0286,,,0,0
Peru,2020-06-15,225132,7007.0,111724.0,6498,0.0289,,,4383,190
Peru,2020-06-16,229736,7150.0,115579.0,6688,0.0291,,,4604,190
Peru,2020-06-17,237156,7381.0,125205.0,7056,0.0298,,,7420,368
Peru,2020-06-18,240908,7498.0,128622.0,7257,0.0301,,,3752,201
Peru,2020-06-19,244388,7606.0,131190.0,7461,0.0305,,,3480,204
Peru,2020-06-20,247925,7716.0,135520.0,7660,0.0309,,,3537,199
Peru,2020-06-21,251338,7822.0,138763.0,7861,0.0313,,,3413,201
Peru,2020-06-22,254936,7934.0,141967.0,8045,0.0316,,,3598,184
Peru,2020-06-23,257447,8012.0,145320.0,8223,0.0319,,,2511,178
Peru,2020-06-24,260810,8117.0,148437.0,8404,0.0322,,,3363,181
Peru,2020-06-25,264689,8238.0,151589.0,8586,0.0324,,,3879,182
Peru,2020-06-26,268602,8359.0,156074.0,8761,0.0326,,,3913,175
Peru,2020-06-27,272364,8477.0,159806.0,8939,0.0328,,,3762,178
Peru,2020-06-28,275989,8589.0,164024.0,9135,0.0331,,,3625,196
Peru,2020-06-29,279419,8696.0,167998.0,9317,0.0333,,,3430,182
Peru,2020-06-30,282365,8788.0,171159.0,9504,0.0337,,,2946,187
Peru,2020-07-01,285213,8876.0,174535.0,9677,0.0339,,,2848,173
Peru,2020-07-02,288477,8978.0,178245.0,9860,0.0342,,,3264,183
Peru,2020-07-03,292004,9088.0,182097.0,10045,0.0344,,,3527,185
Peru,2020-07-04,295599,9200.0,185852.0,10226,0.0346,,,3595,181
Peru,2020-07-05,299080,9308.0,189621.0,10412,0.0348,,,3481,186
Peru,2020-07-06,302718,9421.0,193957.0,10589,0.035,,,3638,177
Peru,2020-07-07,305703,9514.0,197619.0,10772,0.0352,,,2985,183
Peru,2020-07-09,312911,9738.0,204748.0,11133,0.0356,,,7208,361
Peru,2020-07-10,316448,9849.0,207802.0,11314,0.0358,,,3537,181
Peru,2020-07-11,319646,9948.0,210638.0,11500,0.036000000000000004,,,3198,186
Peru,2020-07-12,319646,9948.0,210638.0,11500,0.036000000000000004,,,0,0
Peru,2020-07-14,330123,10274.0,221008.0,12054,0.0365,,,10477,554
Peru,2020-07-15,333867,10391.0,223261.0,12229,0.0366,,,3744,175
Peru,2020-07-16,333867,10391.0,223261.0,12229,0.0366,,,0,0
Peru,2020-07-18,341586,10631.0,230994.0,12615,0.0369,,,7719,386
Peru,2020-07-19,349500,10877.0,238086.0,12998,0.0372,,,7914,383
Peru,2020-07-19,349500,10877.0,238086.0,12998,0.0372,,,0,0
Peru,2020-07-21,357681,11132.0,245081.0,13384,0.0374,,,8181,386
Peru,2020-07-22,362087,11269.0,248746.0,13579,0.0375,,,4406,195
Peru,2020-07-23,362087,11269.0,248746.0,13579,0.0375,,,0,0
Peru,2020-07-24,366550,11408.0,252246.0,17455,0.0476,,,4463,3876
Peru,2020-07-25,375961,11701.0,259423.0,17843,0.0475,,,9411,388
Peru,2020-07-26,379884,11823.0,263130.0,18030,0.0475,,,3923,187
Peru,2020-07-27,379884,11823.0,263130.0,18030,0.0475,,,0,0
Peru,2020-07-28,389717,12129.0,272547.0,18418,0.0473,,,9833,388
Peru,2020-07-29,395005,12293.0,276452.0,18612,0.0471,,,5288,194
Peru,2020-07-30,395005,12293.0,276452.0,18612,0.0471,,,0,0
Peru,2020-07-31,400683,12470.0,280044.0,18816,0.047,,,5678,204
Peru,2020-08-01,407492,12682.0,283915.0,19021,0.0467,,,6809,205
Peru,2020-08-02,414735,12907.0,287127.0,19217,0.0463,,,7243,196
Peru,2020-08-03,422183,13139.0,290835.0,19408,0.046,,,7448,191
Peru,2020-08-04,428850,13347.0,294187.0,19614,0.0457,,,6667,206
Peru,2020-08-05,433100,13479.0,298091.0,19811,0.0457,,,4250,197
Peru,2020-08-06,439890,13690.0,302457.0,20007,0.0455,,,6790,196
Peru,2020-08-07,447624,13931.0,306430.0,20228,0.0452,,,7734,221
Peru,2020-08-08,455409,14173.0,310337.0,20424,0.0448,,,7785,196
Peru,2020-08-09,463875,14437.0,314875.0,20649,0.0445,,,8466,225
Peru,2020-08-10,471012,14659.0,319171.0,20844,0.0443,,,7137,195
Peru,2020-08-11,478024,14877.0,324020.0,21072,0.0441,,,7012,228
Peru,2020-08-12,483133,15036.0,329404.0,21276,0.044000000000000004,,,5109,204
Peru,2020-08-13,489680,15240.0,335756.0,21501,0.0439,,,6547,225
Peru,2020-08-14,498555,15516.0,335756.0,21713,0.0436,,,8875,212
Peru,2020-08-15,498555,15516.0,335756.0,21713,0.0436,,,0,0
Peru,2020-08-16,498555,15516.0,335756.0,21713,0.0436,,,0,0
Peru,2020-08-17,498555,15516.0,335756.0,21713,0.0436,,,0,0
Peru,2020-08-18,535946,16680.0,365367.0,26281,0.049,,,37391,4568
Peru,2020-08-19,549321,17096.0,374019.0,26658,0.0485,,,13375,377
Peru,2020-08-20,549321,17096.0,374019.0,26658,0.0485,,,0,0
Peru,2020-08-22,567059,17648.0,380730.0,27034,0.0477,,,17738,376
Peru,2020-08-23,576067,17928.0,384908.0,27245,0.0473,,,9008,211
Peru,2020-08-24,594326,18497.0,399357.0,27663,0.0465,,,18259,418
Peru,2020-08-25,594326,18497.0,399357.0,27663,0.0465,,,0,0
Peru,2020-08-26,600438,18687.0,407301.0,27813,0.0463,,,6112,150
Peru,2020-08-27,607382,18903.0,414577.0,28001,0.0461,,,6944,188
Peru,2020-08-28,613378,19090.0,421877.0,28124,0.0459,,,5996,123
Peru,2020-08-29,629961,19606.0,438017.0,28471,0.0452,,,16583,347
Peru,2020-08-30,629961,19606.0,438017.0,28471,0.0452,,,0,0
Peru,2020-08-31,647166,20141.0,455457.0,28788,0.0445,,,17205,317
Peru,2020-09-01,647166,20141.0,455457.0,28788,0.0445,,,0,0
Peru,2020-09-02,652037,20293.0,462329.0,28944,0.0444,,,4871,156
Peru,2020-09-03,657129,20451.0,471599.0,29068,0.0442,,,5092,124
Peru,2020-09-04,663437,20648.0,480177.0,29259,0.0441,,,6308,191
Peru,2020-09-05,670147,20856.0,489886.0,29405,0.0439,,,6710,146
Peru,2020-09-07,689977,21474.0,515039.0,29838,0.0432,,,19830,433
Peru,2020-09-08,689977,21474.0,515039.0,29838,0.0432,,,0,0
Peru,2020-09-09,691575,21523.0,522251.0,29976,0.0433,,,1598,138
Peru,2020-09-10,696190,21667.0,529751.0,30123,0.0433,,,4615,147
Peru,2020-09-11,702776,21872.0,536959.0,30236,0.043,,,6586,113
Peru,2020-09-12,716670,22304.0,552214.0,30470,0.0425,,,13894,234
Peru,2020-09-13,716670,22304.0,552214.0,30470,0.0425,,,0,0
Peru,2020-09-14,729619,22707.0,566796.0,30710,0.0421,,,12949,240
Peru,2020-09-15,733860,22839.0,573364.0,30812,0.042,,,4241,102
Peru,2020-09-16,738020,22969.0,580753.0,30927,0.0419,,,4160,115
Peru,2020-09-17,744440,23169.0,587717.0,31051,0.0417,,,6420,124
Peru,2020-09-18,750098,23345.0,594513.0,31146,0.0415,,,5658,95
Peru,2020-09-20,756412,23541.0,600795.0,31283,0.0414,,,6314,137
Peru,2020-09-21,762865,23742.0,607837.0,31369,0.0411,,,6453,86
Peru,2020-09-22,768895,23930.0,615255.0,31369,0.0408,,,6030,0
Peru,2020-09-23,772896,24054.0,622418.0,31474,0.0407,,,4001,105
Peru,2020-09-24,776546,0.0,,31586,0.0407,24168.0,,3650,112
Peru,2020-09-25,782695,0.0,,31870,0.0407,24359.0,,6149,284
Peru,2020-09-26,788930,0.0,,31938,0.0405,24553.0,,6235,68
Peru,2020-09-27,794854,0.0,,32037,0.0403,24738.0,,5924,99
Peru,2020-09-28,805302,0.0,,32262,0.0401,25063.0,,10448,225
Peru,2020-09-29,808714,0.0,,32324,0.04,25169.0,,3412,62
Peru,2020-09-30,808714,0.0,,32324,0.04,25169.0,,0,0
Peru,2020-10-02,814829,0.0,,32463,0.0398,25359.0,,6115,139
Peru,2020-10-03,814829,0.0,,32463,0.0398,25359.0,,0,0
Peru,2020-10-04,818297,0.0,,32535,0.0398,25467.0,,3468,72
Peru,2020-10-05,821564,0.0,,32609,0.0397,25569.0,,3267,74
Peru,2020-10-06,821564,0.0,,32609,0.0397,25569.0,,0,0
Peru,2020-10-08,829999,0.0,,32834,0.0396,25831.0,,8435,225
Peru,2020-10-09,832929,0.0,,32914,0.0395,25923.0,,2930,80
Peru,2020-10-10,835662,0.0,,33009,0.0395,26008.0,,2733,95
Peru,2020-10-11,838614,0.0,,33098,0.0395,26100.0,,2952,89
Peru,2020-10-12,846088,0.0,,33223,0.0393,26332.0,,7474,125
Peru,2020-10-13,849371,0.0,,33305,0.0392,26434.0,,3283,82
Peru,2020-10-14,851171,0.0,,33357,0.0392,26490.0,,1800,52
Peru,2020-10-15,853974,0.0,,33419,0.0391,26578.0,,2803,62
Peru,2020-10-18,859740,0.0,,33577,0.0391,26757.0,,5766,158
Peru,2020-10-19,862417,0.0,,33648,0.039,26840.0,,2677,71
Peru,2020-10-20,865549,0.0,,33702,0.0389,26938.0,,3132,54
Peru,2020-10-22,870876,0.0,,33820,0.0388,27104.0,,5327,118
Peru,2020-10-23,874118,0.0,,33875,0.0388,27204.0,,3242,55
Peru,2020-10-24,879876,0.0,,33984,0.0386,27384.0,,5758,109
Peru,2020-10-25,879876,0.0,,33984,0.0386,27384.0,,0,0
Peru,2020-10-26,883116,0.0,,34033,0.0385,27485.0,,3240,49
Peru,2020-10-27,888715,0.0,,34149,0.0384,27659.0,,5599,116
Peru,2020-10-28,890574,27717.0,,34197,0.0384,,1859.0,1859,48
Peru,2020-10-29,890574,27717.0,,34197,0.0384,,1859.0,0,0
Peru,2020-10-30,892497,27776.0,,34257,0.0384,,1923.0,1923,60
Peru,2020-10-31,894928,27852.0,,34315,0.0383,,2431.0,2431,58
Peru,2020-11-01,897594,27935.0,,34362,0.0383,,2666.0,2666,47
Peru,2020-11-02,900180,28016.0,,34411,0.0382,,2586.0,2586,49
Peru,2020-11-03,902503,28088.0,,34476,0.0382,,2323.0,2323,65
Peru,2020-11-04,902503,28088.0,,34476,0.0382,,0.0,0,0
