Location,Date,Confirmed,Case_Per_1M_people,Recovered,Deaths,Mortality,Cases per 1 million people,NewCases,NewConfirmed,NewDeaths
Philippines,2020-03-31,1546.0,14.83,42.0,78.0,0.050452780999999995,,,0.0,0.0
Philippines,2020-04-01,2311.0,22.17,50.0,96.0,0.04154045867589788,,,765.0,18.0
Philippines,2020-04-02,2311.0,22.17,50.0,96.0,0.04154045867589788,,,0.0,0.0
Philippines,2020-04-03,2633.0,25.26,51.0,107.0,0.04063805545005697,,,322.0,11.0
Philippines,2020-04-07,3660.0,33.74,73.0,163.0,0.044535519125683064,,,1027.0,56.0
Philippines,2020-04-10,4076.0,37.57,124.0,203.0,0.04980372914622178,,,416.0,40.0
Philippines,2020-04-11,4195.0,38.67,140.0,221.0,0.05268176400476758,,,119.0,18.0
Philippines,2020-04-12,4428.0,40.82,157.0,247.0,0.055781391147244806,,,233.0,26.0
Philippines,2020-04-14,4932.0,45.46,242.0,315.0,0.06386861313868614,,,504.0,68.0
Philippines,2020-04-17,5660.0,52.17,435.0,362.0,0.06395759717314488,,,728.0,47.0
Philippines,2020-04-18,6087.0,56.11,516.0,397.0,0.06522096270740924,,,427.0,35.0
Philippines,2020-04-20,6259.0,57.69,572.0,409.0,0.06534590190126219,,,172.0,12.0
Philippines,2020-04-22,6599.0,60.83,654.0,437.0,0.0662221548719503,,,340.0,28.0
Philippines,2020-04-23,6710.0,61.85,693.0,446.0,0.06646795827123696,,,111.0,9.0
Philippines,2020-04-24,7192.0,66.29,762.0,477.0,0.06632369299221356,,,482.0,31.0
Philippines,2020-04-25,7192.0,66.29,762.0,477.0,0.06632369299221356,,,0.0,0.0
Philippines,2020-04-26,7294.0,67.23,792.0,494.0,0.06772689882094872,,,102.0,17.0
Philippines,2020-04-27,7579.0,69.86,862.0,501.0,0.06610370761314158,,,285.0,7.0
Philippines,2020-04-28,7777.0,71.69,932.0,511.0,0.06570657065706571,,,198.0,10.0
Philippines,2020-04-29,7958.0,73.35,975.0,530.0,0.06659964815280221,,,181.0,19.0
Philippines,2020-04-30,7958.0,73.35,975.0,530.0,0.06659964815280221,,,0.0,0.0
Philippines,2020-05-01,8488.0,78.0,1043.0,568.0,0.06691800188501414,,,530.0,38.0
Philippines,2020-05-02,8772.0,81.0,1084.0,579.0,0.06600547195622435,,,284.0,11.0
Philippines,2020-05-03,8928.0,82.0,1124.0,603.0,0.06754032258064516,,,156.0,24.0
Philippines,2020-05-04,9223.0,85.0,1214.0,607.0,0.06581372655318228,,,295.0,4.0
Philippines,2020-05-05,9485.0,87.0,1315.0,623.0,0.06568265682656826,,,262.0,16.0
Philippines,2020-05-06,9684.0,89.0,1408.0,637.0,0.0657786038826931,,,199.0,14.0
Philippines,2020-05-07,10004.0,92.0,1506.0,658.0,0.06577369052379048,,,320.0,21.0
Philippines,2020-05-08,10343.0,95.0,1618.0,685.0,0.06622836701150536,,,339.0,27.0
Philippines,2020-05-09,10463.0,96.0,1734.0,696.0,0.06652011851285483,,,120.0,11.0
Philippines,2020-05-10,10794.0,99.0,1924.0,719.0,0.06661108022975727,,,331.0,23.0
Philippines,2020-05-11,10794.0,99.0,1924.0,719.0,0.06661108022975727,,,0.0,0.0
Philippines,2020-05-12,11350.0,105.0,2106.0,751.0,0.06616740088105727,,,556.0,32.0
Philippines,2020-05-13,11618.0,107.0,2251.0,772.0,0.06644861421931486,,,268.0,21.0
Philippines,2020-05-15,11876.0,109.0,2337.0,790.0,0.06652071404513303,,,258.0,18.0
Philippines,2020-05-16,12091.0,111.0,2460.0,806.0,0.06666115292366223,,,215.0,16.0
Philippines,2020-05-17,12305.0,113.0,2561.0,817.0,0.06639577407557902,,,214.0,11.0
Philippines,2020-05-18,12513.0,115.0,2635.0,824.0,0.06585151442499801,,,208.0,7.0
Philippines,2020-05-19,12718.0,117.0,2729.0,831.0,0.06534046233684541,,,205.0,7.0
Philippines,2020-05-20,12942.0,119.0,2843.0,837.0,0.06467315716272601,,,224.0,6.0
,2020-05-21,,,,,,,,,
Philippines,2020-05-22,13597.0,125.0,3092.0,857.0,0.06302860925204089,,,,
Philippines,2020-05-23,13597.0,125.0,3092.0,857.0,0.06302860925204089,,,0.0,0.0
Philippines,2020-05-24,13777.0,127.0,3177.0,863.0,0.06264063293895622,,,180.0,6.0
Philippines,2020-05-25,14035.0,129.0,3249.0,868.0,0.061845386533665836,,,258.0,5.0
Philippines,2020-05-26,14319.0,132.0,3323.0,873.0,0.060967944688874925,,,284.0,5.0
Philippines,2020-05-27,14669.0,135.0,3412.0,886.0,0.060399481900606726,,,350.0,13.0
Philippines,2020-05-28,15049.0,139.0,3506.0,904.0,0.06007043657385872,,,380.0,18.0
Philippines,2020-05-29,15558.0,143.0,3598.0,921.0,0.05919784033937524,,,509.0,17.0
Philippines,2020-05-30,16634.0,153.0,3720.0,942.0,0.05663099675363713,,,1076.0,21.0
Philippines,2020-05-31,17224.0,159.0,3808.0,950.0,0.05515559684161635,,,590.0,8.0
Philippines,2020-06-01,18086.0,167.0,3909.0,957.0,0.052913856021231886,,,862.0,7.0
Philippines,2020-06-02,18638.0,172.0,3979.0,960.0,0.05150767249704904,,,552.0,3.0
Philippines,2020-06-03,18997.0,175.0,4063.0,966.0,0.0509,,,359.0,6.0
Philippines,2020-06-04,20382.0,188.0,4248.0,984.0,0.0483,,,1385.0,18.0
Philippines,2020-06-05,20382.0,188.0,4248.0,984.0,0.0483,,,0.0,0.0
Philippines,2020-06-06,20626.0,190.0,4330.0,987.0,0.0479,,,244.0,3.0
Philippines,2020-06-07,21340.0,197.0,4441.0,994.0,0.0466,,,714.0,7.0
Philippines,2020-06-08,21895.0,202.0,4530.0,1003.0,0.0458,,,555.0,9.0
Philippines,2020-06-09,22474.0,207.0,4637.0,1011.0,0.045,,,579.0,8.0
Philippines,2020-06-10,22992.0,212.0,4736.0,1017.0,0.0442,,,518.0,6.0
Philippines,2020-06-12,24175.0,223.0,5165.0,1036.0,0.0429,,,1183.0,19.0
Philippines,2020-06-13,24787.0,228.0,5454.0,1052.0,0.0424,,,612.0,16.0
Philippines,2020-06-14,25392.0,234.0,5706.0,1074.0,0.0423,,,605.0,22.0
Philippines,2020-06-15,25930.0,239.0,5954.0,1088.0,0.042,,,538.0,14.0
Philippines,2020-06-16,26420.0,244.0,6252.0,1098.0,0.0416,,,490.0,10.0
Philippines,2020-06-17,26781.0,247.0,6552.0,1103.0,0.0412,,,361.0,5.0
Philippines,2020-06-18,27799.0,256.0,7090.0,1116.0,0.0401,,,1018.0,13.0
Philippines,2020-06-19,27799.0,256.0,7090.0,1116.0,0.0401,,,0.0,0.0
Philippines,2020-06-20,28459.0,262.0,7378.0,1130.0,0.0397,,,660.0,14.0
Philippines,2020-06-21,29400.0,271.0,7650.0,1150.0,0.0391,,,941.0,20.0
Philippines,2020-06-22,30052.0,277.0,7893.0,1169.0,0.0389,,,652.0,19.0
Philippines,2020-06-23,30682.0,283.0,8143.0,1177.0,0.0384,,,630.0,8.0
Philippines,2020-06-24,31825.0,293.0,8442.0,1186.0,0.0373,,,1143.0,9.0
Philippines,2020-06-25,32295.0,298.0,8656.0,1204.0,0.0373,,,470.0,18.0
Philippines,2020-06-26,33069.0,305.0,8910.0,1212.0,0.0367,,,774.0,8.0
Philippines,2020-06-27,34073.0,314.0,9182.0,1124.0,0.033,,,1004.0,0.0
Philippines,2020-06-28,34803.0,321.0,9430.0,1236.0,0.0355,,,730.0,112.0
Philippines,2020-06-29,35455.0,327.0,9686.0,1244.0,0.0351,,,652.0,8.0
Philippines,2020-06-30,36438.0,336.0,9956.0,1255.0,0.0344,,,983.0,11.0
Philippines,2020-07-01,37514.0,346.0,10233.0,1266.0,0.0337,,,1076.0,11.0
Philippines,2020-07-02,38511.0,355.0,10438.0,1270.0,0.033,,,997.0,4.0
Philippines,2020-07-03,38805.0,358.0,10673.0,1274.0,0.0328,,,294.0,4.0
Philippines,2020-07-04,40336.0,372.0,11073.0,1280.0,0.0317,,,1531.0,6.0
Philippines,2020-07-05,41830.0,386.0,11453.0,1290.0,0.0308,,,1494.0,10.0
Philippines,2020-07-06,44254.0,408.0,11942.0,1297.0,0.0293,,,2424.0,7.0
Philippines,2020-07-07,46333.0,427.0,12185.0,1303.0,0.0281,,,2079.0,6.0
Philippines,2020-07-09,50359.0,464.0,12588.0,1314.0,0.0261,,,4026.0,11.0
Philippines,2020-07-10,51754.0,477.0,0.0,1314.0,0.0254,,,1395.0,0.0
Philippines,2020-07-11,52914.0,488.0,13230.0,1360.0,0.0257,,,1160.0,46.0
Philippines,2020-07-12,54222.0,500.0,14037.0,1372.0,0.0253,,,1308.0,12.0
Philippines,2020-07-14,57006.0,525.0,20371.0,1599.0,0.027999999999999997,,,2784.0,227.0
Philippines,2020-07-15,57545.0,530.0,20459.0,1599.0,0.0278,,,539.0,0.0
Philippines,2020-07-16,58850.0,542.0,20976.0,1614.0,0.0274,,,1305.0,15.0
Philippines,2020-07-18,63001.0,581.0,21748.0,1660.0,0.0263,,,4151.0,46.0
Philippines,2020-07-19,65304.0,602.0,22067.0,1773.0,0.0271,,,2303.0,113.0
Philippines,2020-07-19,67456.0,622.0,22067.0,1831.0,0.0271,,,2152.0,58.0
Philippines,2020-07-21,68898.0,635.0,23072.0,1835.0,0.0266,,,1442.0,4.0
Philippines,2020-07-22,70764.0,652.0,23281.0,1837.0,0.026000000000000002,,,1866.0,2.0
Philippines,2020-07-23,72269.0,666.0,23623.0,1843.0,0.0255,,,1505.0,6.0
Philippines,2020-07-24,74390.0,686.0,24383.0,1871.0,0.0252,,,2121.0,28.0
Philippines,2020-07-25,76444.0,705.0,24502.0,1879.0,0.0246,,,2054.0,8.0
Philippines,2020-07-26,80448.0,742.0,26110.0,1932.0,0.024,,,4004.0,53.0
Philippines,2020-07-27,80448.0,742.0,26110.0,1932.0,0.024,,,0.0,0.0
Philippines,2020-07-28,82040.0,756.0,26446.0,1945.0,0.0237,,,1592.0,13.0
Philippines,2020-07-29,83673.0,771.0,26617.0,1947.0,0.0233,,,1633.0,2.0
Philippines,2020-07-30,85486.0,788.0,26996.0,1962.0,0.023,,,1813.0,15.0
Philippines,2020-07-31,85486.0,788.0,26996.0,1962.0,0.023,,,0.0,0.0
Philippines,2020-08-01,85486.0,788.0,26996.0,1962.0,0.023,,,0.0,0.0
Philippines,2020-08-02,85486.0,788.0,26996.0,1962.0,0.023,,,0.0,0.0
Philippines,2020-08-03,85486.0,788.0,26996.0,1962.0,0.023,,,0.0,0.0
Philippines,2020-08-04,85486.0,788.0,26996.0,1962.0,0.023,,,0.0,0.0
Philippines,2020-08-05,112593.0,1038.0,66049.0,2115.0,0.0188,,,27107.0,153.0
Philippines,2020-08-06,115980.0,1069.0,66270.0,2123.0,0.0183,,,3387.0,8.0
Philippines,2020-08-07,119460.0,1101.0,66837.0,2150.0,0.018000000000000002,,,3480.0,27.0
Philippines,2020-08-08,122754.0,1132.0,66852.0,2168.0,0.0177,,,3294.0,18.0
Philippines,2020-08-09,126885.0,1170.0,67117.0,2209.0,0.0174,,,4131.0,41.0
Philippines,2020-08-10,129913.0,1198.0,67673.0,2270.0,0.0175,,,3028.0,61.0
Philippines,2020-08-11,136638.0,1259.0,68159.0,2294.0,0.0168,,,6725.0,24.0
Philippines,2020-08-12,139538.0,1286.0,68432.0,2312.0,0.0166,,,2900.0,18.0
Philippines,2020-08-13,143749.0,1325.0,68997.0,2404.0,0.0167,,,4211.0,92.0
Philippines,2020-08-14,147526.0,1360.0,70387.0,2426.0,0.0164,,,3777.0,22.0
Philippines,2020-08-15,153660.0,1416.0,71405.0,2442.0,0.0159,,,6134.0,16.0
Philippines,2020-08-16,157918.0,1456.0,72209.0,2600.0,0.0165,,,4258.0,158.0
Philippines,2020-08-17,161253.0,1486.0,112586.0,2665.0,0.0165,,,3335.0,65.0
Philippines,2020-08-18,164474.0,1516.0,112759.0,2681.0,0.0163,,,3221.0,16.0
Philippines,2020-08-19,169213.0,1560.0,112861.0,2687.0,0.0159,,,4739.0,6.0
Philippines,2020-08-20,173774.0,1602.0,113481.0,2795.0,0.0161,,,4561.0,108.0
Philippines,2020-08-22,182365.0,1681.0,114519.0,2940.0,0.0161,,,8591.0,145.0
Philippines,2020-08-23,187249.0,1726.0,114921.0,2966.0,0.0158,,,4884.0,26.0
Philippines,2020-08-24,189601.0,1748.0,131367.0,2998.0,0.0158,,,2352.0,32.0
Philippines,2020-08-25,194252.0,1791.0,132042.0,3010.0,0.0155,,,4651.0,12.0
Philippines,2020-08-26,197164.0,1817.0,132396.0,3038.0,0.0154,,,2912.0,28.0
Philippines,2020-08-27,202361.0,1865.0,133460.0,3137.0,0.0155,,,5197.0,99.0
Philippines,2020-08-28,205581.0,1895.0,133990.0,3234.0,0.0157,,,3220.0,97.0
Philippines,2020-08-29,209544.0,1932.0,134474.0,3325.0,0.0159,,,3963.0,91.0
Philippines,2020-08-30,213131.0,1965.0,135101.0,3419.0,0.016,,,3587.0,94.0
Philippines,2020-08-31,217396.0,2004.0,157403.0,3520.0,0.0162,,,4265.0,101.0
Philippines,2020-09-01,220819.0,2035.0,157562.0,3558.0,0.0161,,,3423.0,38.0
Philippines,2020-09-02,224264.0,2067.0,158012.0,3597.0,0.016,,,3445.0,39.0
Philippines,2020-09-03,226440.0,2087.0,158610.0,3623.0,0.016,,,2176.0,26.0
Philippines,2020-09-04,228403.0,2105.0,159475.0,3688.0,0.0161,,,1963.0,65.0
Philippines,2020-09-05,232072.0,2139.0,160549.0,3737.0,0.0161,,,3669.0,49.0
Philippines,2020-09-07,237365.0,2188.0,184687.0,3875.0,0.0163,,,5293.0,138.0
Philippines,2020-09-08,238727.0,2201.0,184906.0,3890.0,0.0163,,,1362.0,15.0
Philippines,2020-09-09,241987.0,2231.0,185178.0,3916.0,0.0162,,,3260.0,26.0
Philippines,2020-09-10,245143.0,2260.0,185543.0,3986.0,0.0163,,,3156.0,70.0
Philippines,2020-09-11,248947.0,2295.0,186058.0,4066.0,0.0163,,,3804.0,80.0
Philippines,2020-09-12,252964.0,2332.0,186606.0,4108.0,0.0162,,,4017.0,42.0
Philippines,2020-09-13,257863.0,2377.0,187116.0,4292.0,0.0166,,,4899.0,184.0
Philippines,2020-09-14,261216.0,2408.0,207568.0,4371.0,0.0167,,,3353.0,79.0
Philippines,2020-09-15,265888.0,2451.0,207504.0,4630.0,0.0174,,,4672.0,259.0
Philippines,2020-09-16,269407.0,2483.0,207352.0,4663.0,0.0173,,,3519.0,33.0
Philippines,2020-09-17,272934.0,2516.0,207858.0,4732.0,0.0173,,,3527.0,69.0
Philippines,2020-09-18,276289.0,2547.0,208096.0,4785.0,0.0173,,,3355.0,53.0
Philippines,2020-09-20,283460.0,2613.0,209885.0,4930.0,0.0174,,,7171.0,145.0
Philippines,2020-09-21,286743.0,2643.0,229865.0,4984.0,0.0174,,,3283.0,54.0
Philippines,2020-09-22,290190.0,2675.0,230233.0,4999.0,0.0172,,,3447.0,15.0
Philippines,2020-09-23,291789.0,2690.0,230643.0,5049.0,0.0173,,,1599.0,50.0
Philippines,2020-09-24,294591.0,0.0,,5091.0,0.0173,2715.0,,2802.0,42.0
Philippines,2020-09-25,296755.0,0.0,,5127.0,0.0173,2735.0,,2164.0,36.0
Philippines,2020-09-26,299361.0,0.0,,5196.0,0.0174,2759.0,,2606.0,69.0
Philippines,2020-09-27,301256.0,0.0,,5284.0,0.0175,2777.0,,1895.0,88.0
Philippines,2020-09-28,304226.0,0.0,,5344.0,0.0176,2804.0,,2970.0,60.0
Philippines,2020-09-29,307288.0,0.0,,5381.0,0.0175,2833.0,,3062.0,37.0
Philippines,2020-09-30,309303.0,0.0,,5448.0,0.0176,2851.0,,2015.0,67.0
Philippines,2020-10-02,314079.0,0.0,,5562.0,0.0177,2895.0,,4776.0,114.0
Philippines,2020-10-03,314079.0,0.0,,5562.0,0.0177,2895.0,,0.0,0.0
Philippines,2020-10-04,316678.0,0.0,,5616.0,0.0177,2919.0,,2599.0,54.0
Philippines,2020-10-05,319330.0,0.0,,5678.0,0.0178,2944.0,,2652.0,62.0
Philippines,2020-10-06,322497.0,0.0,,5776.0,0.0179,2973.0,,3167.0,98.0
Philippines,2020-10-08,326833.0,0.0,,5865.0,0.0179,3013.0,,4336.0,89.0
Philippines,2020-10-09,329637.0,0.0,,5925.0,0.018000000000000002,3039.0,,2804.0,60.0
Philippines,2020-10-10,331869.0,0.0,,6069.0,0.0183,3059.0,,2232.0,144.0
Philippines,2020-10-11,334770.0,0.0,,6152.0,0.0184,3086.0,,2901.0,83.0
Philippines,2020-10-12,336926.0,0.0,,6238.0,0.0185,3106.0,,2156.0,86.0
Philippines,2020-10-13,339341.0,0.0,,6321.0,0.0186,3128.0,,2415.0,83.0
Philippines,2020-10-14,342816.0,0.0,,6332.0,0.0185,3160.0,,3475.0,11.0
Philippines,2020-10-15,344713.0,0.0,,6372.0,0.0185,3177.0,,1897.0,40.0
Philippines,2020-10-18,351750.0,0.0,,6531.0,0.0186,3242.0,,7037.0,159.0
Philippines,2020-10-19,354338.0,0.0,,6603.0,0.0186,3266.0,,2588.0,72.0
Philippines,2020-10-20,356618.0,0.0,,6652.0,0.0187,3287.0,,2280.0,49.0
Philippines,2020-10-22,360775.0,0.0,,6690.0,0.0185,3326.0,,4157.0,38.0
Philippines,2020-10-23,362243.0,0.0,,6747.0,0.0186,3339.0,,1468.0,57.0
Philippines,2020-10-24,363888.0,0.0,,6783.0,0.0186,3354.0,,1645.0,36.0
Philippines,2020-10-25,365799.0,0.0,,6915.0,0.0189,3372.0,,1911.0,132.0
Philippines,2020-10-26,367819.0,0.0,,6934.0,0.0189,3390.0,,2020.0,19.0
Philippines,2020-10-27,370028.0,0.0,,6977.0,0.0189,3411.0,,2209.0,43.0
Philippines,2020-10-28,373144.0,3440.0,,7053.0,0.0189,,1514.0,3116.0,76.0
Philippines,2020-10-29,373144.0,3440.0,,7053.0,0.0189,,1514.0,0.0,0.0
Philippines,2020-10-30,375180.0,3458.0,,7114.0,0.019,,2036.0,2036.0,61.0
