Location,Date,Confirmed,Case_Per_1M_people,Recovered,Deaths,Mortality,NewConfirmed,NewDeaths
Poland,2020-03-31,2055,55.27,35,31,0.015085158000000001,0,0
Poland,2020-04-01,2347,63.13,35,35,0.014912654452492544,292,4
Poland,2020-04-02,2554,68.7,35,43,0.016836335160532498,207,8
Poland,2020-04-03,2946,79.24,56,57,0.019348268839103868,392,14
Poland,2020-04-07,4413,114.98,162,107,0.024246544300929068,1467,50
Poland,2020-04-10,5575,145.26,284,174,0.03121076233183857,1162,67
Poland,2020-04-11,5955,155.16,318,181,0.030394626364399664,380,7
Poland,2020-04-12,6356,165.61,375,208,0.032724984266834484,401,27
Poland,2020-04-14,6934,180.67,487,245,0.03533314104413037,578,37
Poland,2020-04-17,7918,206.31,774,314,0.039656478908815365,984,69
Poland,2020-04-18,8563,223.12,981,339,0.0395889291136284,645,25
Poland,2020-04-20,9287,241.98,1040,360,0.03876386346505868,724,21
Poland,2020-04-22,9856,256.81,1297,401,0.040685876623376624,569,41
Poland,2020-04-23,10169,264.96,1513,426,0.04189202478119776,313,25
Poland,2020-04-24,10759,280.34,1740,463,0.04303373919509248,590,37
Poland,2020-04-25,10892,283.8,1944,494,0.04535438854204921,133,31
Poland,2020-04-26,11273,293.73,2126,524,0.0464827463851681,381,30
Poland,2020-04-27,11617,302.69,2265,535,0.046053197899629854,344,11
Poland,2020-04-28,11902,310.12,2466,562,0.04721895479751302,285,27
Poland,2020-04-29,12218,318.35,2655,596,0.04878048780487805,316,34
Poland,2020-04-30,12218,318.35,2655,596,0.04878048780487805,0,0
Poland,2020-05-01,12877,336.0,3236,644,0.050011648675933836,659,48
Poland,2020-05-02,12877,336.0,3236,644,0.050011648675933836,0,0
Poland,2020-05-03,13375,348.0,3762,664,0.04964485981308411,498,20
Poland,2020-05-04,13693,357.0,3945,678,0.04951435039801359,318,14
Poland,2020-05-05,14006,365.0,4095,698,0.04983578466371555,313,20
Poland,2020-05-06,14431,376.0,4280,716,0.04961541126741044,425,18
Poland,2020-05-07,14740,384.0,4655,733,0.04972862957937585,309,17
Poland,2020-05-08,15047,392.0,4862,755,0.05017611484016748,307,22
Poland,2020-05-09,15366,400.0,5184,776,0.05050110633866979,319,21
Poland,2020-05-10,15651,408.0,5437,785,0.05015653951824165,285,9
Poland,2020-05-11,15996,417.0,5698,800,0.05001250312578145,345,15
Poland,2020-05-12,16326,425.0,5816,811,0.0496753644493446,330,11
Poland,2020-05-13,16921,441.0,6131,839,0.04958335795756752,595,28
Poland,2020-05-15,17615,459.0,6696,883,0.050127732046551236,694,44
Poland,2020-05-16,18016,469.0,6918,907,0.05034413854351688,401,24
Poland,2020-05-17,18257,476.0,7175,915,0.05011776304978912,241,8
Poland,2020-05-18,18529,483.0,7451,925,0.049921744292730316,272,10
Poland,2020-05-19,18885,492.0,7628,936,0.049563145353455115,356,11
Poland,2020-05-20,19268,502.0,7903,948,0.04920074735312435,383,12
Poland,2020-05-21,19739,514.0,8183,962,0.04873600486346826,471,14
Poland,2020-05-22,20379,531.0,8452,973,0.04774522793071299,640,11
Poland,2020-05-23,20619,537.0,8731,982,0.047625976041515104,240,9
Poland,2020-05-24,20931,545.0,8977,993,0.04744159380822703,312,11
Poland,2020-05-25,21326,556.0,9194,996,0.04670355434680672,395,3
Poland,2020-05-26,21631,564.0,9276,1007,0.04655355739448015,305,11
Poland,2020-05-27,22074,575.0,10020,1024,0.0463894174141524,443,17
Poland,2020-05-28,22473,586.0,10330,1028,0.045743781426600814,399,4
Poland,2020-05-29,22825,595.0,10560,1038,0.045476451259583786,352,10
Poland,2020-05-30,23155,603.0,10692,1051,0.04538976462966962,330,13
Poland,2020-05-31,23571,614.0,11016,1061,0.045012939629205384,416,10
Poland,2020-06-01,23786,620.0,11271,1064,0.04473219540906415,215,3
Poland,2020-06-02,24165,630.0,11449,1074,0.04444444444444445,379,10
Poland,2020-06-03,24395,636.0,11726,1092,0.0448,230,18
Poland,2020-06-04,24687,643.0,12014,1115,0.0452,292,23
Poland,2020-06-05,25048,653.0,12227,1117,0.0446,361,2
Poland,2020-06-06,25410,662.0,12410,1137,0.0447,362,20
Poland,2020-06-07,25986,677.0,12641,1153,0.0444,576,16
Poland,2020-06-08,26561,692.0,12855,1157,0.0436,575,4
Poland,2020-06-09,27160,708.0,12998,1166,0.0429,599,9
Poland,2020-06-10,27560,718.0,13196,1183,0.0429,400,17
Poland,2020-06-12,28201,735.0,13696,1215,0.0431,641,32
Poland,2020-06-13,28577,745.0,13805,1222,0.0428,376,7
Poland,2020-06-14,29017,756.0,14104,1237,0.0426,440,15
Poland,2020-06-15,29017,756.0,14104,1237,0.0426,0,0
Poland,2020-06-16,29788,776.0,14383,1256,0.0422,771,19
Poland,2020-06-17,30195,787.0,14654,1272,0.0421,407,16
Poland,2020-06-18,31015,808.0,15317,1316,0.0424,820,44
Poland,2020-06-19,31015,808.0,15317,1316,0.0424,0,0
Poland,2020-06-20,31316,816.0,15698,1334,0.0426,301,18
Poland,2020-06-21,31620,824.0,16181,1346,0.0426,304,12
Poland,2020-06-22,31931,832.0,16683,1356,0.0425,311,10
Poland,2020-06-23,32310,842.0,17076,1680,0.052000000000000005,379,324
Poland,2020-06-24,32527,848.0,17573,1375,0.0423,217,0
Poland,2020-06-25,32821,855.0,18134,1396,0.0425,294,21
Poland,2020-06-26,33119,863.0,18654,1412,0.0426,298,16
Poland,2020-06-27,33395,870.0,19218,1429,0.0428,276,17
Poland,2020-06-28,33714,878.0,19972,1435,0.0426,319,6
Poland,2020-06-29,33907,883.0,20548,1438,0.0424,193,3
Poland,2020-06-30,34154,890.0,20897,1444,0.0423,247,6
Poland,2020-07-01,34393,896.0,21281,1463,0.0425,239,19
Poland,2020-07-02,34775,906.0,21791,1477,0.0425,382,14
Poland,2020-07-03,35146,916.0,22209,1492,0.0425,371,15
Poland,2020-07-04,35405,923.0,22651,1507,0.0426,259,15
Poland,2020-07-05,35719,931.0,23127,1512,0.0423,314,5
Poland,2020-07-06,35950,937.0,23746,1517,0.0422,231,5
Poland,2020-07-07,36155,942.0,23966,1521,0.0421,205,4
Poland,2020-07-09,36689,956.0,24878,1542,0.042,534,21
Poland,2020-07-10,36951,963.0,25477,1551,0.042,262,9
Poland,2020-07-11,37216,970.0,26048,1562,0.042,265,11
Poland,2020-07-12,37521,978.0,0,1568,0.0418,305,6
Poland,2020-07-13,37891,987.0,26048,1571,0.0415,370,3
Poland,2020-07-14,38190,995.0,26048,1576,0.0413,299,5
Poland,2020-07-15,38457,1002.0,26048,1588,0.0413,267,12
Poland,2020-07-16,38721,1009.0,28492,1594,0.0412,264,6
Poland,2020-07-18,39407,1027.0,0,1612,0.0409,686,18
Poland,2020-07-19,39746,1036.0,29924,1618,0.0407,339,6
Poland,2020-07-19,40104,1045.0,0,1624,0.0405,358,6
Poland,2020-07-21,40383,1052.0,30539,1627,0.0403,279,3
Poland,2020-07-22,40782,1063.0,30771,1636,0.0401,399,9
Poland,2020-07-23,41162,1073.0,31139,1642,0.0399,380,6
Poland,2020-07-24,41580,1083.0,0,1651,0.0397,418,9
Poland,2020-07-25,42038,1095.0,31997,1655,0.0394,458,4
Poland,2020-07-26,42622,1111.0,32419,1664,0.039,584,9
Poland,2020-07-27,43065,1122.0,32753,1671,0.0388,443,7
Poland,2020-07-28,43402,1131.0,32856,1676,0.0386,337,5
Poland,2020-07-29,43904,1144.0,33043,1682,0.0383,502,6
Poland,2020-07-30,44416,1157.0,32856,1694,0.0381,512,12
Poland,2020-07-31,45031,1173.0,0,1709,0.038,615,15
Poland,2020-08-01,45688,1190.0,33643,1716,0.0376,657,7
Poland,2020-08-02,46346,1208.0,34374,1721,0.0371,658,5
Poland,2020-08-03,46894,1222.0,34709,1731,0.0369,548,10
Poland,2020-08-04,47469,1237.0,0,1732,0.0365,575,1
Poland,2020-08-05,48149,1255.0,0,1738,0.0361,680,6
Poland,2020-08-06,48789,1271.0,37565,1740,0.0357,640,2
Poland,2020-08-07,48789,1271.0,37565,1740,0.0357,0,0
Poland,2020-08-08,49515,1290.0,35642,1774,0.0358,726,34
Poland,2020-08-09,51167,1333.0,36403,1800,0.0352,1652,26
Poland,2020-08-10,51791,1349.0,36691,1807,0.0349,624,7
Poland,2020-08-11,52410,1366.0,36877,1809,0.0345,619,2
Poland,2020-08-12,52961,1380.0,37150,1821,0.0344,551,12
Poland,2020-08-13,52961,1380.0,37150,1821,0.0344,0,0
Poland,2020-08-14,54487,1420.0,37150,1844,0.0338,1526,23
Poland,2020-08-15,55319,1441.0,37150,1858,0.0336,832,14
Poland,2020-08-16,55319,1441.0,37150,1858,0.0336,0,0
Poland,2020-08-17,56684,1477.0,39130,1877,0.0331,1365,19
Poland,2020-08-18,57279,1492.0,37150,1885,0.0329,595,8
Poland,2020-08-19,57876,1508.0,39643,1896,0.0328,597,11
Poland,2020-08-20,58611,1527.0,40099,1913,0.0326,735,17
Poland,2020-08-22,60281,1571.0,41029,1938,0.0321,1670,25
Poland,2020-08-23,61181,1594.0,0,1951,0.0319,900,13
Poland,2020-08-24,61762,1609.0,42183,1955,0.0317,581,4
Poland,2020-08-25,62310,1624.0,42448,1960,0.0315,548,5
Poland,2020-08-26,63073,1643.0,42784,1977,0.0313,763,17
Poland,2020-08-27,63802,1662.0,43399,1994,0.0313,729,17
Poland,2020-08-28,64689,1686.0,44097,2010,0.0311,887,16
Poland,2020-08-29,65480,1706.0,44785,2018,0.0308,791,8
Poland,2020-08-30,66239,1726.0,45536,2032,0.0307,759,14
Poland,2020-08-31,66870,1742.0,46192,2033,0.0304,631,1
Poland,2020-09-01,67372,1755.0,46638,2039,0.0303,502,6
Poland,2020-09-02,67922,1770.0,47030,2058,0.0303,550,19
Poland,2020-09-03,68517,1785.0,47865,2078,0.0303,595,20
Poland,2020-09-04,69129,1801.0,48593,2092,0.0303,612,14
Poland,2020-09-05,69820,1819.0,49820,2100,0.0301,691,8
Poland,2020-09-07,70824,1845.0,54256,2120,0.0299,1004,20
Poland,2020-09-08,71126,1853.0,55113,2124,0.0299,302,4
Poland,2020-09-09,71526,1864.0,55910,2136,0.0299,400,12
Poland,2020-09-10,71947,1875.0,57135,2147,0.0298,421,11
Poland,2020-09-11,72453,1888.0,58069,2159,0.0298,506,12
Poland,2020-09-12,73047,1903.0,58848,2169,0.0297,594,10
Poland,2020-09-12,73047,1903.0,58848,2169,0.0297,0,0
