Location,Date,Confirmed,Case_Per_1M_people,Recovered,Deaths,Mortality,Cases per 1 million people,NewCases,NewConfirmed,NewDeaths
Qatar,2020-03-31,693,299.93,15.0,14,0.02020202,,,0,0
Qatar,2020-04-01,693,299.93,51.0,1,0.001443001443001443,,,0,0
Qatar,2020-04-02,835,361.39,71.0,2,0.0023952095808383233,,,142,1
Qatar,2020-04-03,835,361.39,71.0,2,0.0023952095808383233,,,0,0
Qatar,2020-04-07,1832,666.84,131.0,4,0.002183406113537118,,,997,2
Qatar,2020-04-10,2376,864.85,206.0,6,0.002525252525252525,,,544,2
Qatar,2020-04-11,2512,914.36,227.0,6,0.0023885350318471337,,,136,0
Qatar,2020-04-12,2728,992.98,247.0,6,0.00219941348973607,,,216,0
Qatar,2020-04-14,3231,1176.07,334.0,7,0.002166511915815537,,,503,1
Qatar,2020-04-17,4103,1493.48,415.0,7,0.0017060687301974165,,,872,0
Qatar,2020-04-18,4663,1697.31,464.0,7,0.0015011794981771394,,,560,0
Qatar,2020-04-20,5448,1983.05,518.0,8,0.0014684287812041115,,,785,1
Qatar,2020-04-22,6533,2377.99,614.0,9,0.0013776213072095515,,,1085,1
Qatar,2020-04-23,7141,2599.3,689.0,10,0.0014003640946646126,,,608,1
Qatar,2020-04-24,7764,2826.07,750.0,10,0.001287995878413189,,,623,0
Qatar,2020-04-25,8525,3103.07,809.0,10,0.0011730205278592375,,,761,0
Qatar,2020-04-26,9358,3406.28,929.0,10,0.0010686044026501386,,,833,0
Qatar,2020-04-27,10287,3744.43,1012.0,10,0.000972100709633518,,,929,0
Qatar,2020-04-28,11244,4092.77,1066.0,10,0.0008893632159373886,,,957,0
Qatar,2020-04-29,11921,4339.2,1134.0,10,0.0008388558006878617,,,677,0
Qatar,2020-04-30,11921,4339.2,1134.0,10,0.0008388558006878617,,,0,0
Qatar,2020-05-01,13409,4881.0,1372.0,10,0.0007457677679170706,,,1488,0
Qatar,2020-05-02,14096,5131.0,1436.0,12,0.000851305334846765,,,687,2
Qatar,2020-05-03,14782,5381.0,1534.0,12,0.0008117981328642943,,,686,0
Qatar,2020-05-04,14872,5413.0,1534.0,12,0.0008068854222700376,,,90,0
Qatar,2020-05-05,16191,5893.0,1810.0,12,0.0007411524921252547,,,1319,0
Qatar,2020-05-06,17142,6240.0,1924.0,12,0.0007000350017500875,,,951,0
Qatar,2020-05-07,17972,6542.0,2070.0,12,0.0006677053193857111,,,830,0
Qatar,2020-05-08,18890,6876.0,2286.0,12,0.0006352567496029645,,,918,0
Qatar,2020-05-09,20201,7353.0,2370.0,12,0.000594029998514925,,,1311,0
Qatar,2020-05-10,21331,7764.0,2449.0,13,0.0006094416576813089,,,1130,1
Qatar,2020-05-11,22520,8197.0,2753.0,14,0.0006216696269982238,,,1189,1
Qatar,2020-05-12,23623,8599.0,2840.0,14,0.0005926427634085424,,,1103,0
Qatar,2020-05-13,25149,9154.0,3019.0,14,0.0005566821742415205,,,1526,0
Qatar,2020-05-15,28272,10291.0,3356.0,14,0.0004951895868704018,,,3123,0
Qatar,2020-05-16,29425,10711.0,3546.0,14,0.00047578589634664404,,,1153,0
Qatar,2020-05-17,30972,11274.0,3788.0,15,0.00048430840759395595,,,1547,1
Qatar,2020-05-18,32604,11868.0,4370.0,15,0.00046006624953993377,,,1632,0
Qatar,2020-05-19,33969,12365.0,4899.0,15,0.00044157908681444853,,,1365,0
Qatar,2020-05-20,35606,12960.0,5634.0,15,0.00042127731281244734,,,1637,0
Qatar,2020-05-21,37097,13503.0,6600.0,16,0.0004313017225112543,,,1491,1
Qatar,2020-05-22,38651,14069.0,7288.0,17,0.00043983338076634504,,,1554,1
Qatar,2020-05-23,40481,14735.0,7893.0,19,0.0004693559941701045,,,1830,2
Qatar,2020-05-24,42213,15365.0,8513.0,21,0.0004974770805202188,,,1732,2
Qatar,2020-05-25,43714,15912.0,9170.0,23,0.0005261472297204557,,,1501,2
Qatar,2020-05-26,45465,16549.0,9363.0,26,0.000571868470251842,,,1751,3
Qatar,2020-05-27,47207,17183.0,11844.0,28,0.0005931323744359947,,,1742,2
Qatar,2020-05-28,48947,17817.0,13283.0,30,0.000612907839091262,,,1740,2
Qatar,2020-05-29,50914,18532.0,15399.0,33,0.0006481517853635543,,,1967,3
Qatar,2020-05-30,52907,19258.0,20604.0,36,0.0006804392613453796,,,1993,3
Qatar,2020-05-31,55262,20115.0,25839.0,36,0.0006514422206941479,,,2355,0
Qatar,2020-06-01,56910,20715.0,30290.0,38,0.000667720962923915,,,1648,2
Qatar,2020-06-02,58433,21269.0,33437.0,40,0.0006845446922115928,,,1523,2
Qatar,2020-06-03,60259,21934.0,36036.0,43,0.0007,,,1826,3
Qatar,2020-06-04,60259,21934.0,36036.0,43,0.0007,,,0,0
Qatar,2020-06-05,63741,23201.0,39468.0,45,0.0007,,,3482,2
Qatar,2020-06-06,65495,23840.0,40935.0,49,0.0007,,,1754,4
Qatar,2020-06-07,67195,24459.0,42527.0,51,0.0008,,,1700,2
Qatar,2020-06-08,68790,25039.0,44338.0,54,0.0008,,,1595,3
Qatar,2020-06-09,70158,25537.0,45935.0,57,0.0008,,,1368,3
Qatar,2020-06-10,70879,25800.0,47569.0,62,0.0009,,,721,5
Qatar,2020-06-12,75071,27326.0,51331.0,69,0.0009,,,4192,7
Qatar,2020-06-13,76588,27878.0,53296.0,70,0.0009,,,1517,1
Qatar,2020-06-14,78416,28543.0,55252.0,70,0.0009,,,1828,0
Qatar,2020-06-15,78416,28543.0,55252.0,70,0.0009,,,0,0
Qatar,2020-06-16,80876,29439.0,58681.0,76,0.0009,,,2460,6
Qatar,2020-06-17,82077,29876.0,60461.0,80,0.001,,,1201,4
Qatar,2020-06-18,83174,30275.0,62172.0,82,0.001,,,1097,2
Qatar,2020-06-19,84441,30736.0,63642.0,86,0.001,,,1267,4
Qatar,2020-06-20,85462,31108.0,65409.0,93,0.0011,,,1021,7
Qatar,2020-06-21,86488,31481.0,66763.0,94,0.0011,,,1026,1
Qatar,2020-06-22,87369,31802.0,68319.0,98,0.0011,,,881,4
Qatar,2020-06-23,88403,32178.0,69956.0,99,0.0011,,,1034,1
Qatar,2020-06-24,89579,32606.0,71501.0,99,0.0011,,,1176,0
Qatar,2020-06-25,90778,33043.0,73083.0,104,0.0011,,,1199,5
Qatar,2020-06-26,91838,33429.0,74544.0,106,0.0012,,,1060,2
Qatar,2020-06-27,92784,33773.0,76072.0,109,0.0012,,,946,3
Qatar,2020-06-28,93663,34093.0,77225.0,110,0.0012,,,879,1
Qatar,2020-06-29,94413,34366.0,78702.0,110,0.0012,,,750,0
Qatar,2020-06-30,95106,34618.0,80178.0,113,0.0012,,,693,3
Qatar,2020-07-01,96088,34976.0,81564.0,113,0.0012,,,982,0
Qatar,2020-07-02,97003,35309.0,83965.0,115,0.0012,,,915,2
Qatar,2020-07-03,97897,35634.0,86597.0,118,0.0012,,,894,3
Qatar,2020-07-04,98653,35909.0,88583.0,121,0.0012,,,756,3
Qatar,2020-07-05,99568,36242.0,0.0,123,0.0012,,,915,2
Qatar,2020-07-06,99799,36326.0,92284.0,128,0.0013,,,231,5
Qatar,2020-07-07,100345,36525.0,93898.0,133,0.0013,,,546,5
Qatar,2020-07-09,101553,36965.0,96107.0,138,0.0014,,,1208,5
Qatar,2020-07-10,102110,37168.0,97272.0,142,0.0014,,,557,4
Qatar,2020-07-11,102630,37357.0,98233.0,146,0.0014,,,520,4
Qatar,2020-07-12,103128,37538.0,98934.0,146,0.0014,,,498,0
Qatar,2020-07-14,104016,37861.0,100627.0,149,0.0014,,,888,3
Qatar,2020-07-15,104533,38050.0,101160.0,150,0.0014,,,517,1
Qatar,2020-07-16,104533,38050.0,101160.0,150,0.0014,,,0,0
Qatar,2020-07-18,105898,38546.0,102597.0,153,0.0014,,,1365,3
Qatar,2020-07-19,106308,38696.0,103023.0,154,0.0014,,,410,1
Qatar,2020-07-19,106308,38696.0,103023.0,154,0.0014,,,0,0
Qatar,2020-07-21,107037,38961.0,103782.0,159,0.0015,,,729,5
Qatar,2020-07-22,107430,39104.0,104191.0,160,0.0015,,,393,1
Qatar,2020-07-23,107871,39265.0,104641.0,163,0.0015,,,441,3
Qatar,2020-07-24,108244,39400.0,105018.0,164,0.0015,,,373,1
Qatar,2020-07-25,108638,39544.0,105420.0,164,0.0015,,,394,0
Qatar,2020-07-26,109036,39689.0,105750.0,164,0.0015,,,398,0
Qatar,2020-07-27,109305,39787.0,106024.0,165,0.0015,,,269,1
Qatar,2020-07-28,109597,39893.0,106328.0,165,0.0015,,,292,0
Qatar,2020-07-29,109880,39996.0,106603.0,167,0.0015,,,283,2
Qatar,2020-07-30,110153,40095.0,106849.0,169,0.0015,,,273,2
Qatar,2020-07-31,110460,40207.0,107135.0,171,0.0015,,,307,2
Qatar,2020-08-01,110695,40293.0,107377.0,174,0.0016,,,235,3
Qatar,2020-08-02,110911,40371.0,107578.0,174,0.0016,,,216,0
Qatar,2020-08-03,111107,40443.0,107779.0,177,0.0016,,,196,3
Qatar,2020-08-04,111322,40521.0,108002.0,177,0.0016,,,215,0
Qatar,2020-08-05,111538,40599.0,108254.0,177,0.0016,,,216,0
Qatar,2020-08-06,111805,40697.0,108539.0,178,0.0016,,,267,1
Qatar,2020-08-07,112092,40801.0,108831.0,178,0.0016,,,287,0
Qatar,2020-08-08,112383,40907.0,109142.0,180,0.0016,,,291,2
Qatar,2020-08-09,112650,41004.0,109438.0,182,0.0016,,,267,2
Qatar,2020-08-10,112947,41112.0,109709.0,184,0.0016,,,297,2
Qatar,2020-08-11,113262,41227.0,109993.0,188,0.0017,,,315,4
Qatar,2020-08-12,113646,41367.0,110324.0,188,0.0017,,,384,0
Qatar,2020-08-13,113938,41473.0,110627.0,190,0.0017,,,292,2
Qatar,2020-08-14,114281,41598.0,110957.0,190,0.0017,,,343,0
Qatar,2020-08-15,114532,41689.0,111258.0,190,0.0017,,,251,0
Qatar,2020-08-16,114809,41790.0,111505.0,192,0.0017,,,277,2
Qatar,2020-08-17,115080,41889.0,111794.0,193,0.0017,,,271,1
Qatar,2020-08-18,115368,41994.0,112088.0,193,0.0017,,,288,0
Qatar,2020-08-19,115661,42100.0,112355.0,193,0.0017,,,293,0
Qatar,2020-08-20,115956,42208.0,112658.0,193,0.0017,,,295,0
Qatar,2020-08-22,116481,42399.0,113216.0,193,0.0017,,,525,0
Qatar,2020-08-23,116765,42502.0,113531.0,193,0.0017,,,284,0
Qatar,2020-08-24,117008,42590.0,113808.0,193,0.0016,,,243,0
Qatar,2020-08-25,117266,42684.0,114099.0,194,0.0017,,,258,1
Qatar,2020-08-26,117498,42769.0,114318.0,194,0.0017,,,232,0
Qatar,2020-08-27,117742,42858.0,114558.0,194,0.0016,,,244,0
Qatar,2020-08-28,117988,42947.0,114797.0,195,0.0017,,,246,1
Qatar,2020-08-29,118196,43023.0,115017.0,196,0.0017,,,208,1
Qatar,2020-08-30,118407,43100.0,115251.0,196,0.0017,,,211,0
Qatar,2020-08-31,118575,43161.0,115430.0,197,0.0017,,,168,1
Qatar,2020-09-01,118778,43235.0,115667.0,197,0.0017,,,203,0
Qatar,2020-09-02,118994,43313.0,115895.0,198,0.0017,,,216,1
Qatar,2020-09-03,119206,43391.0,116111.0,199,0.0017,,,212,1
Qatar,2020-09-04,119420,43468.0,116313.0,201,0.0017,,,214,2
Qatar,2020-09-05,119637,43547.0,116538.0,201,0.0017,,,217,0
Qatar,2020-09-07,120096,43714.0,116998.0,203,0.0017,,,459,2
Qatar,2020-09-08,120348,43806.0,117248.0,205,0.0017,,,252,2
Qatar,2020-09-09,120579,43890.0,117497.0,205,0.0017,,,231,0
Qatar,2020-09-10,120846,43987.0,117746.0,205,0.0017,,,267,0
Qatar,2020-09-11,121052,44062.0,117978.0,205,0.0017,,,206,0
Qatar,2020-09-12,121287,44148.0,118199.0,205,0.0017,,,235,0
Qatar,2020-09-13,121523,44234.0,118475.0,205,0.0017,,,236,0
Qatar,2020-09-14,121740,44313.0,118682.0,205,0.0017,,,217,0
Qatar,2020-09-15,121975,44398.0,118931.0,207,0.0017,,,235,2
Qatar,2020-09-16,122214,44485.0,119144.0,208,0.0017,,,239,1
Qatar,2020-09-17,122449,44571.0,119400.0,208,0.0017,,,235,0
Qatar,2020-09-18,122693,44660.0,119613.0,208,0.0017,,,244,0
Qatar,2020-09-20,123146,44825.0,120089.0,209,0.0017,,,453,1
Qatar,2020-09-21,123376,44908.0,120303.0,210,0.0017,,,230,1
Qatar,2020-09-22,123604,44991.0,120540.0,211,0.0017,,,228,1
Qatar,2020-09-23,123917,45105.0,120766.0,211,0.0017,,,313,0
Qatar,2020-09-24,124175,0.0,,212,0.0017,45199.0,,258,1
Qatar,2020-09-25,124425,0.0,,212,0.0017,45290.0,,250,0
Qatar,2020-09-26,124650,0.0,,212,0.0017,45372.0,,225,0
Qatar,2020-09-27,124850,0.0,,214,0.0017,45445.0,,200,2
Qatar,2020-09-28,125084,0.0,,214,0.0017,45530.0,,234,0
Qatar,2020-09-29,125331,0.0,,214,0.0017,45620.0,,247,0
Qatar,2020-09-30,125533,0.0,,214,0.0017,45694.0,,202,0
Qatar,2020-10-02,125959,0.0,,214,0.0017,45849.0,,426,0
Qatar,2020-10-03,125959,0.0,,214,0.0017,45849.0,,0,0
Qatar,2020-10-04,126164,0.0,,215,0.0017,45923.0,,205,1
Qatar,2020-10-05,126339,0.0,,216,0.0017,45987.0,,175,1
Qatar,2020-10-06,126498,0.0,,216,0.0017,46045.0,,159,0
Qatar,2020-10-08,126943,0.0,,216,0.0017,46207.0,,445,0
Qatar,2020-10-09,127181,0.0,,218,0.0017,46293.0,,238,2
Qatar,2020-10-10,127394,0.0,,218,0.0017,46371.0,,213,0
Qatar,2020-10-11,127600,0.0,,219,0.0017,46446.0,,206,1
Qatar,2020-10-12,127778,0.0,,219,0.0017,46511.0,,178,0
Qatar,2020-10-13,127985,0.0,,220,0.0017,46586.0,,207,1
Qatar,2020-10-14,128191,0.0,,220,0.0017,46661.0,,206,0
Qatar,2020-10-15,128405,0.0,,220,0.0017,46739.0,,214,0
Qatar,2020-10-18,128992,0.0,,222,0.0017,46953.0,,587,2
Qatar,2020-10-19,129227,0.0,,223,0.0017,47038.0,,235,1
Qatar,2020-10-20,129431,0.0,,224,0.0017,47112.0,,204,1
Qatar,2020-10-22,129944,0.0,,224,0.0017,47299.0,,513,0
Qatar,2020-10-23,130210,0.0,,225,0.0017,47396.0,,266,1
Qatar,2020-10-24,130462,0.0,,228,0.0017,47488.0,,252,3
Qatar,2020-10-25,130711,0.0,,229,0.0018,47578.0,,249,1
Qatar,2020-10-26,130965,0.0,,229,0.0017,47671.0,,254,0
Qatar,2020-10-27,131170,0.0,,230,0.0018,47745.0,,205,1
Qatar,2020-10-28,131689,47934.0,,230,0.0017,,257.0,519,0
