Location,Date,Confirmed,Case_Per_1M_people,Recovered,Deaths,Mortality,NewConfirmed,NewDeaths
Republic of the Congo,2020-03-31,19.0,5.56,0.0,0.0,0.0,0.0,0.0
Republic of the Congo,2020-04-01,19.0,5.56,0.0,0.0,0.0,0.0,0.0
Republic of the Congo,2020-04-02,22.0,6.43,0.0,2.0,0.09090909090909093,3.0,2.0
Republic of the Congo,2020-04-03,22.0,6.43,0.0,2.0,0.09090909090909093,0.0,0.0
Republic of the Congo,2020-04-07,45.0,8.15,0.0,5.0,0.1111111111111111,23.0,3.0
Republic of the Congo,2020-04-10,45.0,8.15,0.0,5.0,0.1111111111111111,0.0,0.0
Republic of the Congo,2020-04-11,60.0,10.87,0.0,5.0,0.08333333333333333,15.0,0.0
Republic of the Congo,2020-04-12,60.0,10.87,0.0,5.0,0.08333333333333333,0.0,0.0
Republic of the Congo,2020-04-14,60.0,10.87,0.0,5.0,0.08333333333333333,0.0,0.0
Republic of the Congo,2020-04-17,117.0,21.2,11.0,5.0,0.042735042735042736,57.0,0.0
Republic of the Congo,2020-04-18,143.0,25.91,11.0,6.0,0.04195804195804196,26.0,1.0
Republic of the Congo,2020-04-20,143.0,25.91,11.0,6.0,0.04195804195804196,0.0,0.0
Republic of the Congo,2020-04-22,165.0,29.9,16.0,6.0,0.03636363636363636,22.0,0.0
Republic of the Congo,2020-04-23,186.0,33.71,16.0,6.0,0.03225806451612903,21.0,0.0
Republic of the Congo,2020-04-24,186.0,33.71,16.0,6.0,0.03225806451612903,0.0,0.0
Republic of the Congo,2020-04-25,200.0,36.24,19.0,6.0,0.03,14.0,0.0
Republic of the Congo,2020-04-26,200.0,36.24,19.0,8.0,0.04,0.0,2.0
Republic of the Congo,2020-04-27,0.0,0.0,0.0,0.0,,0.0,0.0
Republic of the Congo,2020-04-28,0.0,0.0,0.0,0.0,,0.0,0.0
Republic of the Congo,2020-04-29,0.0,0.0,0.0,0.0,,0.0,0.0
Republic of the Congo,2020-04-30,0.0,0.0,0.0,0.0,,0.0,0.0
Republic of the Congo,2020-05-01,0.0,0.0,0.0,0.0,,0.0,0.0
Republic of the Congo,2020-05-02,0.0,0.0,0.0,0.0,,0.0,0.0
Republic of the Congo,2020-05-03,0.0,0.0,0.0,0.0,,0.0,0.0
Republic of the Congo,2020-05-04,0.0,0.0,0.0,0.0,,0.0,0.0
Republic of the Congo,2020-05-05,0.0,0.0,0.0,0.0,,0.0,0.0
Republic of the Congo,2020-05-06,0.0,0.0,0.0,0.0,,0.0,0.0
Republic of the Congo,2020-05-07,0.0,0.0,0.0,0.0,,0.0,0.0
Republic of the Congo,2020-05-08,0.0,0.0,0.0,0.0,,0.0,0.0
Republic of the Congo,2020-05-09,0.0,0.0,0.0,0.0,,0.0,0.0
Republic of the Congo,2020-05-10,0.0,0.0,0.0,0.0,,0.0,0.0
Republic of the Congo,2020-05-11,0.0,0.0,0.0,0.0,,0.0,0.0
Republic of the Congo,2020-05-12,0.0,0.0,0.0,0.0,,0.0,0.0
Republic of the Congo,2020-05-13,0.0,0.0,0.0,0.0,,0.0,0.0
Republic of the Congo,2020-05-15,0.0,0.0,0.0,0.0,,0.0,0.0
Republic of the Congo,2020-05-16,0.0,0.0,0.0,0.0,,0.0,0.0
Republic of the Congo,2020-05-17,0.0,0.0,0.0,0.0,,0.0,0.0
Republic of the Congo,2020-05-18,0.0,0.0,0.0,0.0,,0.0,0.0
Republic of the Congo,2020-05-19,0.0,0.0,0.0,0.0,,0.0,0.0
Republic of the Congo,2020-05-20,420.0,76.0,132.0,15.0,0.03571428571428571,420.0,15.0
,2020-05-21,,,,,,,
Republic of the Congo,2020-05-22,469.0,85.0,137.0,16.0,0.03411513859275053,,
Republic of the Congo,2020-05-23,469.0,85.0,137.0,16.0,0.03411513859275053,0.0,0.0
Republic of the Congo,2020-05-24,487.0,88.0,1347.0,16.0,0.03285420944558522,18.0,0.0
Republic of the Congo,2020-05-25,487.0,88.0,1347.0,16.0,0.03285420944558522,0.0,0.0
Republic of the Congo,2020-05-26,487.0,88.0,1347.0,16.0,0.03285420944558522,0.0,0.0
Republic of the Congo,2020-05-27,487.0,88.0,147.0,16.0,0.03285420944558522,0.0,0.0
Republic of the Congo,2020-05-28,571.0,103.0,161.0,19.0,0.033274956217162865,84.0,3.0
Republic of the Congo,2020-05-29,571.0,103.0,161.0,19.0,0.033274956217162865,0.0,0.0
Republic of the Congo,2020-05-30,571.0,103.0,161.0,19.0,0.033274956217162865,0.0,0.0
Republic of the Congo,2020-05-31,587.0,106.0,0.0,19.0,0.032367972742759786,16.0,0.0
Republic of the Congo,2020-06-01,611.0,111.0,179.0,20.0,0.032733224222585934,24.0,1.0
Republic of the Congo,2020-06-02,611.0,111.0,179.0,20.0,0.032733224222585934,0.0,0.0
Republic of the Congo,2020-06-03,611.0,111.0,179.0,20.0,0.0327,0.0,0.0
Republic of the Congo,2020-06-04,618.0,112.0,0.0,20.0,0.0324,7.0,0.0
Republic of the Congo,2020-06-05,632.0,115.0,0.0,20.0,0.0316,14.0,0.0
Republic of the Congo,2020-06-06,635.0,115.0,182.0,20.0,0.0315,3.0,0.0
Republic of the Congo,2020-06-07,683.0,124.0,210.0,22.0,0.0322,48.0,2.0
Republic of the Congo,2020-06-08,683.0,124.0,210.0,22.0,0.0322,0.0,0.0
Republic of the Congo,2020-06-09,683.0,124.0,210.0,22.0,0.0322,0.0,0.0
Republic of the Congo,2020-06-10,683.0,124.0,210.0,22.0,0.0322,0.0,0.0
Republic of the Congo,2020-06-12,728.0,132.0,221.0,24.0,0.033,45.0,2.0
Republic of the Congo,2020-06-13,728.0,132.0,221.0,24.0,0.033,0.0,0.0
Republic of the Congo,2020-06-14,745.0,135.0,0.0,25.0,0.0336,17.0,1.0
Republic of the Congo,2020-06-15,745.0,135.0,0.0,25.0,0.0336,0.0,0.0
Republic of the Congo,2020-06-16,779.0,141.0,0.0,25.0,0.0321,34.0,0.0
Republic of the Congo,2020-06-17,883.0,160.0,0.0,27.0,0.0306,104.0,2.0
Republic of the Congo,2020-06-18,883.0,160.0,391.0,27.0,0.0306,0.0,0.0
Republic of the Congo,2020-06-19,883.0,160.0,391.0,27.0,0.0306,0.0,0.0
Republic of the Congo,2020-06-20,883.0,160.0,391.0,27.0,0.0306,0.0,0.0
Republic of the Congo,2020-06-21,883.0,160.0,391.0,27.0,0.0306,0.0,0.0
Republic of the Congo,2020-06-22,883.0,160.0,391.0,27.0,0.0306,0.0,0.0
Republic of the Congo,2020-06-23,883.0,160.0,391.0,27.0,0.0306,0.0,0.0
Republic of the Congo,2020-06-24,1087.0,197.0,456.0,37.0,0.034,204.0,10.0
Republic of the Congo,2020-06-25,1141.0,207.0,0.0,37.0,0.0324,54.0,0.0
Republic of the Congo,2020-06-26,1141.0,207.0,0.0,37.0,0.0324,0.0,0.0
Republic of the Congo,2020-06-27,1204.0,218.0,0.0,38.0,0.0316,63.0,1.0
Republic of the Congo,2020-06-28,1204.0,218.0,0.0,38.0,0.0316,0.0,0.0
Republic of the Congo,2020-06-29,1245.0,226.0,0.0,40.0,0.0321,41.0,2.0
Republic of the Congo,2020-06-30,1245.0,226.0,0.0,40.0,0.0321,0.0,0.0
Republic of the Congo,2020-07-01,1245.0,226.0,0.0,40.0,0.0321,0.0,0.0
Republic of the Congo,2020-07-02,1245.0,226.0,0.0,40.0,0.0321,0.0,0.0
Republic of the Congo,2020-07-03,1443.0,262.0,0.0,41.0,0.0284,198.0,1.0
