Location,Date,Confirmed,Case_Per_1M_people,Recovered,Deaths,Mortality,Cases per 1 million people,NewCases,NewConfirmed,NewDeaths
Russia,2020-03-31,1836,12.82,66.0,9,0.004901961,,,0,0
Russia,2020-04-01,2337,16.32,121.0,17,0.007274283269148482,,,501,8
Russia,2020-04-02,2777,19.4,190.0,24,0.008642419877565718,,,440,7
Russia,2020-04-03,3548,24.78,235.0,30,0.008455467869222097,,,771,6
Russia,2020-04-07,6343,43.22,406.0,47,0.007409743023805771,,,2795,17
Russia,2020-04-10,10131,69.04,698.0,76,0.007501727371434212,,,3788,29
Russia,2020-04-11,11917,81.21,795.0,94,0.007887891247797266,,,1786,18
Russia,2020-04-12,13584,92.57,1045.0,106,0.007803297997644287,,,1667,12
Russia,2020-04-14,21102,143.8,1694.0,170,0.008056108425741636,,,7518,64
Russia,2020-04-17,27938,190.38,2304.0,232,0.008304101940010022,,,6836,62
Russia,2020-04-18,36793,250.73,3057.0,313,0.008507052972032723,,,8855,81
Russia,2020-04-20,42853,292.02,3291.0,361,0.008424147667607868,,,6060,48
Russia,2020-04-22,52763,359.56,3873.0,456,0.008642419877565718,,,9910,95
Russia,2020-04-23,57999,395.24,4420.0,513,0.00884498008586355,,,5236,57
Russia,2020-04-24,68622,467.63,5568.0,615,0.008962140421439188,,,10623,102
Russia,2020-04-25,68622,467.63,5568.0,615,0.008962140421439188,,,0,0
Russia,2020-04-26,74588,508.28,6250.0,681,0.009130154984716041,,,5966,66
Russia,2020-04-27,87147,593.87,7346.0,794,0.009111042261925252,,,12559,113
Russia,2020-04-28,87147,593.87,7346.0,794,0.009111042261925252,,,0,0
Russia,2020-04-29,93558,637.55,8456.0,867,0.009266978772526134,,,6411,73
Russia,2020-04-30,93558,637.55,8456.0,867,0.009266978772526134,,,0,0
Russia,2020-05-01,106498,726.0,11619.0,1073,0.010075306578527295,,,12940,206
Russia,2020-05-02,114431,780.0,13220.0,1169,0.010215763211017994,,,7933,96
Russia,2020-05-03,124054,845.0,15013.0,1222,0.009850548954487564,,,9623,53
Russia,2020-05-04,134686,918.0,16639.0,1280,0.009503586118824523,,,10632,58
Russia,2020-05-05,145268,990.0,18095.0,1356,0.009334471459646998,,,10582,76
Russia,2020-05-06,155370,1059.0,19865.0,1451,0.00933899723241295,,,10102,95
Russia,2020-05-07,165929,1131.0,21327.0,1537,0.009262998029277582,,,10559,86
Russia,2020-05-08,177160,1207.0,23803.0,1625,0.009172499435538495,,,11231,88
Russia,2020-05-09,187859,1280.0,26608.0,1723,0.009171772446356044,,,10699,98
Russia,2020-05-10,209688,1429.0,34306.0,1915,0.009132616077219487,,,21829,192
Russia,2020-05-11,221344,1508.0,39801.0,2009,0.009076369813502964,,,11656,94
Russia,2020-05-12,232243,1583.0,43512.0,2116,0.009111146514641993,,,10899,107
Russia,2020-05-13,242271,1651.0,48003.0,2212,0.009130271472854778,,,10028,96
Russia,2020-05-15,252245,1719.0,53530.0,2305,0.00913794128724058,,,9974,93
Russia,2020-05-16,262843,1791.0,58226.0,2418,0.009199408011626713,,,10598,113
Russia,2020-05-17,272043,1854.0,63166.0,2537,0.009325731593902434,,,9200,119
Russia,2020-05-18,281752,1920.0,67373.0,2631,0.009337999375337176,,,9709,94
Russia,2020-05-19,290678,1981.0,70209.0,2722,0.00936431377675641,,,8926,91
Russia,2020-05-20,299941,2044.0,76130.0,2837,0.009458526843612576,,,9263,115
Russia,2020-05-21,308705,2104.0,85392.0,2972,0.009627314102460278,,,8764,135
Russia,2020-05-22,326448,2225.0,99825.0,3249,0.009952580502867226,,,17743,277
Russia,2020-05-23,326448,2225.0,99825.0,3249,0.009952580502867226,,,0,0
Russia,2020-05-24,335882,2289.0,107936.0,3388,0.010086875748030558,,,9434,139
Russia,2020-05-25,344481,2347.0,113299.0,3541,0.01027923165573718,,,8599,153
Russia,2020-05-26,353427,2408.0,118798.0,3633,0.01027935047407244,,,8946,92
Russia,2020-05-27,362342,2469.0,131129.0,3807,0.010506648415033312,,,8915,174
Russia,2020-05-28,370680,2526.0,142208.0,3968,0.010704650911837704,,,8338,161
Russia,2020-05-29,379051,2583.0,150993.0,4142,0.010927289467644196,,,8371,174
Russia,2020-05-30,387623,2641.0,159257.0,4374,0.011284160124657206,,,8572,232
Russia,2020-05-31,396575,2702.0,167469.0,4555,0.011485847569816555,,,8952,181
Russia,2020-06-01,405843,2766.0,171883.0,4693,0.01156358493308989,,,9268,138
Russia,2020-06-02,414878,2827.0,175877.0,4855,0.01170223535593596,,,9035,162
Russia,2020-06-03,423741,2888.0,186985.0,5037,0.0119,,,8863,182
Russia,2020-06-04,441108,3006.0,204623.0,5384,0.0122,,,17367,347
Russia,2020-06-05,441108,3006.0,204623.0,5384,0.0122,,,0,0
Russia,2020-06-06,449834,3065.0,212680.0,5528,0.0123,,,8726,144
Russia,2020-06-07,458689,3126.0,221388.0,5725,0.0125,,,8855,197
Russia,2020-06-08,467673,3187.0,226731.0,5859,0.0125,,,8984,134
Russia,2020-06-09,476658,3248.0,230688.0,5971,0.0125,,,8985,112
Russia,2020-06-10,485253,3307.0,242397.0,6142,0.0127,,,8595,171
Russia,2020-06-12,502436,3424.0,261150.0,6532,0.013000000000000001,,,17183,390
Russia,2020-06-13,511423,3485.0,269370.0,6715,0.0131,,,8987,183
Russia,2020-06-14,520129,3544.0,274641.0,6829,0.0131,,,8706,114
Russia,2020-06-15,528964,3605.0,280050.0,6948,0.0131,,,8835,119
Russia,2020-06-16,537210,3661.0,284539.0,7091,0.0132,,,8246,143
Russia,2020-06-17,545458,3717.0,294306.0,7284,0.0134,,,8248,193
Russia,2020-06-18,561091,3824.0,313963.0,7660,0.0137,,,15633,376
Russia,2020-06-19,561091,3824.0,313963.0,7660,0.0137,,,0,0
Russia,2020-06-20,569063,3878.0,324406.0,7841,0.0138,,,7972,181
Russia,2020-06-21,576952,3932.0,334592.0,8002,0.0139,,,7889,161
Russia,2020-06-22,584680,3984.0,339711.0,8111,0.0139,,,7728,109
Russia,2020-06-23,592280,4036.0,344416.0,8206,0.0139,,,7600,95
Russia,2020-06-24,599705,4087.0,356429.0,8359,0.0139,,,7425,153
Russia,2020-06-25,606881,4136.0,368882.0,8513,0.013999999999999999,,,7176,154
Russia,2020-06-26,613994,4184.0,375164.0,8605,0.013999999999999999,,,7113,92
Russia,2020-06-27,620794,4230.0,384152.0,8781,0.0141,,,6800,176
Russia,2020-06-28,627646,4277.0,393352.0,8969,0.0143,,,6852,188
Russia,2020-06-29,634437,4323.0,399087.0,9073,0.0143,,,6791,104
Russia,2020-06-30,641156,4369.0,403430.0,9166,0.0143,,,6719,93
Russia,2020-07-01,647849,4415.0,412650.0,9320,0.0144,,,6693,154
Russia,2020-07-02,654405,4459.0,422931.0,9536,0.0146,,,6556,216
Russia,2020-07-03,661165,4506.0,428978.0,9683,0.0146,,,6760,147
Russia,2020-07-04,667887,4551.0,0.0,9859,0.0148,,,6722,176
Russia,2020-07-05,674515,4597.0,446879.0,10027,0.0149,,,6628,168
Russia,2020-07-06,681251,4642.0,450750.0,10161,0.0149,,,6736,134
Russia,2020-07-07,687862,4687.0,454329.0,10296,0.015,,,6611,135
Russia,2020-07-09,700792,4776.0,472511.0,10667,0.0152,,,12930,371
Russia,2020-07-10,707301,4820.0,481316.0,10843,0.0153,,,6509,176
Russia,2020-07-11,713936,4865.0,489068.0,11017,0.0154,,,6635,174
Russia,2020-07-12,720547,4910.0,497446.0,11205,0.0156,,,6611,188
Russia,2020-07-14,739947,5042.0,512825.0,11614,0.0157,,,19400,409
Russia,2020-07-15,739947,5042.0,512825.0,11614,0.0157,,,0,0
Russia,2020-07-16,746369,5086.0,523249.0,11770,0.0158,,,6422,156
Russia,2020-07-18,759203,5174.0,539373.0,12123,0.016,,,12834,353
Russia,2020-07-19,765437,5216.0,546863.0,12247,0.016,,,6234,124
Russia,2020-07-19,771546,5258.0,550344.0,12342,0.016,,,6109,95
Russia,2020-07-21,777486,5298.0,553602.0,12427,0.016,,,5940,85
Russia,2020-07-22,783328,5338.0,562384.0,12580,0.0161,,,5842,153
Russia,2020-07-23,789190,5378.0,572053.0,12745,0.0161,,,5862,165
Russia,2020-07-24,795038,5418.0,580330.0,12892,0.0162,,,5848,147
Russia,2020-07-25,800849,5457.0,588774.0,13046,0.0163,,,5811,154
Russia,2020-07-26,812485,5537.0,600250.0,13269,0.0163,,,11636,223
Russia,2020-07-27,812485,5537.0,600250.0,13269,0.0163,,,0,0
Russia,2020-07-28,818120,5575.0,603329.0,13354,0.0163,,,5635,85
Russia,2020-07-29,823515,5612.0,612217.0,13504,0.0164,,,5395,150
Russia,2020-07-30,828990,5649.0,620333.0,13673,0.0165,,,5475,169
Russia,2020-07-31,834499,5687.0,629655.0,13802,0.0165,,,5509,129
Russia,2020-08-01,839981,5724.0,638410.0,13963,0.0166,,,5482,161
Russia,2020-08-02,845443,5761.0,646524.0,14058,0.0166,,,5462,95
Russia,2020-08-03,850870,5798.0,650173.0,14128,0.0166,,,5427,70
Russia,2020-08-04,856264,5835.0,653593.0,14207,0.0166,,,5394,79
Russia,2020-08-05,861423,5870.0,661471.0,14351,0.0167,,,5159,144
Russia,2020-08-06,866627,5906.0,669026.0,14490,0.0167,,,5204,139
Russia,2020-08-07,871894,5942.0,676357.0,14606,0.0168,,,5267,116
Russia,2020-08-08,877135,5977.0,683592.0,14725,0.0168,,,5241,119
Russia,2020-08-09,882347,6013.0,690207.0,14854,0.0168,,,5212,129
Russia,2020-08-10,887536,6048.0,693422.0,14931,0.0168,,,5189,77
Russia,2020-08-11,892654,6083.0,696681.0,15001,0.0168,,,5118,70
Russia,2020-08-12,897599,6117.0,703175.0,15131,0.0169,,,4945,130
Russia,2020-08-13,902710,6152.0,710298.0,15260,0.0169,,,5111,129
Russia,2020-08-14,907758,6186.0,716396.0,15384,0.0169,,,5048,124
Russia,2020-08-15,912823,6220.0,722964.0,15498,0.017,,,5065,114
Russia,2020-08-16,917884,6255.0,729411.0,15617,0.017,,,5061,119
Russia,2020-08-17,922853,6289.0,732968.0,15685,0.017,,,4969,68
Russia,2020-08-18,927745,6322.0,736101.0,15740,0.017,,,4892,55
Russia,2020-08-19,932493,6355.0,742628.0,15872,0.017,,,4748,132
Russia,2020-08-20,937321,6387.0,749423.0,15989,0.0171,,,4828,117
Russia,2020-08-22,946976,6453.0,761330.0,16189,0.0171,,,9655,200
Russia,2020-08-23,951897,6487.0,767477.0,16310,0.0171,,,4921,121
Russia,2020-08-24,956749,6520.0,770639.0,16383,0.0171,,,4852,73
Russia,2020-08-25,961493,6552.0,773095.0,16448,0.0171,,,4744,65
Russia,2020-08-26,966189,6584.0,779747.0,16568,0.0171,,,4696,120
Russia,2020-08-27,970865,6616.0,786150.0,16683,0.0172,,,4676,115
Russia,2020-08-28,975576,6648.0,792561.0,16804,0.0172,,,4711,121
Russia,2020-08-29,980405,6681.0,798466.0,16914,0.0173,,,4829,110
Russia,2020-08-30,985346,6715.0,804383.0,17025,0.0173,,,4941,111
Russia,2020-08-31,990326,6749.0,806982.0,17093,0.0173,,,4980,68
Russia,2020-09-01,995319,6783.0,809387.0,17176,0.0173,,,4993,83
Russia,2020-09-02,1000048,6815.0,815705.0,17299,0.0173,,,4729,123
Russia,2020-09-03,1005000,6849.0,821169.0,17414,0.0173,,,4952,115
Russia,2020-09-04,1009995,6883.0,826935.0,17528,0.0174,,,4995,114
Russia,2020-09-05,1015105,6917.0,832747.0,17649,0.0174,,,5110,121
Russia,2020-09-07,1025505,6988.0,840949.0,17820,0.0174,,,10400,171
Russia,2020-09-08,1030690,7024.0,843277.0,17871,0.0173,,,5185,51
Russia,2020-09-09,1035789,7058.0,850049.0,17993,0.0174,,,5099,122
Russia,2020-09-10,1041007,7094.0,856458.0,18135,0.0174,,,5218,142
Russia,2020-09-11,1046370,7131.0,862373.0,18263,0.0175,,,5363,128
Russia,2020-09-12,1051874,7168.0,868107.0,18365,0.0175,,,5504,102
Russia,2020-09-13,1057362,7205.0,873535.0,18484,0.0175,,,5488,119
Russia,2020-09-14,1062811,7243.0,876225.0,18578,0.0175,,,5449,94
Russia,2020-09-15,1068320,7280.0,878770.0,18635,0.0174,,,5509,57
Russia,2020-09-16,1073849,7318.0,884305.0,18785,0.0175,,,5529,150
Russia,2020-09-17,1079519,7356.0,890114.0,18917,0.0175,,,5670,132
Russia,2020-09-18,1085281,7396.0,895868.0,19061,0.0176,,,5762,144
Russia,2020-09-20,1097251,7477.0,906462.0,19339,0.0176,,,11970,278
Russia,2020-09-21,1103399,7519.0,906462.0,19418,0.0176,,,6148,79
Russia,2020-09-22,1109595,7561.0,911973.0,19489,0.0176,,,6196,71
Russia,2020-09-23,1115810,7604.0,917949.0,19649,0.0176,,,6215,160
Russia,2020-09-24,1122241,0.0,,19799,0.0176,7648.0,,6431,150
Russia,2020-09-25,1128836,0.0,,19948,0.0177,7692.0,,6595,149
Russia,2020-09-26,1136048,0.0,,20056,0.0177,7742.0,,7212,108
Russia,2020-09-27,1143571,0.0,,20225,0.0177,7793.0,,7523,169
Russia,2020-09-28,1151438,0.0,,20324,0.0177,7847.0,,7867,99
Russia,2020-09-29,1159573,0.0,,20385,0.0176,7902.0,,8135,61
Russia,2020-09-30,1167805,0.0,,20545,0.0176,7958.0,,8232,160
Russia,2020-10-02,1185231,0.0,,20891,0.0176,8077.0,,17426,346
Russia,2020-10-03,1179634,0.0,,20796,0.0176,8039.0,,0,0
Russia,2020-10-04,1188928,0.0,,20981,0.0176,8102.0,,9294,185
Russia,2020-10-05,1198663,0.0,,21153,0.0176,8168.0,,9735,172
Russia,2020-10-06,1209039,0.0,,21260,0.0176,8239.0,,10376,107
Russia,2020-10-08,1231277,0.0,,21559,0.0175,8391.0,,22238,299
Russia,2020-10-09,1242258,0.0,,21755,0.0175,8465.0,,10981,196
Russia,2020-10-10,1253603,0.0,,21939,0.0175,8543.0,,11345,184
Russia,2020-10-11,1265572,0.0,,22137,0.0175,8624.0,,11969,198
Russia,2020-10-12,1278245,0.0,,22331,0.0175,8711.0,,12673,194
Russia,2020-10-13,1291687,0.0,,22471,0.0174,8802.0,,13442,140
Russia,2020-10-14,1305093,0.0,,22594,0.0173,8894.0,,13406,123
Russia,2020-10-15,1318783,0.0,,22834,0.0173,8987.0,,13690,240
Russia,2020-10-18,1361317,0.0,,23580,0.0173,9277.0,,42534,746
Russia,2020-10-19,1376020,0.0,,23857,0.0173,9377.0,,14703,277
Russia,2020-10-20,1390824,0.0,,24039,0.0173,9478.0,,14804,182
Russia,2020-10-22,1422775,0.0,,24473,0.0172,9696.0,,31951,434
Russia,2020-10-23,1438219,0.0,,24786,0.0172,9801.0,,15444,313
Russia,2020-10-24,1453923,0.0,,25072,0.0172,9908.0,,15704,286
Russia,2020-10-25,1471000,0.0,,25353,0.0172,10024.0,,17077,281
Russia,2020-10-26,1487260,0.0,,25647,0.0172,10135.0,,16260,294
Russia,2020-10-27,1503652,0.0,,25875,0.0172,10247.0,,16392,228
Russia,2020-10-28,1537142,10475.0,,26409,0.0172,,16342.0,33490,534
Russia,2020-10-29,1537142,10475.0,,26409,0.0172,,16342.0,0,0
Russia,2020-10-30,1553028,10583.0,,26752,0.0172,,15886.0,15886,343
Russia,2020-10-31,1570446,10702.0,,27111,0.0173,,17418.0,17418,359
Russia,2020-11-01,1588433,10824.0,,27462,0.0173,,17987.0,17987,351
Russia,2020-11-02,1606267,10946.0,,27787,0.0173,,17834.0,17834,325
Russia,2020-11-03,1624648,11071.0,,28026,0.0173,,18381.0,18381,239
Russia,2020-11-04,1642665,11194.0,,28264,0.0172,,18017.0,18017,238
Russia,2020-11-05,1661096,11320.0,,28611,0.0172,,18431.0,18431,347
Russia,2020-11-06,1680579,11452.0,,28996,0.0173,,19483.0,19483,385
Russia,2020-11-07,1699695,11583.0,,29285,0.0172,,19116.0,19116,289
Russia,2020-11-08,1720063,11721.0,,29654,0.0172,,20368.0,20368,369
Russia,2020-11-09,1740172,11858.0,,30010,0.0172,,20109.0,20109,356
Russia,2020-11-10,1760420,11996.0,,30292,0.0172,,20248.0,20248,282
Russia,2020-11-11,1781997,12143.0,,30546,0.0171,,21577.0,21577,254
Russia,2020-11-12,1802762,12285.0,,30899,0.0171,,20765.0,20765,353
Russia,2020-11-13,1822345,12418.0,,31326,0.0172,,19583.0,19583,427
Russia,2020-11-15,1865395,12712.0,,32156,0.0172,,21717.0,43050,830
Russia,2020-11-16,1887836,12865.0,,32536,0.0172,,22441.0,22441,380
Russia,2020-11-17,1910149,13017.0,,32885,0.0172,,22313.0,22313,349
Russia,2020-11-18,1932711,13171.0,,33184,0.0172,,22562.0,22562,299
Russia,2020-11-19,1954912,13322.0,,33619,0.0172,,22201.0,22201,435
Russia,2020-11-20,1975629,13463.0,,34068,0.0172,,20717.0,20717,449
Russia,2020-11-21,1998966,13622.0,,34525,0.0173,,23337.0,23337,457
Russia,2020-11-22,2023025,13786.0,,34980,0.0173,,24059.0,24059,455
Russia,2020-11-23,2047563,13953.0,,35442,0.0173,,24538.0,24538,462
Russia,2020-11-24,2071858,14119.0,,35838,0.0173,,24295.0,24295,396
Russia,2020-11-25,2096749,14288.0,,36192,0.0173,,24891.0,24891,354
Russia,2020-11-26,2120836,14453.0,,36675,0.0173,,24087.0,24087,483
Russia,2020-11-27,2144229,14612.0,,37173,0.0173,,23393.0,23393,498
Russia,2020-11-28,2169424,14784.0,,37688,0.0174,,25195.0,25195,515
Russia,2020-11-29,2196691,14969.0,,38175,0.0174,,27267.0,27267,487
Russia,2020-11-30,2223500,15152.0,,38676,0.0174,,26809.0,26809,501
Russia,2020-12-01,2249890,15332.0,,39127,0.0174,,26390.0,26390,451
Russia,2020-12-01,2249890,15332.0,,39127,0.0174,,26390.0,0,0
