Location,Date,Confirmed,Case_Per_1M_people,Recovered,Deaths,Mortality,NewConfirmed,NewDeaths
Rwanda,2020-03-31,70.0,6.14,0.0,0.0,0.0,0.0,0.0
Rwanda,2020-04-01,75.0,6.58,0.0,0.0,0.0,5.0,0.0
Rwanda,2020-04-02,82.0,7.19,0.0,0.0,0.0,7.0,0.0
Rwanda,2020-04-03,84.0,7.37,0.0,0.0,0.0,2.0,0.0
Rwanda,2020-04-07,104.0,8.4,4.0,0.0,0.0,20.0,0.0
Rwanda,2020-04-10,113.0,9.13,7.0,0.0,0.0,9.0,0.0
Rwanda,2020-04-11,118.0,9.54,7.0,0.0,0.0,5.0,0.0
Rwanda,2020-04-12,118.0,9.54,7.0,0.0,0.0,0.0,0.0
Rwanda,2020-04-14,127.0,10.26,42.0,0.0,0.0,9.0,0.0
Rwanda,2020-04-17,138.0,11.15,60.0,0.0,0.0,11.0,0.0
Rwanda,2020-04-18,143.0,11.56,65.0,0.0,0.0,5.0,0.0
Rwanda,2020-04-20,147.0,11.88,76.0,0.0,0.0,4.0,0.0
Rwanda,2020-04-22,150.0,12.12,84.0,0.0,0.0,3.0,0.0
Rwanda,2020-04-23,153.0,12.36,84.0,0.0,0.0,3.0,0.0
Rwanda,2020-04-24,154.0,12.45,87.0,0.0,0.0,1.0,0.0
Rwanda,2020-04-25,176.0,14.22,87.0,0.0,0.0,22.0,0.0
Rwanda,2020-04-26,183.0,14.79,88.0,0.0,0.0,7.0,0.0
Rwanda,2020-04-27,191.0,15.44,92.0,0.0,0.0,8.0,0.0
Rwanda,2020-04-28,207.0,16.73,93.0,0.0,0.0,16.0,0.0
Rwanda,2020-04-29,212.0,17.13,95.0,0.0,0.0,5.0,0.0
Rwanda,2020-04-30,212.0,17.13,95.0,0.0,0.0,0.0,0.0
Rwanda,2020-05-01,243.0,20.0,104.0,0.0,0.0,31.0,0.0
Rwanda,2020-05-02,249.0,20.0,109.0,0.0,0.0,6.0,0.0
Rwanda,2020-05-03,255.0,21.0,120.0,0.0,0.0,6.0,0.0
Rwanda,2020-05-04,255.0,21.0,120.0,0.0,0.0,0.0,0.0
Rwanda,2020-05-05,261.0,21.0,128.0,0.0,0.0,6.0,0.0
Rwanda,2020-05-06,261.0,21.0,129.0,0.0,0.0,0.0,0.0
Rwanda,2020-05-07,268.0,22.0,130.0,0.0,0.0,7.0,0.0
Rwanda,2020-05-08,268.0,22.0,130.0,0.0,0.0,0.0,0.0
Rwanda,2020-05-09,273.0,22.0,136.0,0.0,0.0,5.0,0.0
Rwanda,2020-05-10,280.0,23.0,140.0,0.0,0.0,7.0,0.0
Rwanda,2020-05-11,284.0,23.0,140.0,0.0,0.0,4.0,0.0
Rwanda,2020-05-12,285.0,23.0,150.0,0.0,0.0,1.0,0.0
Rwanda,2020-05-13,286.0,23.0,153.0,0.0,0.0,1.0,0.0
Rwanda,2020-05-15,287.0,23.0,168.0,0.0,0.0,1.0,0.0
Rwanda,2020-05-16,287.0,23.0,177.0,0.0,0.0,0.0,0.0
Rwanda,2020-05-17,287.0,23.0,177.0,0.0,0.0,0.0,0.0
Rwanda,2020-05-18,292.0,24.0,197.0,0.0,0.0,5.0,0.0
Rwanda,2020-05-19,297.0,24.0,203.0,0.0,0.0,5.0,0.0
Rwanda,2020-05-20,308.0,25.0,209.0,0.0,0.0,11.0,0.0
,2020-05-21,,,,,,,
Rwanda,2020-05-22,320.0,26.0,217.0,0.0,0.0,,
Rwanda,2020-05-23,321.0,26.0,222.0,0.0,0.0,1.0,0.0
Rwanda,2020-05-24,325.0,26.0,227.0,0.0,0.0,4.0,0.0
Rwanda,2020-05-25,327.0,26.0,237.0,0.0,0.0,2.0,0.0
Rwanda,2020-05-26,327.0,26.0,237.0,0.0,0.0,0.0,0.0
Rwanda,2020-05-27,369.0,30.0,244.0,0.0,0.0,42.0,0.0
Rwanda,2020-05-28,346.0,28.0,245.0,0.0,0.0,0.0,0.0
Rwanda,2020-05-29,349.0,28.0,245.0,0.0,0.0,3.0,0.0
Rwanda,2020-05-30,355.0,29.0,247.0,0.0,0.0,6.0,0.0
Rwanda,2020-05-31,359.0,29.0,250.0,1.0,0.0027855153203342623,4.0,1.0
Rwanda,2020-06-01,370.0,30.0,256.0,1.0,0.0027027027027027033,11.0,0.0
Rwanda,2020-06-02,377.0,30.0,262.0,1.0,0.002652519893899204,7.0,0.0
Rwanda,2020-06-03,384.0,31.0,269.0,1.0,0.0026,7.0,0.0
Rwanda,2020-06-04,397.0,32.0,271.0,2.0,0.005,13.0,1.0
Rwanda,2020-06-05,410.0,33.0,280.0,2.0,0.0049,13.0,0.0
Rwanda,2020-06-06,420.0,34.0,282.0,2.0,0.0048,10.0,0.0
Rwanda,2020-06-07,431.0,35.0,283.0,2.0,0.0046,11.0,0.0
Rwanda,2020-06-08,439.0,35.0,290.0,2.0,0.0046,8.0,0.0
Rwanda,2020-06-09,451.0,36.0,297.0,2.0,0.0044,12.0,0.0
Rwanda,2020-06-10,463.0,37.0,300.0,2.0,0.0043,12.0,0.0
Rwanda,2020-06-12,494.0,40.0,313.0,2.0,0.004,31.0,0.0
Rwanda,2020-06-13,510.0,41.0,321.0,2.0,0.0039,16.0,0.0
Rwanda,2020-06-14,541.0,44.0,332.0,2.0,0.0037,31.0,0.0
Rwanda,2020-06-15,541.0,44.0,332.0,2.0,0.0037,0.0,0.0
Rwanda,2020-06-16,612.0,49.0,338.0,2.0,0.0033,71.0,0.0
Rwanda,2020-06-17,636.0,51.0,338.0,2.0,0.0031,24.0,0.0
Rwanda,2020-06-18,639.0,52.0,347.0,2.0,0.0031,3.0,0.0
Rwanda,2020-06-19,646.0,52.0,350.0,2.0,0.0031,7.0,0.0
Rwanda,2020-06-20,661.0,53.0,351.0,2.0,0.003,15.0,0.0
Rwanda,2020-06-21,702.0,57.0,357.0,2.0,0.0028,41.0,0.0
Rwanda,2020-06-22,728.0,59.0,359.0,2.0,0.0027,26.0,0.0
Rwanda,2020-06-23,728.0,59.0,359.0,2.0,0.0027,0.0,0.0
Rwanda,2020-06-24,798.0,64.0,371.0,2.0,0.0025,70.0,0.0
Rwanda,2020-06-25,830.0,67.0,376.0,2.0,0.0024,32.0,0.0
Rwanda,2020-06-26,850.0,69.0,385.0,2.0,0.0024,20.0,0.0
Rwanda,2020-06-27,858.0,69.0,398.0,2.0,0.0023,8.0,0.0
Rwanda,2020-06-28,858.0,69.0,398.0,2.0,0.0023,0.0,0.0
Rwanda,2020-06-29,900.0,73.0,443.0,2.0,0.0022,42.0,0.0
Rwanda,2020-06-30,1001.0,81.0,443.0,2.0,0.002,101.0,0.0
Rwanda,2020-07-01,1001.0,81.0,443.0,2.0,0.002,0.0,0.0
Rwanda,2020-07-02,1001.0,81.0,443.0,2.0,0.002,0.0,0.0
Rwanda,2020-07-03,1042.0,84.0,470.0,3.0,0.0029,41.0,1.0
Rwanda,2020-07-04,1081.0,87.0,512.0,3.0,0.0028,39.0,0.0
Rwanda,2020-07-05,1081.0,87.0,512.0,3.0,0.0028,0.0,0.0
Rwanda,2020-07-06,1092.0,88.0,523.0,3.0,0.0027,11.0,0.0
Rwanda,2020-07-07,1113.0,90.0,575.0,3.0,0.0027,21.0,0.0
Rwanda,2020-07-09,1194.0,96.0,610.0,3.0,0.0025,81.0,0.0
Rwanda,2020-07-10,1194.0,96.0,610.0,3.0,0.0025,0.0,0.0
Rwanda,2020-07-11,1252.0,101.0,635.0,3.0,0.0024,58.0,0.0
Rwanda,2020-07-12,1252.0,101.0,635.0,3.0,0.0024,0.0,0.0
Rwanda,2020-07-13,1299.0,105.0,0.0,4.0,0.0031,47.0,1.0
Rwanda,2020-07-14,1337.0,108.0,0.0,4.0,0.003,38.0,0.0
Rwanda,2020-07-15,1378.0,111.0,0.0,4.0,0.0029,41.0,0.0
Rwanda,2020-07-16,1378.0,111.0,0.0,4.0,0.0029,0.0,0.0
Rwanda,2020-07-18,1473.0,119.0,770.0,4.0,0.0027,95.0,0.0
Rwanda,2020-07-19,1485.0,120.0,0.0,4.0,0.0027,12.0,0.0
Rwanda,2020-07-19,1539.0,124.0,819.0,5.0,0.0032,54.0,1.0
Rwanda,2020-07-21,1539.0,124.0,819.0,5.0,0.0032,0.0,0.0
Rwanda,2020-07-22,1582.0,128.0,0.0,5.0,0.0032,43.0,0.0
Rwanda,2020-07-23,1655.0,134.0,0.0,5.0,0.003,73.0,0.0
Rwanda,2020-07-24,1710.0,138.0,889.0,5.0,0.0029,55.0,0.0
Rwanda,2020-07-25,1729.0,140.0,900.0,5.0,0.0029,19.0,0.0
Rwanda,2020-07-26,1729.0,140.0,900.0,5.0,0.0029,0.0,0.0
Rwanda,2020-07-27,1821.0,147.0,918.0,5.0,0.0027,92.0,0.0
Rwanda,2020-07-28,1879.0,152.0,975.0,5.0,0.0027,58.0,0.0
Rwanda,2020-07-29,1926.0,156.0,1005.0,5.0,0.0026,47.0,0.0
Rwanda,2020-07-30,1963.0,159.0,1036.0,5.0,0.0025,37.0,0.0
Rwanda,2020-07-31,1963.0,159.0,1036.0,5.0,0.0025,0.0,0.0
Rwanda,2020-08-01,2022.0,163.0,1106.0,5.0,0.0025,59.0,0.0
Rwanda,2020-08-02,2042.0,165.0,1119.0,5.0,0.0024,20.0,0.0
Rwanda,2020-08-03,2042.0,165.0,1119.0,5.0,0.0024,0.0,0.0
Rwanda,2020-08-04,2092.0,169.0,1169.0,5.0,0.0024,50.0,0.0
Rwanda,2020-08-05,2092.0,169.0,1169.0,5.0,0.0024,0.0,0.0
Rwanda,2020-08-06,2099.0,170.0,1222.0,5.0,0.0024,7.0,0.0
Rwanda,2020-08-07,2104.0,170.0,1237.0,5.0,0.0024,5.0,0.0
Rwanda,2020-08-08,2111.0,171.0,1258.0,5.0,0.0024,7.0,0.0
Rwanda,2020-08-09,2134.0,172.0,1300.0,6.0,0.0028,23.0,1.0
Rwanda,2020-08-10,2140.0,173.0,1346.0,7.0,0.0033,6.0,1.0
Rwanda,2020-08-11,2152.0,174.0,1392.0,7.0,0.0033,12.0,0.0
