Location,Date,Confirmed,Case_Per_1M_people,Recovered,Deaths,Mortality,Cases per 1 million people,NewCases,NewConfirmed,NewDeaths
Réunion,2020-03-31,224.0,261.43,0.0,0.0,0.0,,,0.0,0.0
Réunion,2020-04-01,247.0,288.28,6.0,0.0,0.0,,,23.0,0.0
Réunion,2020-04-02,281.0,327.96,6.0,0.0,0.0,,,34.0,0.0
Réunion,2020-04-03,308.0,359.47,48.0,0.0,0.0,,,27.0,0.0
Réunion,2020-04-07,344.0,401.49,40.0,0.0,0.0,,,36.0,0.0
Réunion,2020-04-10,376.0,438.84,40.0,0.0,0.0,,,32.0,0.0
Réunion,2020-04-11,382.0,445.84,40.0,0.0,0.0,,,6.0,0.0
Réunion,2020-04-12,388.0,452.84,40.0,0.0,0.0,,,6.0,0.0
Réunion,2020-04-14,391.0,456.34,40.0,0.0,0.0,,,3.0,0.0
,2020-04-17,,,,,,,,,
,2020-04-18,,,,,,,,,
Réunion,2020-04-20,408.0,476.18,237.0,0.0,0.0,,,,
Réunion,2020-04-22,408.0,476.18,238.0,0.0,0.0,,,0.0,0.0
Réunion,2020-04-23,0.0,0.0,0.0,0.0,,,,0.0,0.0
Réunion,2020-04-24,0.0,0.0,0.0,0.0,,,,0.0,0.0
Réunion,2020-04-25,0.0,0.0,0.0,0.0,,,,0.0,0.0
Réunion,2020-04-26,0.0,0.0,0.0,0.0,,,,0.0,0.0
Réunion,2020-04-27,0.0,0.0,0.0,0.0,,,,0.0,0.0
Réunion,2020-04-28,0.0,0.0,0.0,0.0,,,,0.0,0.0
Réunion,2020-04-29,0.0,0.0,0.0,0.0,,,,0.0,0.0
Réunion,2020-04-30,0.0,0.0,0.0,0.0,,,,0.0,0.0
Réunion,2020-05-01,0.0,0.0,0.0,0.0,,,,0.0,0.0
Réunion,2020-05-02,0.0,0.0,0.0,0.0,,,,0.0,0.0
Réunion,2020-05-03,0.0,0.0,0.0,0.0,,,,0.0,0.0
Réunion,2020-05-04,0.0,0.0,0.0,0.0,,,,0.0,0.0
Réunion,2020-05-05,0.0,0.0,0.0,0.0,,,,0.0,0.0
Réunion,2020-05-06,0.0,0.0,0.0,0.0,,,,0.0,0.0
Réunion,2020-05-07,0.0,0.0,0.0,0.0,,,,0.0,0.0
Réunion,2020-05-08,0.0,0.0,0.0,0.0,,,,0.0,0.0
Réunion,2020-05-09,0.0,0.0,0.0,0.0,,,,0.0,0.0
Réunion,2020-05-10,0.0,0.0,0.0,0.0,,,,0.0,0.0
Réunion,2020-05-11,0.0,0.0,0.0,0.0,,,,0.0,0.0
Réunion,2020-05-12,0.0,0.0,0.0,0.0,,,,0.0,0.0
Réunion,2020-05-13,0.0,0.0,0.0,0.0,,,,0.0,0.0
Réunion,2020-05-15,0.0,0.0,0.0,0.0,,,,0.0,0.0
Réunion,2020-05-16,0.0,0.0,0.0,0.0,,,,0.0,0.0
Réunion,2020-05-17,0.0,0.0,0.0,0.0,,,,0.0,0.0
Réunion,2020-05-18,0.0,0.0,0.0,0.0,,,,0.0,0.0
Réunion,2020-05-19,0.0,0.0,0.0,0.0,,,,0.0,0.0
Réunion,2020-05-20,0.0,0.0,0.0,0.0,,,,0.0,0.0
,2020-05-21,,,,,,,,,
Réunion,2020-05-22,0.0,0.0,0.0,0.0,,,,,
Réunion,2020-05-23,0.0,0.0,0.0,0.0,,,,0.0,0.0
Réunion,2020-05-24,0.0,0.0,0.0,0.0,,,,0.0,0.0
Réunion,2020-05-25,0.0,0.0,0.0,0.0,,,,0.0,0.0
Réunion,2020-05-26,0.0,0.0,0.0,0.0,,,,0.0,0.0
Réunion,2020-05-27,0.0,0.0,0.0,0.0,,,,0.0,0.0
Réunion,2020-05-28,0.0,0.0,0.0,0.0,,,,0.0,0.0
Réunion,2020-05-29,0.0,0.0,0.0,0.0,,,,0.0,0.0
Réunion,2020-05-30,0.0,0.0,0.0,0.0,,,,0.0,0.0
Réunion,2020-05-31,0.0,0.0,0.0,0.0,,,,0.0,0.0
Réunion,2020-06-01,0.0,0.0,0.0,0.0,,,,0.0,0.0
Réunion,2020-06-02,0.0,0.0,0.0,0.0,,,,0.0,0.0
Réunion,2020-06-03,0.0,0.0,0.0,0.0,,,,0.0,0.0
Réunion,2020-06-04,0.0,0.0,0.0,0.0,,,,0.0,0.0
Réunion,2020-06-05,0.0,0.0,0.0,0.0,,,,0.0,0.0
Réunion,2020-06-06,0.0,0.0,0.0,0.0,,,,0.0,0.0
Réunion,2020-06-07,0.0,0.0,0.0,0.0,,,,0.0,0.0
Réunion,2020-06-08,0.0,0.0,0.0,0.0,,,,0.0,0.0
Réunion,2020-06-09,0.0,0.0,0.0,0.0,,,,0.0,0.0
Réunion,2020-06-10,0.0,0.0,0.0,0.0,,,,0.0,0.0
Réunion,2020-06-12,0.0,0.0,0.0,0.0,,,,0.0,0.0
Réunion,2020-06-13,0.0,0.0,0.0,0.0,,,,0.0,0.0
Réunion,2020-06-14,0.0,0.0,0.0,0.0,,,,0.0,0.0
Réunion,2020-06-15,0.0,0.0,0.0,0.0,,,,0.0,0.0
Réunion,2020-06-16,0.0,0.0,0.0,0.0,,,,0.0,0.0
Réunion,2020-06-17,0.0,0.0,0.0,0.0,,,,0.0,0.0
Réunion,2020-06-18,0.0,0.0,0.0,0.0,,,,0.0,0.0
Réunion,2020-06-19,0.0,0.0,0.0,0.0,,,,0.0,0.0
Réunion,2020-06-20,0.0,0.0,0.0,0.0,,,,0.0,0.0
Réunion,2020-06-21,0.0,0.0,0.0,0.0,,,,0.0,0.0
Réunion,2020-06-22,0.0,0.0,0.0,0.0,,,,0.0,0.0
Réunion,2020-06-23,0.0,0.0,0.0,0.0,,,,0.0,0.0
Réunion,2020-06-24,0.0,0.0,0.0,0.0,,,,0.0,0.0
Réunion,2020-06-25,0.0,0.0,0.0,0.0,,,,0.0,0.0
Réunion,2020-06-26,0.0,0.0,0.0,0.0,,,,0.0,0.0
Réunion,2020-06-27,0.0,0.0,0.0,0.0,,,,0.0,0.0
Réunion,2020-06-28,0.0,0.0,0.0,0.0,,,,0.0,0.0
Réunion,2020-06-29,0.0,0.0,0.0,0.0,,,,0.0,0.0
Réunion,2020-06-30,0.0,0.0,0.0,0.0,,,,0.0,0.0
Réunion,2020-07-01,0.0,0.0,0.0,0.0,,,,0.0,0.0
Réunion,2020-07-02,522.0,609.0,0.0,0.0,0.0,,,522.0,0.0
Réunion,2020-07-03,528.0,616.0,0.0,0.0,0.0,,,6.0,0.0
Réunion,2020-07-04,531.0,620.0,0.0,0.0,0.0,,,3.0,0.0
Réunion,2020-07-05,533.0,622.0,0.0,0.0,0.0,,,2.0,0.0
Réunion,2020-07-06,536.0,626.0,0.0,0.0,0.0,,,3.0,0.0
Réunion,2020-07-07,547.0,638.0,0.0,0.0,0.0,,,11.0,0.0
Réunion,2020-07-09,551.0,643.0,0.0,0.0,0.0,,,4.0,0.0
Réunion,2020-07-10,563.0,657.0,0.0,0.0,0.0,,,12.0,0.0
Réunion,2020-07-11,566.0,661.0,0.0,0.0,0.0,,,3.0,0.0
Réunion,2020-07-12,571.0,666.0,0.0,0.0,0.0,,,5.0,0.0
Réunion,2020-07-14,593.0,692.0,0.0,0.0,0.0,,,22.0,0.0
Réunion,2020-07-15,596.0,696.0,0.0,3.0,0.005,,,3.0,3.0
Réunion,2020-07-16,596.0,696.0,0.0,3.0,0.005,,,0.0,0.0
Réunion,2020-07-18,614.0,717.0,0.0,3.0,0.0049,,,18.0,0.0
Réunion,2020-07-19,624.0,728.0,0.0,3.0,0.0048,,,10.0,0.0
Réunion,2020-07-19,624.0,728.0,0.0,3.0,0.0048,,,0.0,0.0
Réunion,2020-07-21,624.0,728.0,0.0,3.0,0.0048,,,0.0,0.0
Réunion,2020-07-22,639.0,746.0,558.0,3.0,0.0047,,,15.0,0.0
Réunion,2020-07-23,645.0,753.0,558.0,3.0,0.0047,,,6.0,0.0
Réunion,2020-07-24,646.0,754.0,558.0,3.0,0.0046,,,1.0,0.0
Réunion,2020-07-25,654.0,763.0,558.0,3.0,0.0046,,,8.0,0.0
Réunion,2020-07-26,657.0,767.0,558.0,3.0,0.0046,,,3.0,0.0
Réunion,2020-07-27,657.0,767.0,558.0,3.0,0.0046,,,0.0,0.0
Réunion,2020-07-28,657.0,767.0,558.0,3.0,0.0046,,,0.0,0.0
Réunion,2020-07-29,657.0,767.0,592.0,4.0,0.0061,,,0.0,1.0
Réunion,2020-07-30,657.0,767.0,592.0,4.0,0.0061,,,0.0,0.0
Réunion,2020-07-31,657.0,767.0,592.0,4.0,0.0061,,,0.0,0.0
Réunion,2020-08-01,660.0,770.0,592.0,4.0,0.0061,,,3.0,0.0
Réunion,2020-08-02,664.0,775.0,592.0,4.0,0.006,,,4.0,0.0
Réunion,2020-08-03,667.0,778.0,592.0,4.0,0.006,,,3.0,0.0
Réunion,2020-08-04,667.0,778.0,592.0,4.0,0.006,,,0.0,0.0
Réunion,2020-08-05,669.0,781.0,592.0,4.0,0.006,,,2.0,0.0
Réunion,2020-08-06,670.0,782.0,592.0,5.0,0.0075,,,1.0,1.0
Réunion,2020-08-07,671.0,783.0,592.0,5.0,0.0075,,,1.0,0.0
Réunion,2020-08-08,675.0,788.0,631.0,5.0,0.0074,,,4.0,0.0
Réunion,2020-08-09,681.0,795.0,631.0,5.0,0.0073,,,6.0,0.0
Réunion,2020-08-10,687.0,802.0,631.0,5.0,0.0073,,,6.0,0.0
Réunion,2020-08-11,690.0,805.0,631.0,5.0,0.0072,,,3.0,0.0
Réunion,2020-08-12,702.0,819.0,631.0,5.0,0.0071,,,12.0,0.0
Réunion,2020-08-13,734.0,857.0,631.0,5.0,0.0068,,,32.0,0.0
Réunion,2020-08-14,754.0,880.0,631.0,5.0,0.0066,,,20.0,0.0
Réunion,2020-08-15,776.0,906.0,657.0,5.0,0.0064,,,22.0,0.0
Réunion,2020-08-16,816.0,952.0,657.0,5.0,0.0061,,,40.0,0.0
Réunion,2020-08-17,855.0,998.0,657.0,5.0,0.0058,,,39.0,0.0
Réunion,2020-08-18,880.0,1027.0,657.0,5.0,0.0057,,,25.0,0.0
Réunion,2020-08-19,903.0,1054.0,657.0,5.0,0.0055,,,23.0,0.0
Réunion,2020-08-20,903.0,1054.0,657.0,5.0,0.0055,,,0.0,0.0
Réunion,2020-08-22,1075.0,1255.0,692.0,5.0,0.0047,,,172.0,0.0
Réunion,2020-08-23,1117.0,1304.0,692.0,6.0,0.0054,,,42.0,1.0
Réunion,2020-08-24,1209.0,1411.0,692.0,6.0,0.005,,,92.0,0.0
Réunion,2020-08-25,1244.0,1452.0,692.0,7.0,0.0056,,,35.0,1.0
Réunion,2020-08-26,1292.0,1508.0,692.0,7.0,0.0054,,,48.0,0.0
Réunion,2020-08-27,1372.0,1601.0,692.0,7.0,0.0051,,,80.0,0.0
Réunion,2020-08-28,1410.0,1646.0,692.0,7.0,0.005,,,38.0,0.0
Réunion,2020-08-29,1487.0,1736.0,880.0,7.0,0.0047,,,77.0,0.0
Réunion,2020-08-30,1557.0,1817.0,880.0,8.0,0.0051,,,70.0,1.0
Réunion,2020-08-31,1634.0,1907.0,880.0,9.0,0.0055,,,77.0,1.0
Réunion,2020-09-01,1679.0,1960.0,880.0,10.0,0.006,,,45.0,1.0
Réunion,2020-09-02,1714.0,2000.0,880.0,10.0,0.0058,,,35.0,0.0
Réunion,2020-09-03,1796.0,2096.0,880.0,10.0,0.0056,,,82.0,0.0
Réunion,2020-09-04,1912.0,2232.0,880.0,10.0,0.0052,,,116.0,0.0
Réunion,2020-09-05,2002.0,2337.0,1313.0,10.0,0.005,,,90.0,0.0
Réunion,2020-09-07,2222.0,2593.0,1313.0,13.0,0.0059,,,220.0,3.0
Réunion,2020-09-08,2277.0,2658.0,1313.0,13.0,0.0057,,,55.0,0.0
Réunion,2020-09-09,2346.0,2738.0,1313.0,13.0,0.0055,,,69.0,0.0
Réunion,2020-09-10,2346.0,2738.0,1313.0,13.0,0.0055,,,0.0,0.0
Réunion,2020-09-11,2510.0,2929.0,1313.0,14.0,0.0056,,,164.0,1.0
Réunion,2020-09-12,2510.0,2929.0,1313.0,14.0,0.0056,,,0.0,0.0
Réunion,2020-09-13,2723.0,3178.0,1794.0,15.0,0.0055,,,213.0,1.0
Réunion,2020-09-14,2805.0,3274.0,1794.0,15.0,0.0053,,,82.0,0.0
Réunion,2020-09-15,2872.0,3352.0,1794.0,15.0,0.0052,,,67.0,0.0
Réunion,2020-09-16,2902.0,3387.0,1794.0,15.0,0.0052,,,30.0,0.0
Réunion,2020-09-17,3002.0,3504.0,1794.0,15.0,0.005,,,100.0,0.0
Réunion,2020-09-18,3099.0,3617.0,1794.0,15.0,0.0048,,,97.0,0.0
Réunion,2020-09-20,3194.0,3728.0,2482.0,15.0,0.0047,,,95.0,0.0
Réunion,2020-09-21,3194.0,3728.0,2482.0,15.0,0.0047,,,0.0,0.0
Réunion,2020-09-22,3415.0,3986.0,2482.0,11.0,0.0032,,,221.0,0.0
Réunion,2020-09-23,3415.0,3986.0,2482.0,11.0,0.0032,,,0.0,0.0
Réunion,2020-09-24,3501.0,0.0,,11.0,0.0031,4086.0,,86.0,0.0
Réunion,2020-09-25,3501.0,0.0,,11.0,0.0031,4086.0,,0.0,0.0
Réunion,2020-09-26,3665.0,0.0,,11.0,0.003,4277.0,,164.0,0.0
Réunion,2020-09-27,3665.0,0.0,,11.0,0.003,4277.0,,0.0,0.0
Réunion,2020-09-28,3665.0,0.0,,11.0,0.003,4277.0,,0.0,0.0
Réunion,2020-09-29,3882.0,0.0,,14.0,0.0036,4531.0,,217.0,3.0
Réunion,2020-09-30,3882.0,0.0,,14.0,0.0036,4531.0,,0.0,0.0
Réunion,2020-10-02,3993.0,0.0,,16.0,0.004,4660.0,,111.0,2.0
Réunion,2020-10-03,3993.0,0.0,,16.0,0.004,4660.0,,0.0,0.0
Réunion,2020-10-04,4178.0,0.0,,16.0,0.0038,4876.0,,185.0,0.0
Réunion,2020-10-05,4178.0,0.0,,16.0,0.0038,4876.0,,0.0,0.0
Réunion,2020-10-06,4178.0,0.0,,16.0,0.0038,4876.0,,0.0,0.0
Réunion,2020-10-08,4328.0,0.0,,16.0,0.0037,5051.0,,150.0,0.0
Réunion,2020-10-09,4385.0,0.0,,16.0,0.0036,5118.0,,57.0,0.0
Réunion,2020-10-10,4385.0,0.0,,16.0,0.0036,5118.0,,0.0,0.0
Réunion,2020-10-11,4491.0,0.0,,16.0,0.0036,5242.0,,106.0,0.0
Réunion,2020-10-12,4491.0,0.0,,16.0,0.0036,5242.0,,0.0,0.0
Réunion,2020-10-13,4491.0,0.0,,16.0,0.0036,5242.0,,0.0,0.0
Réunion,2020-10-14,4624.0,0.0,,17.0,0.0037,5397.0,,133.0,1.0
Réunion,2020-10-15,4624.0,0.0,,17.0,0.0037,5397.0,,0.0,0.0
Réunion,2020-10-18,4776.0,0.0,,17.0,0.0036,5574.0,,152.0,0.0
Réunion,2020-10-19,4776.0,0.0,,17.0,0.0036,5574.0,,0.0,0.0
Réunion,2020-10-20,4776.0,0.0,,17.0,0.0036,5574.0,,0.0,0.0
Réunion,2020-10-22,4921.0,0.0,,17.0,0.0035,5743.0,,145.0,0.0
Réunion,2020-10-23,5015.0,0.0,,19.0,0.0038,5853.0,,94.0,2.0
Réunion,2020-10-24,5015.0,0.0,,19.0,0.0038,5853.0,,0.0,0.0
Réunion,2020-10-25,5149.0,0.0,,20.0,0.0039,6010.0,,134.0,1.0
Réunion,2020-10-26,5149.0,0.0,,20.0,0.0039,6010.0,,0.0,0.0
Réunion,2020-10-27,5149.0,0.0,,20.0,0.0039,6010.0,,0.0,0.0
Réunion,2020-10-28,5361.0,6257.0,,20.0,0.0037,,0.0,212.0,0.0
Réunion,2020-10-29,5361.0,6257.0,,20.0,0.0037,,0.0,0.0,0.0
Réunion,2020-10-30,5472.0,6386.0,,22.0,0.004,,111.0,111.0,2.0
Réunion,2020-10-31,5472.0,6386.0,,22.0,0.004,,0.0,0.0,0.0
Réunion,2020-11-01,5659.0,6605.0,,24.0,0.0042,,187.0,187.0,2.0
Réunion,2020-11-02,5659.0,6605.0,,24.0,0.0042,,0.0,0.0,0.0
Réunion,2020-11-03,5659.0,6605.0,,24.0,0.0042,,0.0,0.0,0.0
Réunion,2020-11-04,5898.0,6884.0,,26.0,0.0044,,239.0,239.0,2.0
