Location,Date,Confirmed,Case_Per_1M_people,Recovered,Deaths,Mortality,Cases per 1 million people,NewCases,NewConfirmed,NewDeaths
Saudi Arabia,2020-03-31,1453,51.39,115.0,8,0.00550585,,,0,0
Saudi Arabia,2020-04-01,1563,55.28,165.0,10,0.0063979526551503525,,,110,2
Saudi Arabia,2020-04-02,1720,60.83,264.0,16,0.009302325581395349,,,157,6
Saudi Arabia,2020-04-03,1885,66.67,328.0,21,0.011140583554376658,,,165,5
Saudi Arabia,2020-04-07,2605,76.13,551.0,38,0.014587332053742803,,,720,17
Saudi Arabia,2020-04-10,3287,96.06,666.0,44,0.013386066321874049,,,682,6
Saudi Arabia,2020-04-11,3651,106.7,685.0,47,0.012873185428649686,,,364,3
Saudi Arabia,2020-04-12,4033,117.86,720.0,52,0.012893627572526656,,,382,5
Saudi Arabia,2020-04-14,4934,144.19,805.0,65,0.0131738954195379,,,901,13
Saudi Arabia,2020-04-17,6380,186.45,990.0,83,0.013009404388714731,,,1446,18
Saudi Arabia,2020-04-18,7142,208.72,1049.0,87,0.012181461775413049,,,762,4
Saudi Arabia,2020-04-20,9362,273.6,1398.0,97,0.010361033967101049,,,2220,10
Saudi Arabia,2020-04-22,11631,339.91,1640.0,109,0.009371507179090362,,,2269,12
Saudi Arabia,2020-04-23,12772,373.25,1812.0,114,0.008925775133103664,,,1141,5
Saudi Arabia,2020-04-24,13930,407.09,1925.0,121,0.008686288585786073,,,1158,7
Saudi Arabia,2020-04-25,15102,441.34,2049.0,127,0.008409482187789695,,,1172,6
Saudi Arabia,2020-04-26,16299,476.33,2215.0,136,0.008344070188355113,,,1197,9
Saudi Arabia,2020-04-27,17522,512.07,2357.0,139,0.007932884373929916,,,1223,3
Saudi Arabia,2020-04-28,18811,549.74,2531.0,144,0.007655095422890863,,,1289,5
Saudi Arabia,2020-04-29,20077,586.74,2784.0,152,0.007570852218957016,,,1266,8
Saudi Arabia,2020-04-30,20077,586.74,2784.0,152,0.007570852218957016,,,0,0
Saudi Arabia,2020-05-01,22753,665.0,3163.0,162,0.007119940227662287,,,2676,10
Saudi Arabia,2020-05-02,24097,704.0,3555.0,169,0.007013321160310412,,,1344,7
Saudi Arabia,2020-05-03,25459,744.0,3765.0,176,0.006913075925998664,,,1362,7
Saudi Arabia,2020-05-04,25459,744.0,3765.0,176,0.006913075925998664,,,0,0
Saudi Arabia,2020-05-05,28656,837.0,4474.0,191,0.0066652707984366285,,,3197,15
Saudi Arabia,2020-05-06,30251,884.0,5431.0,200,0.0066113516908531955,,,1595,9
Saudi Arabia,2020-05-07,31938,933.0,6783.0,209,0.006543928862170455,,,1687,9
Saudi Arabia,2020-05-08,33731,986.0,7798.0,219,0.006492543950668525,,,1793,10
Saudi Arabia,2020-05-09,35432,1035.0,9120.0,229,0.0064630842176563565,,,1701,10
Saudi Arabia,2020-05-10,37136,1085.0,10144.0,239,0.006435803532959931,,,1704,10
Saudi Arabia,2020-05-11,39048,1141.0,11457.0,246,0.006299938537185003,,,1912,7
Saudi Arabia,2020-05-12,41014,1199.0,12737.0,255,0.006217389184181011,,,1966,9
Saudi Arabia,2020-05-13,42925,1254.0,15257.0,264,0.006150262085032033,,,1911,9
Saudi Arabia,2020-05-15,46869,1370.0,19051.0,283,0.006038106210928332,,,3944,19
Saudi Arabia,2020-05-16,49176,1437.0,21869.0,292,0.005937855864649422,,,2307,9
Saudi Arabia,2020-05-17,52016,1520.0,23666.0,302,0.005805905875115349,,,2840,10
Saudi Arabia,2020-05-18,54752,1600.0,25722.0,312,0.005698421975452952,,,2736,10
Saudi Arabia,2020-05-19,57345,1676.0,28748.0,320,0.005580259830848374,,,2593,8
Saudi Arabia,2020-05-20,59854,1749.0,31634.0,329,0.005496708657733819,,,2509,9
Saudi Arabia,2020-05-21,62545,1828.0,33478.0,339,0.005420097529778559,,,2691,10
Saudi Arabia,2020-05-22,65077,1902.0,36040.0,351,0.0053936106458503,,,2532,12
Saudi Arabia,2020-05-23,67719,1979.0,39003.0,364,0.0053751532066332935,,,2642,13
Saudi Arabia,2020-05-24,70161,2050.0,41236.0,379,0.005401861432989838,,,2442,15
Saudi Arabia,2020-05-25,72560,2121.0,43520.0,390,0.005374862183020949,,,2399,11
Saudi Arabia,2020-05-26,74795,2186.0,45668.0,399,0.005334581188582125,,,2235,9
Saudi Arabia,2020-05-27,76726,2242.0,48450.0,411,0.005356723926700206,,,1931,12
Saudi Arabia,2020-05-28,78541,2295.0,51022.0,425,0.005411186514049987,,,1815,14
Saudi Arabia,2020-05-29,80185,2343.0,54553.0,441,0.005499781754692274,,,1644,16
Saudi Arabia,2020-05-30,81766,2390.0,57013.0,458,0.005601350194457354,,,1581,17
Saudi Arabia,2020-05-31,83384,2437.0,58883.0,480,0.0057565000479708325,,,1618,22
Saudi Arabia,2020-06-01,85261,2492.0,62442.0,503,0.005899532025193229,,,1877,23
Saudi Arabia,2020-06-02,87142,2547.0,64306.0,525,0.006024649422781208,,,1881,22
Saudi Arabia,2020-06-03,89011,2601.0,65790.0,549,0.0062,,,1869,24
Saudi Arabia,2020-06-04,91182,2665.0,68159.0,579,0.0063,,,2171,30
Saudi Arabia,2020-06-05,93157,2722.0,68965.0,611,0.0066,,,1975,32
Saudi Arabia,2020-06-06,95748,2798.0,70616.0,642,0.0067,,,2591,31
Saudi Arabia,2020-06-07,98869,2889.0,71791.0,676,0.0068,,,3121,34
Saudi Arabia,2020-06-08,101914,2978.0,72817.0,712,0.006999999999999999,,,3045,36
Saudi Arabia,2020-06-09,105283,3077.0,74524.0,746,0.0071,,,3369,34
Saudi Arabia,2020-06-10,108571,3173.0,76339.0,783,0.0072,,,3288,37
Saudi Arabia,2020-06-12,116021,3391.0,80019.0,857,0.0074,,,7450,74
Saudi Arabia,2020-06-13,119942,3505.0,81029.0,893,0.0074,,,3921,36
Saudi Arabia,2020-06-14,123308,3604.0,82548.0,932,0.0076,,,3366,39
Saudi Arabia,2020-06-15,127541,3727.0,84720.0,972,0.0076,,,4233,40
Saudi Arabia,2020-06-16,132048,3859.0,87890.0,1011,0.0077,,,4507,39
Saudi Arabia,2020-06-17,136315,3984.0,89540.0,1052,0.0077,,,4267,41
Saudi Arabia,2020-06-18,141234,4127.0,91662.0,1091,0.0077,,,4919,39
Saudi Arabia,2020-06-19,145991,4266.0,93915.0,1139,0.0078,,,4757,48
Saudi Arabia,2020-06-20,150292,4392.0,95764.0,1184,0.0079,,,4301,45
Saudi Arabia,2020-06-21,154233,4507.0,98917.0,1230,0.008,,,3941,46
Saudi Arabia,2020-06-22,157612,4606.0,101130.0,1267,0.008,,,3379,37
Saudi Arabia,2020-06-23,161005,4705.0,105175.0,1307,0.0081,,,3393,40
Saudi Arabia,2020-06-24,164144,4797.0,109885.0,1346,0.0082,,,3139,39
Saudi Arabia,2020-06-25,167267,4888.0,112797.0,1387,0.0083,,,3123,41
Saudi Arabia,2020-06-26,170639,4987.0,117882.0,1428,0.0084,,,3372,41
Saudi Arabia,2020-06-27,174577,5102.0,120471.0,1474,0.0084,,,3938,46
Saudi Arabia,2020-06-28,178504,5217.0,122128.0,1511,0.0085,,,3927,37
Saudi Arabia,2020-06-29,182551,5335.0,124755.0,1511,0.0083,,,4047,0
Saudi Arabia,2020-06-30,186436,5448.0,127118.0,1599,0.0086,,,3885,88
Saudi Arabia,2020-07-01,190823,5577.0,130766.0,1649,0.0086,,,4387,50
Saudi Arabia,2020-07-02,194225,5676.0,132760.0,1698,0.0087,,,3402,49
Saudi Arabia,2020-07-03,197608,5775.0,137669.0,1752,0.0089,,,3383,54
Saudi Arabia,2020-07-04,201801,5897.0,140614.0,1802,0.0089,,,4193,50
Saudi Arabia,2020-07-05,205929,6018.0,143256.0,1858,0.009000000000000001,,,4128,56
Saudi Arabia,2020-07-06,209509,6123.0,145235.0,1916,0.0091,,,3580,58
Saudi Arabia,2020-07-07,213716,6246.0,149634.0,1968,0.0092,,,4207,52
Saudi Arabia,2020-07-09,220144,6434.0,158050.0,2059,0.0094,,,6428,91
Saudi Arabia,2020-07-10,223327,6527.0,161096.0,2100,0.0094,,,3183,41
Saudi Arabia,2020-07-11,226486,6619.0,163026.0,2151,0.0095,,,3159,51
Saudi Arabia,2020-07-12,229480,6706.0,165396.0,2181,0.0095,,,2994,30
Saudi Arabia,2020-07-14,235111,6871.0,169842.0,2704,0.0115,,,5631,523
Saudi Arabia,2020-07-15,237803,6950.0,177560.0,2283,0.0096,,,2692,0
Saudi Arabia,2020-07-16,240474,7028.0,0.0,2325,0.0097,,,2671,42
Saudi Arabia,2020-07-18,245851,7185.0,191161.0,2407,0.0098,,,5377,82
Saudi Arabia,2020-07-19,248416,7260.0,194218.0,2447,0.0099,,,2565,40
Saudi Arabia,2020-07-19,248416,7260.0,194218.0,2447,0.0099,,,0,0
Saudi Arabia,2020-07-21,253349,7404.0,203259.0,2523,0.01,,,4933,76
Saudi Arabia,2020-07-22,255825,7476.0,207259.0,257,0.001,,,2476,0
Saudi Arabia,2020-07-23,258156,7544.0,210398.0,2601,0.0101,,,2331,2344
Saudi Arabia,2020-07-24,260394,7610.0,0.0,2635,0.0101,,,2238,34
Saudi Arabia,2020-07-25,262772,7679.0,215731.0,2672,0.0102,,,2378,37
Saudi Arabia,2020-07-26,264973,7744.0,217782.0,2703,0.0102,,,2201,31
Saudi Arabia,2020-07-27,266941,7801.0,220323.0,2733,0.0102,,,1968,30
Saudi Arabia,2020-07-28,268934,7859.0,222936.0,2760,0.0103,,,1993,27
Saudi Arabia,2020-07-29,270831,7915.0,225624.0,2789,0.0103,,,1897,29
Saudi Arabia,2020-07-30,272626,7967.0,0.0,2816,0.0103,,,1795,27
Saudi Arabia,2020-07-31,274255,8015.0,197735.0,2842,0.0104,,,1629,26
Saudi Arabia,2020-08-01,275941,8064.0,0.0,2866,0.0104,,,1686,24
Saudi Arabia,2020-08-02,277514,8110.0,0.0,2887,0.0104,,,1573,21
Saudi Arabia,2020-08-03,278871,8150.0,0.0,2917,0.0105,,,1357,30
Saudi Arabia,2020-08-04,280129,8187.0,0.0,2949,0.0105,,,1258,32
Saudi Arabia,2020-08-05,281435,8225.0,243688.0,2984,0.0106,,,1306,35
Saudi Arabia,2020-08-06,282824,8265.0,245314.0,3020,0.0107,,,1389,36
Saudi Arabia,2020-08-07,284226,8306.0,247089.0,3055,0.0107,,,1402,35
Saudi Arabia,2020-08-08,285793,8352.0,248948.0,3093,0.0108,,,1567,38
Saudi Arabia,2020-08-09,287262,8395.0,250440.0,3130,0.0109,,,1469,37
Saudi Arabia,2020-08-10,288690,8437.0,252039.0,3167,0.011000000000000001,,,1428,37
Saudi Arabia,2020-08-11,289947,8473.0,253478.0,3199,0.011000000000000001,,,1257,32
Saudi Arabia,2020-08-12,291468,8518.0,255118.0,3233,0.0111,,,1521,34
Saudi Arabia,2020-08-13,293037,8564.0,257269.0,3269,0.0112,,,1569,36
Saudi Arabia,2020-08-14,294519,8607.0,260393.0,3303,0.0112,,,1482,34
Saudi Arabia,2020-08-15,295902,8648.0,262959.0,3338,0.0113,,,1383,35
Saudi Arabia,2020-08-16,297315,8689.0,264487.0,3369,0.0113,,,1413,31
Saudi Arabia,2020-08-17,298542,8725.0,266953.0,3408,0.0114,,,1227,39
Saudi Arabia,2020-08-18,299914,8765.0,268385.0,3436,0.0115,,,1372,28
Saudi Arabia,2020-08-19,301323,8806.0,272911.0,3470,0.0115,,,1409,34
Saudi Arabia,2020-08-20,302686,8846.0,274091.0,3506,0.0116,,,1363,36
Saudi Arabia,2020-08-22,305186,8919.0,277067.0,3580,0.0117,,,2500,74
Saudi Arabia,2020-08-23,306370,8953.0,278441.0,3619,0.0118,,,1184,39
Saudi Arabia,2020-08-24,307479,8986.0,280143.0,3649,0.0119,,,1109,30
Saudi Arabia,2020-08-25,308654,9020.0,282888.0,3691,0.012,,,1175,42
Saudi Arabia,2020-08-26,309768,9053.0,283932.0,3722,0.012,,,1114,31
Saudi Arabia,2020-08-27,310836,9084.0,284945.0,3755,0.0121,,,1068,33
Saudi Arabia,2020-08-28,311855,9114.0,286255.0,3785,0.0121,,,1019,30
Saudi Arabia,2020-08-29,312924,9145.0,287403.0,3813,0.0122,,,1069,28
Saudi Arabia,2020-08-30,313911,9174.0,288441.0,3840,0.0122,,,987,27
Saudi Arabia,2020-08-31,314821,9200.0,289667.0,3870,0.0123,,,910,30
Saudi Arabia,2020-09-01,315772,9228.0,290796.0,3897,0.0123,,,951,27
Saudi Arabia,2020-09-02,316670,9254.0,291514.0,3929,0.0124,,,898,32
Saudi Arabia,2020-09-03,317486,9278.0,292510.0,3956,0.0125,,,816,27
Saudi Arabia,2020-09-04,318319,9303.0,293964.0,3982,0.0125,,,833,26
Saudi Arabia,2020-09-05,319141,9327.0,295063.0,4015,0.0126,,,822,33
Saudi Arabia,2020-09-07,320827,9376.0,296598.0,4081,0.0127,,,1686,66
Saudi Arabia,2020-09-08,321456,9394.0,297623.0,4107,0.0128,,,629,26
Saudi Arabia,2020-09-09,322237,9417.0,298246.0,4137,0.0128,,,781,30
Saudi Arabia,2020-09-10,323012,9440.0,298966.0,4165,0.0129,,,775,28
Saudi Arabia,2020-09-11,323720,9460.0,299998.0,4189,0.0129,,,708,24
Saudi Arabia,2020-09-12,324407,9481.0,300933.0,4213,0.013000000000000001,,,687,24
Saudi Arabia,2020-09-13,325050,9499.0,301836.0,4240,0.013000000000000001,,,643,27
Saudi Arabia,2020-09-14,325651,9517.0,302870.0,4268,0.0131,,,601,28
Saudi Arabia,2020-09-15,326258,9535.0,303930.0,4305,0.0132,,,607,37
Saudi Arabia,2020-09-16,326930,9554.0,305022.0,4338,0.0133,,,672,33
Saudi Arabia,2020-09-17,327551,9572.0,306004.0,4369,0.0133,,,621,31
Saudi Arabia,2020-09-18,328144,9590.0,307207.0,4399,0.0134,,,593,30
Saudi Arabia,2020-09-20,328720,9607.0,308352.0,4430,0.0135,,,576,31
Saudi Arabia,2020-09-21,329271,9623.0,309430.0,4458,0.0135,,,551,28
Saudi Arabia,2020-09-22,330246,9651.0,311499.0,4512,0.0137,,,975,54
Saudi Arabia,2020-09-23,330246,9651.0,311499.0,4512,0.0137,,,0,0
Saudi Arabia,2020-09-24,331359,0.0,,4569,0.0138,9684.0,,1113,57
Saudi Arabia,2020-09-25,331857,0.0,,4599,0.0139,9698.0,,498,30
Saudi Arabia,2020-09-26,332329,0.0,,4625,0.0139,9712.0,,472,26
Saudi Arabia,2020-09-27,332790,0.0,,4655,0.013999999999999999,9726.0,,461,30
Saudi Arabia,2020-09-28,333193,0.0,,4683,0.0141,9737.0,,403,28
Saudi Arabia,2020-09-29,333648,0.0,,4712,0.0141,9751.0,,455,29
Saudi Arabia,2020-09-30,334187,0.0,,4739,0.0142,9766.0,,539,27
Saudi Arabia,2020-10-02,334605,0.0,,4768,0.0142,9779.0,,418,29
Saudi Arabia,2020-10-03,335097,0.0,,4794,0.0143,9793.0,,492,26
Saudi Arabia,2020-10-04,335578,0.0,,4823,0.0144,9807.0,,481,29
Saudi Arabia,2020-10-05,335997,0.0,,4850,0.0144,9819.0,,419,27
Saudi Arabia,2020-10-06,336387,0.0,,4875,0.0145,9831.0,,390,25
Saudi Arabia,2020-10-08,337243,0.0,,4923,0.0146,9856.0,,856,48
Saudi Arabia,2020-10-09,337711,0.0,,4947,0.0146,9869.0,,468,24
Saudi Arabia,2020-10-10,338132,0.0,,4972,0.0147,9882.0,,421,25
Saudi Arabia,2020-10-11,338539,0.0,,4996,0.0148,9894.0,,407,24
Saudi Arabia,2020-10-12,338944,0.0,,5018,0.0148,9905.0,,405,22
Saudi Arabia,2020-10-13,339267,0.0,,5043,0.0149,9915.0,,323,25
Saudi Arabia,2020-10-14,339615,0.0,,5068,0.0149,9925.0,,348,25
Saudi Arabia,2020-10-15,340089,0.0,,5087,0.015,9939.0,,474,19
Saudi Arabia,2020-10-18,341495,0.0,,5144,0.0151,9980.0,,1406,57
Saudi Arabia,2020-10-19,341854,0.0,,5165,0.0151,9990.0,,359,21
Saudi Arabia,2020-10-20,342202,0.0,,5185,0.0152,10001.0,,348,20
Saudi Arabia,2020-10-22,342968,0.0,,5217,0.0152,10023.0,,766,32
Saudi Arabia,2020-10-23,343373,0.0,,5235,0.0152,10035.0,,405,18
Saudi Arabia,2020-10-24,343774,0.0,,5250,0.0153,10047.0,,401,15
Saudi Arabia,2020-10-25,344157,0.0,,5264,0.0153,10058.0,,383,14
Saudi Arabia,2020-10-26,344552,0.0,,5281,0.0153,10069.0,,395,17
Saudi Arabia,2020-10-27,344875,0.0,,5296,0.0154,10079.0,,323,15
Saudi Arabia,2020-10-28,345631,10101.0,,5329,0.0154,,399.0,756,33
Saudi Arabia,2020-10-29,345631,10101.0,,5329,0.0154,,399.0,0,0
Saudi Arabia,2020-10-30,346047,10113.0,,5348,0.0155,,416.0,416,19
