Location,Date,Confirmed,Case_Per_1M_people,Recovered,Deaths,Mortality,Cases per 1 million people,NewConfirmed,NewDeaths
Serbia,2020-03-31,785.0,97.34,42.0,16.0,0.020382166,,0.0,0.0
Serbia,2020-04-01,900.0,111.6,42.0,23.0,0.02555555555555556,,115.0,7.0
Serbia,2020-04-02,1060.0,131.44,42.0,28.0,0.026415094339622643,,160.0,5.0
Serbia,2020-04-03,1171.0,145.2,54.0,31.0,0.026473099914602904,,111.0,3.0
Serbia,2020-04-07,2200.0,315.92,178.0,58.0,0.026363636363636363,,1029.0,27.0
Serbia,2020-04-10,2867.0,411.7,118.0,66.0,0.023020579002441574,,667.0,8.0
Serbia,2020-04-11,3105.0,445.88,118.0,71.0,0.022866344605475042,,238.0,5.0
Serbia,2020-04-12,3380.0,485.37,118.0,74.0,0.02189349112426036,,275.0,3.0
Serbia,2020-04-14,4054.0,582.16,400.0,85.0,0.020966946225949683,,674.0,11.0
Serbia,2020-04-17,5318.0,763.67,443.0,103.0,0.01936818352764197,,1264.0,18.0
Serbia,2020-04-18,5690.0,817.09,534.0,110.0,0.019332161687170474,,372.0,7.0
Serbia,2020-04-20,6318.0,907.27,753.0,122.0,0.019309908198797087,,628.0,12.0
Serbia,2020-04-22,6890.0,989.41,977.0,130.0,0.018867924528301886,,572.0,8.0
Serbia,2020-04-23,7114.0,1021.57,1025.0,134.0,0.018836097835254428,,224.0,4.0
Serbia,2020-04-24,7276.0,1044.84,1063.0,139.0,0.01910390324354041,,162.0,5.0
Serbia,2020-04-25,7483.0,1074.56,1094.0,144.0,0.01924361886943739,,207.0,5.0
Serbia,2020-04-26,7779.0,1117.07,1152.0,151.0,0.01941123537729785,,296.0,7.0
Serbia,2020-04-27,8042.0,1154.84,1182.0,156.0,0.01939815966177568,,263.0,5.0
Serbia,2020-04-28,8275.0,1188.29,1209.0,162.0,0.019577039274924476,,233.0,6.0
Serbia,2020-04-29,8497.0,1220.17,1260.0,168.0,0.0197716841238084,,222.0,6.0
Serbia,2020-04-30,8497.0,1220.17,1260.0,168.0,0.0197716841238084,,0.0,0.0
Serbia,2020-05-01,9009.0,1294.0,1343.0,179.0,0.019869019869019868,,512.0,11.0
Serbia,2020-05-02,9205.0,1322.0,1379.0,185.0,0.020097772949483974,,196.0,6.0
Serbia,2020-05-03,9362.0,1344.0,1426.0,189.0,0.02018799401837214,,157.0,4.0
Serbia,2020-05-04,9362.0,1344.0,1426.0,189.0,0.02018799401837214,,0.0,0.0
Serbia,2020-05-05,9557.0,1372.0,1574.0,197.0,0.02061316312650413,,195.0,8.0
Serbia,2020-05-06,9677.0,1390.0,1723.0,200.0,0.020667562261031308,,120.0,3.0
Serbia,2020-05-07,9791.0,1406.0,1971.0,203.0,0.020733326524359105,,114.0,3.0
Serbia,2020-05-08,9848.0,1414.0,2160.0,206.0,0.02091795288383428,,57.0,3.0
Serbia,2020-05-09,9943.0,1428.0,2453.0,209.0,0.021019812933722216,,95.0,3.0
Serbia,2020-05-10,10032.0,1441.0,2732.0,213.0,0.021232057416267942,,89.0,4.0
Serbia,2020-05-11,10114.0,1452.0,2732.0,213.0,0.02105991694680641,,82.0,0.0
Serbia,2020-05-12,10176.0,1461.0,3290.0,218.0,0.02142295597484277,,62.0,5.0
Serbia,2020-05-13,10243.0,1471.0,3600.0,220.0,0.021478082592990336,,67.0,2.0
Serbia,2020-05-15,10374.0,1490.0,4084.0,224.0,0.021592442645074227,,131.0,4.0
Serbia,2020-05-16,10438.0,1499.0,4301.0,225.0,0.021555853611803028,,64.0,1.0
Serbia,2020-05-17,10496.0,1507.0,4479.0,228.0,0.021722560975609755,,58.0,3.0
Serbia,2020-05-18,10610.0,1524.0,4713.0,230.0,0.021677662582469368,,114.0,2.0
Serbia,2020-05-19,10699.0,1536.0,4799.0,231.0,0.02159080287877372,,89.0,1.0
Serbia,2020-05-20,10733.0,1541.0,4904.0,234.0,0.02180191931426442,,34.0,3.0
,2020-05-21,,,,,,,,
Serbia,2020-05-22,10919.0,1568.0,5370.0,237.0,0.02170528436670025,,,
Serbia,2020-05-23,11024.0,1583.0,5541.0,237.0,0.02149854862119013,,105.0,0.0
Serbia,2020-05-24,11092.0,1593.0,5699.0,238.0,0.02145690587811035,,68.0,1.0
Serbia,2020-05-25,11159.0,1602.0,5857.0,238.0,0.021328075992472443,,67.0,0.0
Serbia,2020-05-26,11193.0,1607.0,5920.0,239.0,0.02135263110872867,,34.0,1.0
Serbia,2020-05-27,11227.0,1612.0,6067.0,239.0,0.021287966509307917,,34.0,0.0
Serbia,2020-05-28,11275.0,1619.0,6277.0,240.0,0.021286031042128603,,48.0,1.0
Serbia,2020-05-29,11300.0,1623.0,6438.0,241.0,0.021327433628318584,,25.0,1.0
Serbia,2020-05-30,11354.0,1630.0,6524.0,242.0,0.021314074335036112,,54.0,1.0
Serbia,2020-05-31,11381.0,1634.0,6606.0,242.0,0.02126350935770143,,27.0,0.0
Serbia,2020-06-01,11412.0,1639.0,6698.0,243.0,0.02129337539432177,,31.0,1.0
Serbia,2020-06-02,11430.0,1641.0,6726.0,244.0,0.021347331583552055,,18.0,1.0
Serbia,2020-06-03,11454.0,1645.0,6766.0,245.0,0.0214,,24.0,1.0
Serbia,2020-06-04,11523.0,1655.0,6852.0,245.0,0.0213,,69.0,0.0
Serbia,2020-06-05,11571.0,1662.0,6910.0,246.0,0.0213,,48.0,1.0
Serbia,2020-06-06,11667.0,1675.0,6931.0,247.0,0.0212,,96.0,1.0
Serbia,2020-06-07,11741.0,1686.0,11056.0,248.0,0.0211,,74.0,1.0
Serbia,2020-06-08,11823.0,1698.0,11348.0,249.0,0.0211,,82.0,1.0
Serbia,2020-06-09,11896.0,1708.0,11348.0,250.0,0.021,,73.0,1.0
Serbia,2020-06-10,11965.0,1718.0,11348.0,250.0,0.0209,,69.0,0.0
Serbia,2020-06-12,12102.0,1738.0,11348.0,252.0,0.0208,,137.0,2.0
Serbia,2020-06-13,12175.0,1748.0,11348.0,252.0,0.0207,,73.0,0.0
Serbia,2020-06-14,12251.0,1759.0,11348.0,253.0,0.0207,,76.0,1.0
Serbia,2020-06-15,12251.0,1759.0,11348.0,253.0,0.0207,,0.0,0.0
Serbia,2020-06-16,12367.0,1776.0,11348.0,255.0,0.0206,,116.0,2.0
Serbia,2020-06-17,12426.0,1784.0,11348.0,256.0,0.0206,,59.0,1.0
Serbia,2020-06-18,12522.0,1798.0,11348.0,257.0,0.0205,,96.0,1.0
Serbia,2020-06-19,12616.0,1812.0,11348.0,258.0,0.0205,,94.0,1.0
Serbia,2020-06-20,12709.0,1825.0,11348.0,259.0,0.0204,,93.0,1.0
Serbia,2020-06-21,12803.0,1839.0,11348.0,260.0,0.0203,,94.0,1.0
Serbia,2020-06-22,12894.0,1852.0,11348.0,261.0,0.0202,,91.0,1.0
Serbia,2020-06-23,12990.0,1865.0,11348.0,262.0,0.0202,,96.0,1.0
Serbia,2020-06-24,13092.0,1880.0,11348.0,263.0,0.0201,,102.0,1.0
Serbia,2020-06-25,13235.0,1901.0,11348.0,263.0,0.0199,,143.0,0.0
Serbia,2020-06-26,13372.0,1920.0,11348.0,264.0,0.0197,,137.0,1.0
Serbia,2020-06-27,13565.0,1948.0,11348.0,265.0,0.0195,,193.0,1.0
Serbia,2020-06-28,13565.0,1948.0,11348.0,265.0,0.0195,,0.0,0.0
Serbia,2020-06-29,14046.0,2017.0,12464.0,270.0,0.0192,,481.0,5.0
Serbia,2020-06-30,14288.0,2052.0,12464.0,274.0,0.0192,,242.0,4.0
Serbia,2020-07-01,14564.0,2091.0,12464.0,277.0,0.019,,276.0,3.0
Serbia,2020-07-02,14836.0,2130.0,12464.0,281.0,0.0189,,272.0,4.0
Serbia,2020-07-03,14836.0,2130.0,12464.0,281.0,0.0189,,0.0,0.0
Serbia,2020-07-04,15504.0,2226.0,12464.0,298.0,0.0192,,668.0,17.0
Serbia,2020-07-05,15829.0,2273.0,12464.0,306.0,0.0193,,325.0,8.0
Serbia,2020-07-06,16131.0,2316.0,13064.0,311.0,0.0193,,302.0,5.0
Serbia,2020-07-07,16420.0,2358.0,13064.0,317.0,0.0193,,289.0,6.0
Serbia,2020-07-09,17076.0,2452.0,13064.0,341.0,0.02,,656.0,24.0
Serbia,2020-07-10,17076.0,2452.0,13064.0,341.0,0.02,,0.0,0.0
Serbia,2020-07-11,17728.0,2546.0,13064.0,370.0,0.0209,,652.0,29.0
Serbia,2020-07-12,17728.0,2546.0,13064.0,370.0,0.0209,,0.0,0.0
Serbia,2020-07-13,18073.0,2595.0,0.0,382.0,0.0211,,345.0,12.0
Serbia,2020-07-14,18360.0,2637.0,0.0,393.0,0.0214,,287.0,11.0
Serbia,2020-07-15,18639.0,2677.0,0.0,405.0,0.0217,,279.0,12.0
Serbia,2020-07-16,18639.0,2677.0,0.0,405.0,0.0217,,0.0,0.0
Serbia,2020-07-18,20109.0,2888.0,0.0,452.0,0.0225,,1470.0,47.0
Serbia,2020-07-19,20498.0,2944.0,14047.0,461.0,0.0225,,389.0,9.0
Serbia,2020-07-19,20498.0,2944.0,14047.0,461.0,0.0225,,0.0,0.0
Serbia,2020-07-21,21253.0,3052.0,16009.0,482.0,0.0227,,755.0,21.0
Serbia,2020-07-22,21605.0,3102.0,16392.0,491.0,0.0227,,352.0,9.0
Serbia,2020-07-23,22031.0,3164.0,16913.0,499.0,0.0226,,426.0,8.0
Serbia,2020-07-24,22443.0,3223.0,17286.0,508.0,0.0226,,412.0,9.0
Serbia,2020-07-25,22852.0,3282.0,17286.0,518.0,0.0227,,409.0,10.0
Serbia,2020-07-26,22852.0,3282.0,17286.0,518.0,0.0227,,0.0,0.0
Serbia,2020-07-27,23730.0,3408.0,17286.0,534.0,0.0225,,878.0,16.0
Serbia,2020-07-28,24141.0,3467.0,19027.0,543.0,0.0225,,411.0,9.0
Serbia,2020-07-29,24520.0,3521.0,19438.0,551.0,0.0225,,379.0,8.0
Serbia,2020-07-30,24520.0,3521.0,19438.0,551.0,0.0225,,0.0,0.0
Serbia,2020-07-31,24892.0,3575.0,19438.0,558.0,0.0224,,372.0,7.0
Serbia,2020-08-01,25552.0,3669.0,19438.0,573.0,0.0224,,660.0,15.0
Serbia,2020-08-02,25882.0,3717.0,21044.0,582.0,0.0225,,330.0,9.0
Serbia,2020-08-03,26193.0,3761.0,21407.0,590.0,0.0225,,311.0,8.0
Serbia,2020-08-04,26451.0,3798.0,22299.0,598.0,0.0226,,258.0,8.0
Serbia,2020-08-05,26451.0,3798.0,22299.0,598.0,0.0226,,0.0,0.0
Serbia,2020-08-06,27033.0,3882.0,22299.0,614.0,0.0227,,582.0,16.0
Serbia,2020-08-07,27033.0,3882.0,22299.0,614.0,0.0227,,0.0,0.0
Serbia,2020-08-08,27332.0,3925.0,22299.0,621.0,0.0227,,299.0,7.0
Serbia,2020-08-09,27863.0,4001.0,22299.0,632.0,0.0227,,531.0,11.0
Serbia,2020-08-10,28099.0,4035.0,22299.0,641.0,0.0228,,236.0,9.0
Serbia,2020-08-11,28262.0,4058.0,22299.0,646.0,0.0229,,163.0,5.0
Serbia,2020-08-12,28497.0,4092.0,22299.0,652.0,0.0229,,235.0,6.0
Serbia,2020-08-13,28497.0,4092.0,22299.0,652.0,0.0229,,0.0,0.0
Serbia,2020-08-14,28751.0,4129.0,22299.0,658.0,0.0229,,254.0,6.0
Serbia,2020-08-15,29233.0,4198.0,22299.0,665.0,0.0227,,482.0,7.0
Serbia,2020-08-16,29233.0,4198.0,22299.0,665.0,0.0227,,0.0,0.0
Serbia,2020-08-17,29682.0,4262.0,22299.0,674.0,0.0227,,449.0,9.0
Serbia,2020-08-18,29682.0,4262.0,22299.0,674.0,0.0227,,0.0,0.0
Serbia,2020-08-19,29890.0,4292.0,22299.0,681.0,0.0228,,208.0,7.0
Serbia,2020-08-20,30048.0,4315.0,22299.0,684.0,0.0228,,158.0,3.0
Serbia,2020-08-22,30378.0,4362.0,22299.0,692.0,0.0228,,330.0,8.0
Serbia,2020-08-23,30378.0,4362.0,22299.0,692.0,0.0228,,0.0,0.0
Serbia,2020-08-24,30657.0,4402.0,22299.0,698.0,0.0228,,279.0,6.0
Serbia,2020-08-25,30657.0,4402.0,22299.0,698.0,0.0228,,0.0,0.0
Serbia,2020-08-26,30714.0,4411.0,0.0,701.0,0.0228,,57.0,3.0
Serbia,2020-08-27,30974.0,4448.0,22299.0,707.0,0.0228,,260.0,6.0
Serbia,2020-08-28,31099.0,4466.0,22299.0,707.0,0.0227,,125.0,0.0
Serbia,2020-08-29,31207.0,4481.0,22299.0,709.0,0.0227,,108.0,2.0
Serbia,2020-08-30,31207.0,4481.0,22299.0,709.0,0.0227,,0.0,0.0
Serbia,2020-08-31,31365.0,4504.0,0.0,711.0,0.0227,,158.0,2.0
Serbia,2020-09-01,31365.0,4504.0,0.0,711.0,0.0227,,0.0,0.0
Serbia,2020-09-02,31482.0,4521.0,0.0,715.0,0.0227,,117.0,4.0
Serbia,2020-09-03,31482.0,4521.0,0.0,715.0,0.0227,,0.0,0.0
Serbia,2020-09-04,31676.0,4549.0,30353.0,718.0,0.0227,,194.0,3.0
Serbia,2020-09-05,31676.0,4549.0,30353.0,718.0,0.0227,,0.0,0.0
Serbia,2020-09-07,31905.0,4582.0,30702.0,724.0,0.0227,,229.0,6.0
Serbia,2020-09-08,31941.0,4587.0,30702.0,725.0,0.0227,,36.0,1.0
Serbia,2020-09-09,31994.0,4594.0,30702.0,727.0,0.0227,,53.0,2.0
Serbia,2020-09-10,32078.0,4606.0,30702.0,728.0,0.0227,,84.0,1.0
Serbia,2020-09-11,32078.0,4606.0,30702.0,728.0,0.0227,,0.0,0.0
Serbia,2020-09-12,32136.0,4615.0,0.0,729.0,0.0227,,58.0,1.0
Serbia,2020-09-13,32300.0,4638.0,0.0,731.0,0.0226,,164.0,2.0
Serbia,2020-09-14,32300.0,4638.0,0.0,731.0,0.0226,,0.0,0.0
Serbia,2020-09-15,32437.0,4658.0,0.0,733.0,0.0226,,137.0,2.0
Serbia,2020-09-16,32511.0,4669.0,0.0,735.0,0.0226,,74.0,2.0
Serbia,2020-09-17,32613.0,4683.0,0.0,736.0,0.0226,,102.0,1.0
Serbia,2020-09-18,32695.0,4695.0,0.0,738.0,0.0226,,82.0,2.0
Serbia,2020-09-20,32840.0,4716.0,0.0,740.0,0.0225,,145.0,2.0
Serbia,2020-09-21,32908.0,4726.0,0.0,741.0,0.0225,,68.0,1.0
Serbia,2020-09-22,32938.0,4730.0,0.0,743.0,0.0226,,30.0,2.0
Serbia,2020-09-23,32999.0,4739.0,0.0,743.0,0.0225,,61.0,0.0
Serbia,2020-09-24,33080.0,0.0,,744.0,0.0225,4750.0,81.0,1.0
Serbia,2020-09-25,33163.0,0.0,,745.0,0.0225,4762.0,83.0,1.0
Serbia,2020-09-26,33238.0,0.0,,746.0,0.0224,4773.0,75.0,1.0
Serbia,2020-09-27,33312.0,0.0,,746.0,0.0224,4784.0,74.0,0.0
Serbia,2020-09-28,33384.0,0.0,,747.0,0.0224,4794.0,72.0,1.0
Serbia,2020-09-29,33414.0,0.0,,748.0,0.0224,4798.0,30.0,1.0
Serbia,2020-09-30,33414.0,0.0,,748.0,0.0224,4798.0,0.0,0.0
Serbia,2020-10-02,33662.0,0.0,,750.0,0.0223,4834.0,248.0,2.0
