Location,Date,Confirmed,Case_Per_1M_people,Recovered,Deaths,Mortality,NewConfirmed,NewDeaths
,2020-03-31,,,,,,0.0,0.0
Sierra Leone,2020-04-01,1.0,0.17,0.0,0.0,0.0,,
Sierra Leone,2020-04-02,2.0,0.35,0.0,0.0,0.0,1.0,0.0
Sierra Leone,2020-04-03,2.0,0.35,0.0,0.0,0.0,0.0,0.0
Sierra Leone,2020-04-07,6.0,0.76,0.0,0.0,0.0,4.0,0.0
Sierra Leone,2020-04-10,7.0,0.89,0.0,0.0,0.0,1.0,0.0
Sierra Leone,2020-04-11,8.0,1.01,0.0,0.0,0.0,1.0,0.0
Sierra Leone,2020-04-12,10.0,1.27,0.0,0.0,0.0,2.0,0.0
Sierra Leone,2020-04-14,10.0,1.27,0.0,0.0,0.0,0.0,0.0
Sierra Leone,2020-04-17,15.0,1.9,0.0,0.0,0.0,5.0,0.0
Sierra Leone,2020-04-18,26.0,3.29,0.0,0.0,0.0,11.0,0.0
Sierra Leone,2020-04-20,35.0,4.43,6.0,0.0,0.0,9.0,0.0
Sierra Leone,2020-04-22,50.0,6.33,6.0,0.0,0.0,15.0,0.0
Sierra Leone,2020-04-23,61.0,7.72,6.0,0.0,0.0,11.0,0.0
Sierra Leone,2020-04-24,64.0,8.1,10.0,1.0,0.015625,3.0,1.0
Sierra Leone,2020-04-25,82.0,10.38,10.0,3.0,0.03658536585365853,18.0,2.0
Sierra Leone,2020-04-26,86.0,10.88,10.0,3.0,0.034883720930232565,4.0,0.0
Sierra Leone,2020-04-27,93.0,11.77,10.0,4.0,0.04301075268817205,7.0,1.0
Sierra Leone,2020-04-28,99.0,12.53,10.0,4.0,0.040404040404040414,6.0,0.0
Sierra Leone,2020-04-29,104.0,13.16,12.0,4.0,0.038461538461538464,5.0,0.0
Sierra Leone,2020-04-30,104.0,13.16,12.0,4.0,0.038461538461538464,0.0,0.0
Sierra Leone,2020-05-01,124.0,16.0,21.0,7.0,0.05645161290322581,20.0,3.0
Sierra Leone,2020-05-02,136.0,17.0,21.0,7.0,0.05147058823529412,12.0,0.0
Sierra Leone,2020-05-03,155.0,20.0,21.0,8.0,0.05161290322580645,19.0,1.0
Sierra Leone,2020-05-04,155.0,20.0,21.0,8.0,0.05161290322580645,0.0,0.0
Sierra Leone,2020-05-05,178.0,23.0,37.0,9.0,0.05056179775280899,23.0,1.0
Sierra Leone,2020-05-06,199.0,25.0,43.0,11.0,0.055276381909547735,21.0,2.0
Sierra Leone,2020-05-07,225.0,28.0,54.0,14.0,0.06222222222222223,26.0,3.0
Sierra Leone,2020-05-08,231.0,29.0,54.0,16.0,0.06926406926406926,6.0,2.0
Sierra Leone,2020-05-09,257.0,33.0,54.0,17.0,0.06614785992217899,26.0,1.0
Sierra Leone,2020-05-10,291.0,37.0,58.0,18.0,0.061855670103092786,34.0,1.0
Sierra Leone,2020-05-11,307.0,39.0,67.0,18.0,0.058631921824104226,16.0,0.0
Sierra Leone,2020-05-12,338.0,43.0,72.0,19.0,0.056213017751479286,31.0,1.0
Sierra Leone,2020-05-13,338.0,43.0,72.0,20.0,0.059171597633136085,0.0,1.0
Sierra Leone,2020-05-15,408.0,52.0,97.0,26.0,0.06372549019607843,70.0,6.0
Sierra Leone,2020-05-16,447.0,57.0,97.0,27.0,0.060402684563758385,39.0,1.0
Sierra Leone,2020-05-17,462.0,58.0,106.0,29.0,0.06277056277056277,15.0,2.0
Sierra Leone,2020-05-18,505.0,64.0,141.0,32.0,0.06336633663366338,43.0,3.0
Sierra Leone,2020-05-19,519.0,66.0,148.0,33.0,0.06358381502890173,14.0,1.0
Sierra Leone,2020-05-20,534.0,68.0,167.0,33.0,0.06179775280898876,15.0,0.0
,2020-05-21,,,,,,,
Sierra Leone,2020-05-22,585.0,74.0,205.0,35.0,0.059829059829059825,,
Sierra Leone,2020-05-23,606.0,77.0,230.0,38.0,0.0627062706270627,21.0,3.0
Sierra Leone,2020-05-24,621.0,79.0,241.0,39.0,0.06280193236714976,15.0,1.0
Sierra Leone,2020-05-25,707.0,89.0,241.0,40.0,0.056577086280056574,86.0,1.0
Sierra Leone,2020-05-26,735.0,93.0,293.0,42.0,0.057142857142857134,28.0,2.0
Sierra Leone,2020-05-27,754.0,95.0,297.0,44.0,0.0583554376657825,19.0,2.0
Sierra Leone,2020-05-28,782.0,99.0,297.0,45.0,0.05754475703324807,28.0,1.0
Sierra Leone,2020-05-29,812.0,103.0,361.0,45.0,0.05541871921182266,30.0,0.0
Sierra Leone,2020-05-30,829.0,105.0,386.0,45.0,0.05428226779252111,17.0,0.0
Sierra Leone,2020-05-31,852.0,108.0,415.0,46.0,0.0539906103286385,23.0,1.0
Sierra Leone,2020-06-01,861.0,109.0,454.0,46.0,0.053426248548199766,9.0,0.0
Sierra Leone,2020-06-02,865.0,109.0,475.0,46.0,0.05317919075144509,4.0,0.0
Sierra Leone,2020-06-03,896.0,113.0,480.0,46.0,0.0513,31.0,0.0
Sierra Leone,2020-06-04,909.0,115.0,491.0,47.0,0.0517,13.0,1.0
Sierra Leone,2020-06-05,914.0,116.0,491.0,47.0,0.0514,5.0,0.0
Sierra Leone,2020-06-06,929.0,118.0,580.0,47.0,0.0506,15.0,0.0
Sierra Leone,2020-06-07,946.0,120.0,600.0,48.0,0.0507,17.0,1.0
Sierra Leone,2020-06-08,969.0,123.0,608.0,48.0,0.0495,23.0,0.0
Sierra Leone,2020-06-09,1001.0,127.0,11.0,49.0,0.049,32.0,1.0
Sierra Leone,2020-06-10,1025.0,130.0,621.0,50.0,0.0488,24.0,1.0
Sierra Leone,2020-06-12,1085.0,137.0,642.0,50.0,0.0461,60.0,0.0
Sierra Leone,2020-06-13,1103.0,140.0,648.0,51.0,0.0462,18.0,1.0
Sierra Leone,2020-06-14,1132.0,143.0,670.0,51.0,0.0451,29.0,0.0
Sierra Leone,2020-06-15,1169.0,148.0,680.0,51.0,0.0436,37.0,0.0
Sierra Leone,2020-06-16,1176.0,149.0,683.0,51.0,0.0434,7.0,0.0
Sierra Leone,2020-06-17,1225.0,155.0,686.0,51.0,0.0416,49.0,0.0
Sierra Leone,2020-06-18,1249.0,158.0,707.0,51.0,0.0408,24.0,0.0
Sierra Leone,2020-06-19,1272.0,161.0,710.0,51.0,0.0401,23.0,0.0
Sierra Leone,2020-06-20,1298.0,164.0,732.0,53.0,0.0408,26.0,2.0
Sierra Leone,2020-06-21,1309.0,166.0,746.0,53.0,0.0405,11.0,0.0
Sierra Leone,2020-06-22,1327.0,168.0,788.0,55.0,0.0414,18.0,2.0
Sierra Leone,2020-06-23,1340.0,170.0,788.0,55.0,0.040999999999999995,13.0,0.0
Sierra Leone,2020-06-24,1347.0,170.0,853.0,55.0,0.0408,7.0,0.0
Sierra Leone,2020-06-25,1354.0,171.0,869.0,56.0,0.0414,7.0,1.0
Sierra Leone,2020-06-26,1354.0,171.0,869.0,56.0,0.0414,0.0,0.0
Sierra Leone,2020-06-27,1394.0,176.0,914.0,59.0,0.0423,40.0,3.0
Sierra Leone,2020-06-28,1410.0,178.0,937.0,59.0,0.0418,16.0,0.0
Sierra Leone,2020-06-29,1427.0,181.0,943.0,60.0,0.042,17.0,1.0
Sierra Leone,2020-06-30,1450.0,184.0,961.0,60.0,0.0414,23.0,0.0
Sierra Leone,2020-07-01,1462.0,185.0,974.0,60.0,0.040999999999999995,12.0,0.0
Sierra Leone,2020-07-02,1498.0,190.0,999.0,60.0,0.0401,36.0,0.0
Sierra Leone,2020-07-03,1518.0,192.0,1007.0,60.0,0.0395,20.0,0.0
Sierra Leone,2020-07-04,1524.0,193.0,1042.0,62.0,0.0407,6.0,2.0
Sierra Leone,2020-07-05,1533.0,194.0,1051.0,62.0,0.0404,9.0,0.0
Sierra Leone,2020-07-06,1542.0,195.0,1062.0,62.0,0.0402,9.0,0.0
Sierra Leone,2020-07-07,1547.0,196.0,1086.0,62.0,0.0401,5.0,0.0
Sierra Leone,2020-07-09,1584.0,200.0,1122.0,63.0,0.0398,37.0,1.0
Sierra Leone,2020-07-10,1598.0,202.0,1123.0,63.0,0.0394,14.0,0.0
Sierra Leone,2020-07-11,1613.0,204.0,1133.0,63.0,0.0391,15.0,0.0
Sierra Leone,2020-07-12,1618.0,205.0,1141.0,63.0,0.0389,5.0,0.0
Sierra Leone,2020-07-13,1635.0,207.0,1154.0,63.0,0.0385,17.0,0.0
Sierra Leone,2020-07-14,1642.0,208.0,1175.0,63.0,0.0384,7.0,0.0
Sierra Leone,2020-07-15,1651.0,209.0,1190.0,64.0,0.0388,9.0,1.0
Sierra Leone,2020-07-16,1668.0,211.0,1200.0,64.0,0.0384,17.0,0.0
Sierra Leone,2020-07-18,1688.0,214.0,1219.0,65.0,0.0385,20.0,1.0
Sierra Leone,2020-07-19,1701.0,215.0,1237.0,65.0,0.0382,13.0,0.0
Sierra Leone,2020-07-19,1701.0,215.0,1237.0,65.0,0.0382,0.0,0.0
Sierra Leone,2020-07-21,1711.0,217.0,1237.0,65.0,0.038,10.0,0.0
Sierra Leone,2020-07-22,1727.0,219.0,1273.0,66.0,0.0382,16.0,1.0
Sierra Leone,2020-07-23,1731.0,219.0,1288.0,66.0,0.0381,4.0,0.0
Sierra Leone,2020-07-24,1752.0,222.0,1292.0,66.0,0.0377,21.0,0.0
Sierra Leone,2020-07-25,1765.0,223.0,1297.0,66.0,0.0374,13.0,0.0
Sierra Leone,2020-07-26,1768.0,224.0,1297.0,66.0,0.0373,3.0,0.0
Sierra Leone,2020-07-27,1783.0,226.0,1313.0,66.0,0.037000000000000005,15.0,0.0
Sierra Leone,2020-07-28,1783.0,226.0,1317.0,66.0,0.037000000000000005,0.0,0.0
Sierra Leone,2020-07-29,1786.0,226.0,1336.0,66.0,0.037000000000000005,3.0,0.0
Sierra Leone,2020-07-30,1803.0,228.0,1355.0,67.0,0.0372,17.0,1.0
Sierra Leone,2020-07-31,1818.0,230.0,1362.0,67.0,0.0369,15.0,0.0
Sierra Leone,2020-08-01,1823.0,231.0,1362.0,67.0,0.0368,5.0,0.0
Sierra Leone,2020-08-02,1823.0,231.0,1362.0,67.0,0.0368,0.0,0.0
Sierra Leone,2020-08-03,1843.0,233.0,1375.0,67.0,0.0364,20.0,0.0
Sierra Leone,2020-08-04,1848.0,234.0,1375.0,67.0,0.0363,5.0,0.0
Sierra Leone,2020-08-05,1848.0,234.0,1375.0,67.0,0.0363,0.0,0.0
Sierra Leone,2020-08-06,1855.0,235.0,1397.0,67.0,0.0361,7.0,0.0
Sierra Leone,2020-08-07,1877.0,238.0,1427.0,68.0,0.0362,22.0,1.0
Sierra Leone,2020-08-08,1887.0,239.0,1435.0,68.0,0.036000000000000004,10.0,0.0
Sierra Leone,2020-08-09,1895.0,240.0,1442.0,68.0,0.0359,8.0,0.0
Sierra Leone,2020-08-10,1916.0,242.0,1445.0,68.0,0.0355,21.0,0.0
Sierra Leone,2020-08-11,1917.0,243.0,1447.0,69.0,0.036000000000000004,1.0,1.0
Sierra Leone,2020-08-12,1932.0,245.0,1478.0,69.0,0.0357,15.0,0.0
Sierra Leone,2020-08-13,1932.0,245.0,1478.0,69.0,0.0357,0.0,0.0
Sierra Leone,2020-08-14,1940.0,246.0,1496.0,69.0,0.0356,8.0,0.0
Sierra Leone,2020-08-15,1940.0,246.0,1496.0,69.0,0.0356,0.0,0.0
Sierra Leone,2020-08-16,1947.0,246.0,1502.0,69.0,0.0354,7.0,0.0
Sierra Leone,2020-08-17,1956.0,248.0,1506.0,69.0,0.0353,9.0,0.0
Sierra Leone,2020-08-18,1956.0,248.0,1506.0,69.0,0.0353,0.0,0.0
Sierra Leone,2020-08-19,1959.0,248.0,1529.0,69.0,0.0352,3.0,0.0
Sierra Leone,2020-08-20,1959.0,248.0,1529.0,69.0,0.0352,0.0,0.0
Sierra Leone,2020-08-22,1959.0,248.0,1529.0,69.0,0.0352,0.0,0.0
Sierra Leone,2020-08-23,1972.0,250.0,1542.0,69.0,0.035,13.0,0.0
Sierra Leone,2020-08-24,1980.0,251.0,1545.0,69.0,0.0348,8.0,0.0
Sierra Leone,2020-08-25,1980.0,251.0,1545.0,69.0,0.0348,0.0,0.0
Sierra Leone,2020-08-26,2001.0,253.0,1569.0,69.0,0.0345,21.0,0.0
Sierra Leone,2020-08-27,2001.0,253.0,1569.0,69.0,0.0345,0.0,0.0
Sierra Leone,2020-08-28,2003.0,253.0,1577.0,69.0,0.0344,2.0,0.0
Sierra Leone,2020-08-29,2013.0,255.0,1581.0,70.0,0.0348,10.0,1.0
Sierra Leone,2020-08-30,2019.0,256.0,1591.0,70.0,0.0347,6.0,0.0
Sierra Leone,2020-08-31,2022.0,256.0,1594.0,70.0,0.0346,3.0,0.0
Sierra Leone,2020-09-01,2026.0,256.0,1594.0,70.0,0.0346,4.0,0.0
Sierra Leone,2020-09-02,2028.0,257.0,1594.0,71.0,0.035,2.0,1.0
Sierra Leone,2020-09-03,2028.0,257.0,1594.0,71.0,0.035,0.0,0.0
Sierra Leone,2020-09-04,2035.0,258.0,1600.0,71.0,0.0349,7.0,0.0
Sierra Leone,2020-09-05,2035.0,258.0,1600.0,71.0,0.0349,0.0,0.0
Sierra Leone,2020-09-07,2054.0,260.0,1611.0,71.0,0.0346,19.0,0.0
Sierra Leone,2020-09-08,2055.0,260.0,1611.0,71.0,0.0345,1.0,0.0
Sierra Leone,2020-09-09,2064.0,261.0,1613.0,72.0,0.0349,9.0,1.0
Sierra Leone,2020-09-10,2067.0,262.0,1622.0,72.0,0.0348,3.0,0.0
Sierra Leone,2020-09-11,2069.0,262.0,1622.0,72.0,0.0348,2.0,0.0
Sierra Leone,2020-09-12,2087.0,264.0,1622.0,72.0,0.0345,18.0,0.0
Sierra Leone,2020-09-13,2096.0,265.0,1634.0,72.0,0.0344,9.0,0.0
Sierra Leone,2020-09-14,2109.0,267.0,1636.0,72.0,0.0341,13.0,0.0
Sierra Leone,2020-09-15,2111.0,267.0,1636.0,72.0,0.0341,2.0,0.0
Sierra Leone,2020-09-16,2126.0,269.0,1640.0,72.0,0.0339,15.0,0.0
Sierra Leone,2020-09-17,2133.0,270.0,1646.0,72.0,0.0338,7.0,0.0
Sierra Leone,2020-09-18,2137.0,270.0,1646.0,72.0,0.0337,4.0,0.0
Sierra Leone,2020-09-20,2159.0,273.0,1650.0,72.0,0.0333,22.0,0.0
