Location,Date,Confirmed,Case_Per_1M_people,Recovered,Deaths,Mortality,Cases per 1 million people,NewConfirmed,NewDeaths
Slovenia,2020-03-31,756.0,431.16,10.0,11.0,0.014550265,,0.0,0.0
Slovenia,2020-04-01,841.0,479.64,10.0,15.0,0.0178359096313912,,85.0,4.0
Slovenia,2020-04-02,841.0,479.64,10.0,15.0,0.0178359096313912,,0.0,0.0
Slovenia,2020-04-03,897.0,511.58,10.0,16.0,0.017837235228539576,,56.0,1.0
Slovenia,2020-04-07,1021.0,487.57,84.0,30.0,0.029382957884427036,,124.0,14.0
Slovenia,2020-04-10,1124.0,536.76,128.0,43.0,0.03825622775800712,,103.0,13.0
Slovenia,2020-04-11,1160.0,553.95,137.0,45.0,0.03879310344827586,,36.0,2.0
Slovenia,2020-04-12,1188.0,567.32,148.0,50.0,0.04208754208754209,,28.0,5.0
Slovenia,2020-04-14,1212.0,578.78,152.0,55.0,0.04537953795379538,,24.0,5.0
Slovenia,2020-04-17,1269.0,606.0,174.0,61.0,0.04806934594168637,,57.0,6.0
Slovenia,2020-04-18,1304.0,622.71,174.0,66.0,0.05061349693251534,,35.0,5.0
Slovenia,2020-04-20,1330.0,635.13,192.0,74.0,0.055639097744360905,,26.0,8.0
Slovenia,2020-04-22,1344.0,641.82,197.0,77.0,0.05729166666666665,,14.0,3.0
Slovenia,2020-04-23,1353.0,646.11,197.0,79.0,0.058388765705838876,,9.0,2.0
Slovenia,2020-04-24,1366.0,652.32,197.0,79.0,0.05783308931185945,,13.0,0.0
Slovenia,2020-04-25,1373.0,655.66,211.0,80.0,0.058266569555717414,,7.0,1.0
Slovenia,2020-04-26,1388.0,662.83,219.0,81.0,0.058357348703170026,,15.0,1.0
Slovenia,2020-04-27,1396.0,666.65,221.0,82.0,0.05873925501432665,,8.0,1.0
Slovenia,2020-04-28,1402.0,669.51,221.0,83.0,0.059201141226818826,,6.0,1.0
Slovenia,2020-04-29,1408.0,672.38,223.0,86.0,0.06107954545454545,,6.0,3.0
Slovenia,2020-04-30,1408.0,672.38,223.0,86.0,0.06107954545454545,,0.0,0.0
Slovenia,2020-05-01,1429.0,682.0,233.0,91.0,0.06368089573128062,,21.0,5.0
Slovenia,2020-05-02,1434.0,685.0,233.0,92.0,0.06415620641562064,,5.0,1.0
Slovenia,2020-05-03,1439.0,687.0,239.0,94.0,0.06532314107018762,,5.0,2.0
Slovenia,2020-05-04,1439.0,687.0,239.0,94.0,0.06532314107018762,,0.0,0.0
Slovenia,2020-05-05,1439.0,687.0,241.0,96.0,0.06671299513551078,,0.0,2.0
Slovenia,2020-05-06,1445.0,690.0,244.0,98.0,0.06782006920415225,,6.0,2.0
Slovenia,2020-05-07,1448.0,691.0,246.0,99.0,0.06837016574585636,,3.0,1.0
Slovenia,2020-05-08,1449.0,692.0,247.0,99.0,0.06832298136645963,,1.0,0.0
Slovenia,2020-05-09,1450.0,692.0,252.0,100.0,0.06896551724137931,,1.0,1.0
Slovenia,2020-05-10,1454.0,694.0,255.0,101.0,0.06946354883081156,,4.0,1.0
Slovenia,2020-05-11,1457.0,696.0,256.0,102.0,0.07000686341798215,,3.0,1.0
Slovenia,2020-05-12,1460.0,697.0,256.0,102.0,0.06986301369863014,,3.0,0.0
Slovenia,2020-05-13,1461.0,698.0,259.0,102.0,0.06981519507186858,,1.0,0.0
Slovenia,2020-05-15,1464.0,699.0,267.0,103.0,0.0703551912568306,,3.0,1.0
Slovenia,2020-05-16,1465.0,700.0,270.0,103.0,0.07030716723549488,,1.0,0.0
Slovenia,2020-05-17,1465.0,700.0,272.0,103.0,0.07030716723549488,,0.0,0.0
Slovenia,2020-05-18,1466.0,700.0,273.0,104.0,0.07094133697135062,,1.0,1.0
Slovenia,2020-05-19,1466.0,700.0,274.0,104.0,0.07094133697135062,,0.0,0.0
Slovenia,2020-05-20,1467.0,701.0,1338.0,104.0,0.07089297886843901,,1.0,0.0
,2020-05-21,,,,,,,,
Slovenia,2020-05-22,1468.0,701.0,1340.0,106.0,0.07220708446866485,,,
Slovenia,2020-05-23,1468.0,701.0,1340.0,106.0,0.07220708446866485,,0.0,0.0
Slovenia,2020-05-24,1468.0,701.0,1340.0,106.0,0.07220708446866485,,0.0,0.0
Slovenia,2020-05-25,1468.0,701.0,1340.0,107.0,0.07288828337874659,,0.0,1.0
Slovenia,2020-05-26,1469.0,702.0,1340.0,107.0,0.07283866575901975,,1.0,0.0
Slovenia,2020-05-27,1469.0,702.0,1346.0,108.0,0.07351940095302928,,0.0,1.0
Slovenia,2020-05-28,1471.0,702.0,1354.0,108.0,0.07341944255608429,,2.0,0.0
Slovenia,2020-05-29,1473.0,703.0,1356.0,108.0,0.07331975560081466,,2.0,0.0
Slovenia,2020-05-30,1473.0,703.0,1357.0,108.0,0.07331975560081466,,0.0,0.0
Slovenia,2020-05-31,1473.0,703.0,1357.0,108.0,0.07331975560081466,,0.0,0.0
Slovenia,2020-06-01,1473.0,703.0,1357.0,108.0,0.07331975560081466,,0.0,0.0
Slovenia,2020-06-02,1473.0,703.0,1358.0,109.0,0.07399864222674814,,0.0,1.0
Slovenia,2020-06-03,1475.0,704.0,1358.0,109.0,0.0739,,2.0,0.0
Slovenia,2020-06-04,1477.0,705.0,1358.0,109.0,0.0738,,2.0,0.0
Slovenia,2020-06-05,1477.0,705.0,1358.0,109.0,0.0738,,0.0,0.0
Slovenia,2020-06-06,1479.0,706.0,1359.0,109.0,0.0737,,2.0,0.0
Slovenia,2020-06-07,1484.0,709.0,1359.0,109.0,0.0735,,5.0,0.0
Slovenia,2020-06-08,1485.0,709.0,1359.0,109.0,0.0734,,1.0,0.0
Slovenia,2020-06-09,1485.0,709.0,1359.0,109.0,0.0734,,0.0,0.0
Slovenia,2020-06-10,1486.0,710.0,1359.0,109.0,0.0734,,1.0,0.0
Slovenia,2020-06-12,1488.0,711.0,1359.0,109.0,0.0733,,2.0,0.0
Slovenia,2020-06-13,1490.0,712.0,1359.0,109.0,0.0732,,2.0,0.0
Slovenia,2020-06-14,1492.0,712.0,1359.0,109.0,0.0731,,2.0,0.0
Slovenia,2020-06-15,1492.0,712.0,1359.0,109.0,0.0731,,0.0,0.0
Slovenia,2020-06-16,1496.0,714.0,1359.0,109.0,0.0729,,4.0,0.0
Slovenia,2020-06-17,1499.0,716.0,1359.0,109.0,0.0727,,3.0,0.0
Slovenia,2020-06-18,1503.0,718.0,1359.0,109.0,0.0725,,4.0,0.0
Slovenia,2020-06-19,1511.0,722.0,1359.0,109.0,0.0721,,8.0,0.0
Slovenia,2020-06-20,1513.0,723.0,1359.0,109.0,0.07200000000000001,,2.0,0.0
Slovenia,2020-06-21,1519.0,725.0,1359.0,109.0,0.0718,,6.0,0.0
Slovenia,2020-06-22,1520.0,726.0,1359.0,109.0,0.0717,,1.0,0.0
Slovenia,2020-06-23,1520.0,726.0,1359.0,109.0,0.0717,,0.0,0.0
Slovenia,2020-06-24,1521.0,726.0,1376.0,109.0,0.0717,,1.0,0.0
Slovenia,2020-06-25,1541.0,736.0,1376.0,109.0,0.0707,,20.0,0.0
Slovenia,2020-06-26,1547.0,739.0,1376.0,109.0,0.0705,,6.0,0.0
Slovenia,2020-06-27,1558.0,744.0,1376.0,109.0,0.07,,11.0,0.0
Slovenia,2020-06-28,1558.0,744.0,1376.0,109.0,0.07,,0.0,0.0
Slovenia,2020-06-29,1581.0,755.0,1376.0,111.0,0.0702,,23.0,2.0
Slovenia,2020-06-30,1585.0,757.0,1376.0,111.0,0.07,,4.0,0.0
Slovenia,2020-07-01,1585.0,757.0,1376.0,111.0,0.07,,0.0,0.0
Slovenia,2020-07-02,1600.0,764.0,0.0,111.0,0.0694,,15.0,0.0
Slovenia,2020-07-03,1633.0,780.0,0.0,111.0,0.068,,33.0,0.0
Slovenia,2020-07-04,1649.0,787.0,1376.0,111.0,0.0673,,16.0,0.0
Slovenia,2020-07-05,1649.0,787.0,1376.0,111.0,0.0673,,0.0,0.0
Slovenia,2020-07-06,1700.0,812.0,1376.0,111.0,0.0653,,51.0,0.0
Slovenia,2020-07-07,1716.0,819.0,1384.0,111.0,0.0647,,16.0,0.0
Slovenia,2020-07-09,1773.0,847.0,1384.0,111.0,0.0626,,57.0,0.0
Slovenia,2020-07-10,1773.0,847.0,1384.0,111.0,0.0626,,0.0,0.0
Slovenia,2020-07-11,1803.0,861.0,1384.0,111.0,0.0616,,30.0,0.0
Slovenia,2020-07-12,1803.0,861.0,1384.0,111.0,0.0616,,0.0,0.0
Slovenia,2020-07-13,1827.0,872.0,0.0,111.0,0.0608,,24.0,0.0
Slovenia,2020-07-14,1841.0,879.0,0.0,111.0,0.0603,,14.0,0.0
Slovenia,2020-07-15,1859.0,888.0,0.0,111.0,0.0597,,18.0,0.0
Slovenia,2020-07-16,1878.0,897.0,0.0,111.0,0.0591,,19.0,0.0
Slovenia,2020-07-18,1916.0,915.0,0.0,111.0,0.0579,,38.0,0.0
Slovenia,2020-07-19,1940.0,926.0,1568.0,111.0,0.0572,,24.0,0.0
Slovenia,2020-07-19,1940.0,926.0,1568.0,111.0,0.0572,,0.0,0.0
Slovenia,2020-07-21,1940.0,926.0,1568.0,111.0,0.0572,,0.0,0.0
Slovenia,2020-07-22,1977.0,944.0,1568.0,114.0,0.0577,,37.0,3.0
Slovenia,2020-07-23,1977.0,944.0,1568.0,114.0,0.0577,,0.0,0.0
Slovenia,2020-07-24,2033.0,971.0,1568.0,115.0,0.0566,,56.0,1.0
Slovenia,2020-07-25,2052.0,980.0,1678.0,115.0,0.055999999999999994,,19.0,0.0
Slovenia,2020-07-26,2052.0,980.0,1678.0,115.0,0.055999999999999994,,0.0,0.0
Slovenia,2020-07-27,2082.0,994.0,1678.0,116.0,0.0557,,30.0,1.0
Slovenia,2020-07-28,2087.0,997.0,1678.0,116.0,0.0556,,5.0,0.0
Slovenia,2020-07-29,2101.0,1003.0,1742.0,117.0,0.0557,,14.0,1.0
Slovenia,2020-07-30,2101.0,1003.0,1742.0,117.0,0.0557,,0.0,0.0
Slovenia,2020-07-31,2139.0,1021.0,1761.0,119.0,0.0556,,38.0,2.0
Slovenia,2020-08-01,2156.0,1030.0,1797.0,119.0,0.0552,,17.0,0.0
Slovenia,2020-08-02,2171.0,1037.0,1821.0,119.0,0.0548,,15.0,0.0
Slovenia,2020-08-03,2171.0,1037.0,1821.0,119.0,0.0548,,0.0,0.0
Slovenia,2020-08-04,2181.0,1042.0,1826.0,122.0,0.0559,,10.0,3.0
Slovenia,2020-08-05,2190.0,1046.0,1831.0,123.0,0.0562,,9.0,1.0
Slovenia,2020-08-06,2208.0,1054.0,0.0,124.0,0.0562,,18.0,1.0
Slovenia,2020-08-07,2208.0,1054.0,1884.0,123.0,0.0557,,0.0,0.0
Slovenia,2020-08-08,2223.0,1062.0,1909.0,125.0,0.0562,,15.0,2.0
Slovenia,2020-08-09,2233.0,1066.0,1927.0,125.0,0.055999999999999994,,10.0,0.0
Slovenia,2020-08-10,2249.0,1074.0,1927.0,127.0,0.0565,,16.0,2.0
Slovenia,2020-08-11,2255.0,1077.0,1960.0,128.0,0.0568,,6.0,1.0
Slovenia,2020-08-12,2272.0,1085.0,1960.0,129.0,0.0568,,17.0,1.0
Slovenia,2020-08-13,2272.0,1085.0,1960.0,129.0,0.0568,,0.0,0.0
Slovenia,2020-08-14,2272.0,1085.0,1960.0,129.0,0.0568,,0.0,0.0
Slovenia,2020-08-15,2272.0,1085.0,1960.0,129.0,0.0568,,0.0,0.0
Slovenia,2020-08-16,2272.0,1085.0,1960.0,129.0,0.0568,,0.0,0.0
Slovenia,2020-08-17,2416.0,1154.0,2051.0,129.0,0.0534,,144.0,0.0
Slovenia,2020-08-18,2416.0,1154.0,2051.0,129.0,0.0534,,0.0,0.0
Slovenia,2020-08-19,2456.0,1173.0,2052.0,129.0,0.0525,,40.0,0.0
Slovenia,2020-08-20,2456.0,1173.0,2052.0,129.0,0.0525,,0.0,0.0
Slovenia,2020-08-22,2574.0,1229.0,0.0,130.0,0.0505,,118.0,1.0
Slovenia,2020-08-23,2617.0,1250.0,0.0,131.0,0.0501,,43.0,1.0
Slovenia,2020-08-24,2651.0,1266.0,2052.0,131.0,0.0494,,34.0,0.0
Slovenia,2020-08-25,2665.0,1273.0,0.0,133.0,0.0499,,14.0,2.0
Slovenia,2020-08-26,2686.0,1283.0,2052.0,132.0,0.0491,,21.0,0.0
Slovenia,2020-08-27,2772.0,1324.0,2052.0,133.0,0.048,,86.0,1.0
Slovenia,2020-08-28,2772.0,1324.0,2052.0,133.0,0.048,,0.0,0.0
Slovenia,2020-08-29,2797.0,1336.0,2236.0,133.0,0.0476,,25.0,0.0
Slovenia,2020-08-30,2834.0,1353.0,0.0,133.0,0.0469,,37.0,0.0
Slovenia,2020-08-31,2865.0,1368.0,0.0,133.0,0.0464,,31.0,0.0
Slovenia,2020-09-01,2883.0,1377.0,0.0,133.0,0.0461,,18.0,0.0
Slovenia,2020-09-02,2924.0,1396.0,0.0,133.0,0.0455,,41.0,0.0
Slovenia,2020-09-03,2979.0,1423.0,0.0,134.0,0.045,,55.0,1.0
Slovenia,2020-09-04,3032.0,1448.0,2402.0,134.0,0.0442,,53.0,0.0
Slovenia,2020-09-05,3079.0,1470.0,2402.0,134.0,0.0435,,47.0,0.0
Slovenia,2020-09-07,3165.0,1511.0,0.0,135.0,0.0427,,86.0,1.0
Slovenia,2020-09-08,3165.0,1511.0,0.0,135.0,0.0427,,0.0,0.0
Slovenia,2020-09-09,3190.0,1523.0,2530.0,135.0,0.0423,,25.0,0.0
Slovenia,2020-09-10,3190.0,1523.0,2530.0,135.0,0.0423,,0.0,0.0
Slovenia,2020-09-11,3388.0,1618.0,0.0,135.0,0.0398,,198.0,0.0
Slovenia,2020-09-12,3498.0,1670.0,2530.0,135.0,0.0386,,110.0,0.0
Slovenia,2020-09-13,3603.0,1721.0,0.0,135.0,0.0375,,105.0,0.0
Slovenia,2020-09-14,3702.0,1768.0,2730.0,135.0,0.0365,,99.0,0.0
Slovenia,2020-09-15,3749.0,1790.0,2730.0,135.0,0.036000000000000004,,47.0,0.0
Slovenia,2020-09-16,3831.0,1829.0,2730.0,135.0,0.0352,,82.0,0.0
Slovenia,2020-09-17,3954.0,1888.0,0.0,135.0,0.0341,,123.0,0.0
Slovenia,2020-09-18,4058.0,1938.0,0.0,135.0,0.0333,,104.0,0.0
Slovenia,2020-09-20,4195.0,2003.0,0.0,140.0,0.0334,,137.0,5.0
Slovenia,2020-09-21,4420.0,2111.0,0.0,142.0,0.0321,,225.0,2.0
Slovenia,2020-09-22,4470.0,2135.0,0.0,142.0,0.0318,,50.0,0.0
Slovenia,2020-09-23,4558.0,2177.0,0.0,142.0,0.0312,,88.0,0.0
Slovenia,2020-09-24,4694.0,0.0,,143.0,0.0305,2242.0,136.0,1.0
Slovenia,2020-09-25,4816.0,0.0,,145.0,0.0301,2300.0,122.0,2.0
Slovenia,2020-09-26,5007.0,0.0,,145.0,0.028999999999999998,2391.0,191.0,0.0
Slovenia,2020-09-27,5007.0,0.0,,145.0,0.028999999999999998,2391.0,0.0,0.0
Slovenia,2020-09-28,5350.0,0.0,,147.0,0.0275,2555.0,343.0,2.0
Slovenia,2020-09-29,5388.0,0.0,,149.0,0.0277,2573.0,38.0,2.0
Slovenia,2020-09-30,5487.0,0.0,,149.0,0.0272,2620.0,99.0,0.0
Slovenia,2020-10-02,5865.0,0.0,,152.0,0.0259,2801.0,378.0,3.0
Slovenia,2020-10-03,5865.0,0.0,,152.0,0.0259,2801.0,0.0,0.0
Slovenia,2020-10-04,6103.0,0.0,,154.0,0.0252,2914.0,238.0,2.0
Slovenia,2020-10-05,6330.0,0.0,,155.0,0.0245,3023.0,227.0,1.0
Slovenia,2020-10-06,6498.0,0.0,,155.0,0.0239,3103.0,168.0,0.0
Slovenia,2020-10-08,6764.0,0.0,,159.0,0.0235,3230.0,266.0,4.0
Slovenia,2020-10-09,7120.0,0.0,,159.0,0.0223,3400.0,356.0,0.0
Slovenia,2020-10-10,7507.0,0.0,,160.0,0.0213,3585.0,387.0,1.0
Slovenia,2020-10-11,7872.0,0.0,,165.0,0.021,3759.0,365.0,5.0
Slovenia,2020-10-12,8252.0,0.0,,167.0,0.0202,3941.0,380.0,2.0
Slovenia,2020-10-13,8663.0,0.0,,167.0,0.0193,4137.0,411.0,0.0
Slovenia,2020-10-14,8832.0,0.0,,169.0,0.0191,4218.0,169.0,2.0
Slovenia,2020-10-15,9231.0,0.0,,173.0,0.0187,4408.0,399.0,4.0
Slovenia,2020-10-18,11517.0,0.0,,180.0,0.0156,5500.0,2286.0,7.0
Slovenia,2020-10-19,12416.0,0.0,,184.0,0.0148,5929.0,899.0,4.0
Slovenia,2020-10-20,13142.0,0.0,,188.0,0.0143,6276.0,726.0,4.0
Slovenia,2020-10-22,14473.0,0.0,,192.0,0.0133,6911.0,1331.0,4.0
Slovenia,2020-10-23,15982.0,0.0,,200.0,0.0125,7632.0,1509.0,8.0
Slovenia,2020-10-24,17646.0,0.0,,211.0,0.012,8427.0,1664.0,11.0
Slovenia,2020-10-25,19307.0,0.0,,214.0,0.0111,9220.0,1661.0,3.0
Slovenia,2020-10-26,21274.0,0.0,,235.0,0.011000000000000001,10159.0,1967.0,21.0
Slovenia,2020-10-27,22950.0,0.0,,240.0,0.0105,10960.0,1676.0,5.0
Slovenia,2020-10-28,24080.0,0.0,,251.0,0.0104,11499.0,1130.0,11.0
