Location,Date,Confirmed,Case_Per_1M_people,Recovered,Deaths,Mortality,NewConfirmed,NewDeaths
,2020-03-31,,,,,,0.0,0.0
,2020-04-01,,,,,,,
,2020-04-02,,,,,,,
,2020-04-03,,,,,,,
South Sudan,2020-04-07,1.0,0.08,0.0,0.0,0.0,,
South Sudan,2020-04-10,3.0,0.23,0.0,0.0,0.0,2.0,0.0
South Sudan,2020-04-11,4.0,0.31,0.0,0.0,0.0,1.0,0.0
South Sudan,2020-04-12,4.0,0.31,0.0,0.0,0.0,0.0,0.0
South Sudan,2020-04-14,4.0,0.31,0.0,0.0,0.0,0.0,0.0
South Sudan,2020-04-17,4.0,0.31,0.0,0.0,0.0,0.0,0.0
South Sudan,2020-04-18,4.0,0.31,0.0,0.0,0.0,0.0,0.0
South Sudan,2020-04-20,4.0,0.31,0.0,0.0,0.0,0.0,0.0
South Sudan,2020-04-22,4.0,0.31,0.0,0.0,0.0,0.0,0.0
South Sudan,2020-04-23,4.0,0.31,0.0,0.0,0.0,0.0,0.0
South Sudan,2020-04-24,5.0,0.39,0.0,0.0,0.0,1.0,0.0
South Sudan,2020-04-25,5.0,0.39,0.0,0.0,0.0,0.0,0.0
South Sudan,2020-04-26,5.0,0.39,0.0,0.0,0.0,0.0,0.0
South Sudan,2020-04-27,6.0,0.47,0.0,0.0,0.0,1.0,0.0
South Sudan,2020-04-28,6.0,0.47,0.0,0.0,0.0,0.0,0.0
South Sudan,2020-04-29,34.0,2.66,0.0,0.0,0.0,28.0,0.0
South Sudan,2020-04-30,34.0,2.66,0.0,0.0,0.0,0.0,0.0
South Sudan,2020-05-01,34.0,3.0,0.0,0.0,0.0,0.0,0.0
South Sudan,2020-05-02,45.0,4.0,0.0,0.0,0.0,11.0,0.0
South Sudan,2020-05-03,45.0,4.0,0.0,0.0,0.0,0.0,0.0
South Sudan,2020-05-04,45.0,4.0,0.0,0.0,0.0,0.0,0.0
South Sudan,2020-05-05,46.0,4.0,0.0,0.0,0.0,1.0,0.0
South Sudan,2020-05-06,52.0,4.0,0.0,0.0,0.0,6.0,0.0
South Sudan,2020-05-07,74.0,6.0,0.0,0.0,0.0,22.0,0.0
South Sudan,2020-05-08,74.0,6.0,0.0,0.0,0.0,0.0,0.0
South Sudan,2020-05-09,120.0,9.0,0.0,0.0,0.0,46.0,0.0
South Sudan,2020-05-10,120.0,9.0,0.0,0.0,0.0,0.0,0.0
South Sudan,2020-05-11,120.0,9.0,0.0,0.0,0.0,0.0,0.0
South Sudan,2020-05-12,156.0,12.0,2.0,0.0,0.0,36.0,0.0
South Sudan,2020-05-13,194.0,15.0,2.0,0.0,0.0,38.0,0.0
South Sudan,2020-05-15,203.0,16.0,2.0,0.0,0.0,9.0,0.0
South Sudan,2020-05-16,231.0,18.0,3.0,1.0,0.004329004329004329,28.0,1.0
South Sudan,2020-05-17,231.0,18.0,3.0,1.0,0.004329004329004329,0.0,0.0
South Sudan,2020-05-18,290.0,23.0,4.0,4.0,0.013793103448275862,59.0,3.0
South Sudan,2020-05-19,290.0,23.0,4.0,4.0,0.013793103448275862,0.0,0.0
South Sudan,2020-05-20,290.0,23.0,4.0,4.0,0.013793103448275862,0.0,0.0
,2020-05-21,,,,,,,
South Sudan,2020-05-22,481.0,38.0,4.0,4.0,0.008316008316008316,,
South Sudan,2020-05-23,563.0,44.0,6.0,6.0,0.010657193605683835,82.0,2.0
South Sudan,2020-05-24,655.0,51.0,6.0,8.0,0.012213740458015269,92.0,2.0
South Sudan,2020-05-25,655.0,51.0,6.0,8.0,0.012213740458015269,0.0,0.0
South Sudan,2020-05-26,806.0,63.0,6.0,8.0,0.009925558312655087,151.0,0.0
South Sudan,2020-05-27,806.0,63.0,6.0,8.0,0.009925558312655087,0.0,0.0
South Sudan,2020-05-28,994.0,78.0,6.0,10.0,0.01006036217303823,188.0,2.0
South Sudan,2020-05-29,994.0,78.0,6.0,10.0,0.01006036217303823,0.0,0.0
South Sudan,2020-05-30,994.0,78.0,6.0,10.0,0.01006036217303823,0.0,0.0
South Sudan,2020-05-31,994.0,78.0,6.0,10.0,0.01006036217303823,0.0,0.0
South Sudan,2020-06-01,994.0,78.0,6.0,10.0,0.01006036217303823,0.0,0.0
South Sudan,2020-06-02,994.0,78.0,6.0,10.0,0.01006036217303823,0.0,0.0
South Sudan,2020-06-03,994.0,78.0,6.0,10.0,0.0101,0.0,0.0
South Sudan,2020-06-04,1317.0,103.0,6.0,14.0,0.0106,323.0,4.0
South Sudan,2020-06-05,1317.0,103.0,6.0,14.0,0.0106,0.0,0.0
South Sudan,2020-06-06,1317.0,103.0,6.0,14.0,0.0106,0.0,0.0
South Sudan,2020-06-07,1317.0,103.0,6.0,14.0,0.0106,0.0,0.0
South Sudan,2020-06-08,1317.0,103.0,6.0,14.0,0.0106,0.0,0.0
South Sudan,2020-06-09,1604.0,126.0,15.0,19.0,0.0118,287.0,5.0
South Sudan,2020-06-10,1604.0,126.0,15.0,19.0,0.0118,0.0,0.0
South Sudan,2020-06-12,1670.0,131.0,48.0,24.0,0.0144,66.0,5.0
South Sudan,2020-06-13,1670.0,131.0,48.0,24.0,0.0144,0.0,0.0
South Sudan,2020-06-14,1693.0,132.0,49.0,27.0,0.0159,23.0,3.0
South Sudan,2020-06-15,1693.0,132.0,49.0,27.0,0.0159,0.0,0.0
South Sudan,2020-06-16,1693.0,132.0,49.0,27.0,0.0159,0.0,0.0
South Sudan,2020-06-17,1776.0,139.0,58.0,30.0,0.0169,83.0,3.0
South Sudan,2020-06-18,1776.0,139.0,58.0,30.0,0.0169,0.0,0.0
South Sudan,2020-06-19,1830.0,143.0,117.0,32.0,0.0175,54.0,2.0
South Sudan,2020-06-20,1864.0,146.0,122.0,34.0,0.0182,34.0,2.0
South Sudan,2020-06-21,1882.0,147.0,122.0,34.0,0.0181,18.0,0.0
South Sudan,2020-06-22,1892.0,148.0,169.0,34.0,0.018000000000000002,10.0,0.0
South Sudan,2020-06-23,1892.0,148.0,169.0,34.0,0.018000000000000002,0.0,0.0
South Sudan,2020-06-24,1930.0,151.0,217.0,36.0,0.0187,38.0,2.0
South Sudan,2020-06-25,1942.0,152.0,224.0,36.0,0.0185,12.0,0.0
South Sudan,2020-06-26,1942.0,152.0,224.0,36.0,0.0185,0.0,0.0
South Sudan,2020-06-27,1942.0,152.0,224.0,36.0,0.0185,0.0,0.0
South Sudan,2020-06-28,1942.0,152.0,224.0,36.0,0.0185,0.0,0.0
South Sudan,2020-06-29,1989.0,156.0,246.0,36.0,0.0181,47.0,0.0
South Sudan,2020-06-30,1989.0,156.0,246.0,36.0,0.0181,0.0,0.0
South Sudan,2020-07-01,1989.0,156.0,246.0,36.0,0.0181,0.0,0.0
South Sudan,2020-07-02,2006.0,157.0,0.0,37.0,0.0184,17.0,1.0
South Sudan,2020-07-03,2021.0,158.0,333.0,38.0,0.0188,15.0,1.0
South Sudan,2020-07-04,2036.0,159.0,0.0,38.0,0.0187,15.0,0.0
South Sudan,2020-07-05,2036.0,159.0,0.0,38.0,0.0187,0.0,0.0
South Sudan,2020-07-06,2058.0,161.0,0.0,38.0,0.0185,22.0,0.0
South Sudan,2020-07-07,2093.0,164.0,0.0,38.0,0.0182,35.0,0.0
South Sudan,2020-07-09,2106.0,165.0,0.0,40.0,0.019,13.0,2.0
South Sudan,2020-07-10,2106.0,165.0,0.0,40.0,0.019,0.0,0.0
South Sudan,2020-07-11,2129.0,167.0,0.0,40.0,0.0188,23.0,0.0
South Sudan,2020-07-12,2129.0,167.0,0.0,41.0,0.0193,0.0,1.0
South Sudan,2020-07-13,2139.0,167.0,0.0,41.0,0.0192,10.0,0.0
South Sudan,2020-07-14,2148.0,168.0,0.0,41.0,0.0191,9.0,0.0
South Sudan,2020-07-15,2148.0,168.0,0.0,41.0,0.0191,0.0,0.0
South Sudan,2020-07-16,2148.0,168.0,0.0,41.0,0.0191,0.0,0.0
South Sudan,2020-07-18,2191.0,171.0,0.0,43.0,0.0196,43.0,2.0
South Sudan,2020-07-19,2191.0,171.0,1175.0,43.0,0.0196,0.0,0.0
South Sudan,2020-07-19,2191.0,171.0,1175.0,43.0,0.0196,0.0,0.0
South Sudan,2020-07-21,2200.0,172.0,0.0,43.0,0.0195,9.0,0.0
South Sudan,2020-07-22,2211.0,173.0,0.0,45.0,0.0204,11.0,2.0
South Sudan,2020-07-23,2211.0,173.0,0.0,45.0,0.0204,0.0,0.0
South Sudan,2020-07-24,2211.0,173.0,1175.0,45.0,0.0204,0.0,0.0
South Sudan,2020-07-25,2258.0,177.0,1175.0,45.0,0.0199,47.0,0.0
South Sudan,2020-07-26,2258.0,177.0,1175.0,45.0,0.0199,0.0,0.0
South Sudan,2020-07-27,2262.0,177.0,1175.0,45.0,0.0199,4.0,0.0
South Sudan,2020-07-28,2305.0,180.0,1175.0,46.0,0.02,43.0,1.0
South Sudan,2020-07-29,2305.0,180.0,1175.0,46.0,0.02,0.0,0.0
South Sudan,2020-07-30,2305.0,180.0,1175.0,46.0,0.02,0.0,0.0
South Sudan,2020-07-31,2322.0,182.0,1175.0,46.0,0.0198,17.0,0.0
South Sudan,2020-08-01,2322.0,182.0,1175.0,46.0,0.0198,0.0,0.0
South Sudan,2020-08-02,2352.0,184.0,1175.0,46.0,0.0196,30.0,0.0
South Sudan,2020-08-03,2429.0,190.0,0.0,46.0,0.0189,77.0,0.0
South Sudan,2020-08-04,2429.0,190.0,1175.0,46.0,0.0189,0.0,0.0
South Sudan,2020-08-05,2437.0,191.0,0.0,47.0,0.0193,8.0,1.0
South Sudan,2020-08-06,2437.0,191.0,1175.0,47.0,0.0193,0.0,0.0
South Sudan,2020-08-07,2437.0,191.0,1175.0,47.0,0.0193,0.0,0.0
South Sudan,2020-08-08,2450.0,192.0,1175.0,47.0,0.0192,13.0,0.0
South Sudan,2020-08-09,2463.0,193.0,1175.0,47.0,0.0191,13.0,0.0
South Sudan,2020-08-10,2470.0,193.0,1175.0,47.0,0.019,7.0,0.0
South Sudan,2020-08-11,2470.0,193.0,1175.0,47.0,0.019,0.0,0.0
South Sudan,2020-08-12,2472.0,193.0,1175.0,47.0,0.019,2.0,0.0
South Sudan,2020-08-13,2472.0,193.0,1175.0,47.0,0.019,0.0,0.0
South Sudan,2020-08-14,2472.0,193.0,1175.0,47.0,0.019,0.0,0.0
South Sudan,2020-08-15,2472.0,193.0,1175.0,47.0,0.019,0.0,0.0
South Sudan,2020-08-16,2472.0,193.0,1175.0,47.0,0.019,0.0,0.0
South Sudan,2020-08-17,2489.0,195.0,1175.0,47.0,0.0189,17.0,0.0
South Sudan,2020-08-18,2489.0,195.0,1175.0,47.0,0.0189,0.0,0.0
South Sudan,2020-08-19,2490.0,195.0,1175.0,47.0,0.0189,1.0,0.0
South Sudan,2020-08-20,2490.0,195.0,1175.0,47.0,0.0189,0.0,0.0
