Location,Date,Confirmed,Case_Per_1M_people,Recovered,Deaths,Mortality,Cases per 1 million people,NewCases,NewConfirmed,NewDeaths
South Africa,2020-03-31,1326,23.91,31.0,3,0.002262443,,,0,0
South Africa,2020-04-01,1353,24.39,31.0,5,0.003695491500369549,,,27,2
South Africa,2020-04-02,1380,24.88,31.0,5,0.0036231884057971015,,,27,0
South Africa,2020-04-03,1462,26.36,31.0,5,0.003419972640218878,,,82,0
South Africa,2020-04-07,1686,28.69,45.0,12,0.007117437722419929,,,224,7
South Africa,2020-04-10,1934,32.91,45.0,18,0.009307135470527405,,,248,6
South Africa,2020-04-11,2003,34.08,410.0,24,0.011982026959560658,,,69,6
South Africa,2020-04-12,2028,34.5,410.0,25,0.01232741617357002,,,25,1
South Africa,2020-04-14,2272,38.66,410.0,27,0.011883802816901408,,,244,2
South Africa,2020-04-17,2605,44.32,903.0,48,0.018426103646833013,,,333,21
South Africa,2020-04-18,2783,47.35,903.0,50,0.017966223499820338,,,178,2
South Africa,2020-04-20,3158,53.73,903.0,54,0.01709943001899937,,,375,4
South Africa,2020-04-22,3465,58.95,1055.0,58,0.01673881673881674,,,307,4
South Africa,2020-04-23,3635,61.85,1055.0,65,0.017881705639614855,,,170,7
South Africa,2020-04-24,3953,67.26,1473.0,75,0.018972931950417403,,,318,10
South Africa,2020-04-25,4220,71.8,1473.0,79,0.01872037914691943,,,267,4
South Africa,2020-04-26,4361,74.2,1473.0,86,0.019720247649621648,,,141,7
South Africa,2020-04-27,4546,77.35,1473.0,87,0.01913770347558293,,,185,1
South Africa,2020-04-28,4793,81.55,1473.0,90,0.018777383684539958,,,247,3
South Africa,2020-04-29,4996,85.0,2073.0,93,0.018614891913530825,,,203,3
South Africa,2020-04-30,4996,85.0,2073.0,93,0.018614891913530825,,,0,0
South Africa,2020-05-01,5647,96.0,2073.0,103,0.0182397733309722,,,651,10
South Africa,2020-05-02,5951,101.0,2382.0,116,0.01949252226516552,,,304,13
South Africa,2020-05-03,6336,108.0,2549.0,123,0.019412878787878788,,,385,7
South Africa,2020-05-04,6336,108.0,2549.0,123,0.019412878787878788,,,0,0
South Africa,2020-05-05,7220,123.0,2746.0,138,0.01911357340720221,,,884,15
South Africa,2020-05-06,7572,129.0,2746.0,148,0.01954569466455362,,,352,10
South Africa,2020-05-07,7808,133.0,3153.0,153,0.0195952868852459,,,236,5
South Africa,2020-05-08,8232,140.0,3153.0,161,0.0195578231292517,,,424,8
South Africa,2020-05-09,8895,151.0,3153.0,178,0.020011242270938732,,,663,17
South Africa,2020-05-10,9420,160.0,3983.0,186,0.019745222929936305,,,525,8
South Africa,2020-05-11,10015,170.0,4173.0,194,0.01937094358462307,,,595,8
South Africa,2020-05-12,10652,181.0,4357.0,206,0.019339091250469398,,,637,12
South Africa,2020-05-13,11350,193.0,4357.0,206,0.018149779735682815,,,698,0
South Africa,2020-05-15,12739,217.0,5676.0,238,0.0186827851479708,,,1389,32
South Africa,2020-05-16,13524,230.0,6083.0,247,0.01826382727003845,,,785,9
South Africa,2020-05-17,14355,244.0,6478.0,261,0.01818181818181818,,,831,14
South Africa,2020-05-18,15515,264.0,7006.0,264,0.017015791169835644,,,1160,3
South Africa,2020-05-19,16433,280.0,7298.0,286,0.017404004138014968,,,918,22
South Africa,2020-05-20,17200,293.0,7960.0,312,0.018139534883720932,,,767,26
South Africa,2020-05-21,18003,306.0,7950.0,3139,0.17435982891740265,,,803,2827
South Africa,2020-05-22,19137,326.0,8950.0,369,0.01928201912525474,,,1134,0
South Africa,2020-05-23,20125,342.0,10104.0,397,0.019726708074534163,,,988,28
South Africa,2020-05-24,21343,363.0,10104.0,407,0.019069484139999062,,,1218,10
South Africa,2020-05-25,22583,384.0,10104.0,429,0.018996590355577204,,,1240,22
South Africa,2020-05-26,23615,402.0,11917.0,481,0.020368409908956168,,,1032,52
South Africa,2020-05-27,24264,413.0,12741.0,524,0.021595779756017144,,,649,43
South Africa,2020-05-28,24264,413.0,12741.0,524,0.021595779756017144,,,0,0
South Africa,2020-05-29,25937,441.0,13451.0,552,0.0212823379727802,,,1673,28
South Africa,2020-05-30,27403,466.0,14370.0,577,0.021056088749407,,,1466,25
South Africa,2020-05-31,30967,527.0,16116.0,643,0.02076403913843769,,,3564,66
South Africa,2020-06-01,32683,556.0,16809.0,683,0.020897714408102067,,,1716,40
South Africa,2020-06-02,34357,585.0,17291.0,705,0.02051983584131327,,,1674,22
South Africa,2020-06-03,35812,609.0,17291.0,705,0.0197,,,1455,0
South Africa,2020-06-04,37525,638.0,19682.0,792,0.0211,,,1713,87
South Africa,2020-06-05,40792,694.0,21311.0,848,0.0208,,,3267,56
South Africa,2020-06-06,43434,739.0,23088.0,908,0.0209,,,2642,60
South Africa,2020-06-07,45973,782.0,24258.0,952,0.0207,,,2539,44
South Africa,2020-06-08,48285,822.0,24364.0,998,0.0207,,,2312,46
South Africa,2020-06-09,50879,866.0,26099.0,1080,0.0212,,,2594,82
South Africa,2020-06-10,52991,902.0,29006.0,1162,0.0219,,,2112,82
South Africa,2020-06-12,58568,996.0,33252.0,1210,0.0207,,,5577,48
South Africa,2020-06-13,61927,1054.0,35006.0,1354,0.0219,,,3359,144
South Africa,2020-06-14,65736,1118.0,36850.0,1423,0.0216,,,3809,69
South Africa,2020-06-15,65736,1118.0,36850.0,1423,0.0216,,,0,0
South Africa,2020-06-16,70038,1192.0,38531.0,1480,0.0211,,,4302,57
South Africa,2020-06-17,76334,1299.0,42063.0,1625,0.0213,,,6296,145
South Africa,2020-06-18,80412,1368.0,44331.0,1674,0.0208,,,4078,49
South Africa,2020-06-19,83890,1427.0,44920.0,1737,0.0207,,,3478,63
South Africa,2020-06-20,87715,1492.0,47825.0,1831,0.0209,,,3825,94
South Africa,2020-06-21,92681,1577.0,50326.0,1877,0.0203,,,4966,46
South Africa,2020-06-22,97302,1655.0,51608.0,1930,0.0198,,,4621,53
South Africa,2020-06-23,101590,1728.0,53444.0,1991,0.0196,,,4288,61
South Africa,2020-06-24,106108,1805.0,55045.0,2101,0.0198,,,4518,110
South Africa,2020-06-25,111796,1902.0,56874.0,2205,0.0197,,,5688,104
South Africa,2020-06-26,118375,2014.0,59974.0,2292,0.0194,,,6579,87
South Africa,2020-06-27,124590,2120.0,64111.0,2340,0.0188,,,6215,48
South Africa,2020-06-28,131800,2242.0,67094.0,2413,0.0183,,,7210,73
South Africa,2020-06-29,138134,2350.0,68925.0,2456,0.0178,,,6334,43
South Africa,2020-06-30,144264,2455.0,70614.0,2529,0.0175,,,6130,73
South Africa,2020-07-01,151209,2573.0,73543.0,2657,0.0176,,,6945,128
South Africa,2020-07-02,159333,2711.0,76025.0,2749,0.0173,,,8124,92
South Africa,2020-07-03,168061,2859.0,81999.0,2844,0.0169,,,8728,95
South Africa,2020-07-04,177124,3014.0,86298.0,2952,0.0167,,,9063,108
South Africa,2020-07-05,187977,3198.0,91227.0,3026,0.0161,,,10853,74
South Africa,2020-07-06,196750,3348.0,93315.0,3199,0.0163,,,8773,173
South Africa,2020-07-07,205721,3500.0,97848.0,3310,0.0161,,,8971,111
South Africa,2020-07-09,224665,3822.0,106842.0,3600,0.016,,,18944,290
South Africa,2020-07-10,238399,4056.0,0.0,3720,0.0156,,,13734,120
South Africa,2020-07-11,250687,4265.0,118232.0,3860,0.0154,,,12288,140
South Africa,2020-07-12,250687,4265.0,118232.0,3860,0.0154,,,0,0
South Africa,2020-07-14,287796,4897.0,138241.0,4172,0.0145,,,37109,312
South Africa,2020-07-15,298292,5075.0,146279.0,4346,0.0146,,,10496,174
South Africa,2020-07-16,298292,5075.0,146279.0,4346,0.0146,,,0,0
South Africa,2020-07-18,337594,5744.0,178183.0,4804,0.0142,,,39302,458
South Africa,2020-07-19,350879,5970.0,182230.0,4948,0.0141,,,13285,144
South Africa,2020-07-19,350879,5970.0,182230.0,4948,0.0141,,,0,0
South Africa,2020-07-21,364328,6199.0,191059.0,5033,0.0138,,,13449,85
South Africa,2020-07-22,381798,6496.0,194865.0,5173,0.0135,,,17470,140
South Africa,2020-07-23,394948,6720.0,229175.0,5940,0.015,,,13150,767
South Africa,2020-07-24,408052,6943.0,236260.0,6093,0.0149,,,13104,153
South Africa,2020-07-25,421996,7180.0,245771.0,6343,0.015,,,13944,250
South Africa,2020-07-26,434200,7387.0,263054.0,6655,0.0153,,,12204,312
South Africa,2020-07-27,445443,7579.0,265077.0,6769,0.0152,,,11243,114
South Africa,2020-07-28,452529,7699.0,274925.0,7067,0.0156,,,7086,298
South Africa,2020-07-29,459761,7822.0,287313.0,7257,0.0158,,,7232,190
South Africa,2020-07-30,471124,8016.0,297967.0,7497,0.0159,,,11363,240
South Africa,2020-07-31,471124,8016.0,297967.0,7497,0.0159,,,0,0
South Africa,2020-08-01,493183,8391.0,326171.0,8005,0.0162,,,22059,508
South Africa,2020-08-02,503290,8563.0,342461.0,8153,0.0162,,,10107,148
South Africa,2020-08-03,511485,8702.0,347227.0,8366,0.0164,,,8195,213
South Africa,2020-08-04,516862,8794.0,358037.0,8539,0.0165,,,5377,173
South Africa,2020-08-05,516862,8794.0,358037.0,8539,0.0165,,,0,0
South Africa,2020-08-06,529877,9015.0,377266.0,9298,0.0175,,,13015,759
South Africa,2020-08-07,529877,9015.0,377266.0,9298,0.0175,,,0,0
South Africa,2020-08-08,545476,9281.0,394759.0,9909,0.0182,,,15599,611
South Africa,2020-08-09,553188,9412.0,404568.0,10210,0.0185,,,7712,301
South Africa,2020-08-10,559859,9525.0,411474.0,10408,0.0186,,,6671,198
South Africa,2020-08-11,559859,9525.0,411474.0,10408,0.0186,,,0,0
South Africa,2020-08-12,566109,9632.0,426125.0,10751,0.019,,,6250,343
South Africa,2020-08-13,568919,9680.0,432029.0,11010,0.0194,,,2810,259
South Africa,2020-08-14,572865,9747.0,437617.0,11270,0.0197,,,3946,260
South Africa,2020-08-15,579140,9854.0,461734.0,11556,0.02,,,6275,286
South Africa,2020-08-16,583653,9930.0,466941.0,11677,0.02,,,4513,121
South Africa,2020-08-17,587345,9993.0,472377.0,11839,0.0202,,,3692,162
South Africa,2020-08-18,589886,10036.0,477671.0,11982,0.0203,,,2541,143
South Africa,2020-08-19,592144,10075.0,485468.0,12264,0.0207,,,2258,282
South Africa,2020-08-20,596060,10141.0,491441.0,12423,0.0208,,,3916,159
South Africa,2020-08-22,603338,10265.0,500102.0,12843,0.0213,,,7278,420
South Africa,2020-08-23,607045,10328.0,504127.0,12987,0.0214,,,3707,144
South Africa,2020-08-24,609773,10375.0,506470.0,13059,0.0214,,,2728,72
South Africa,2020-08-25,609773,10375.0,506470.0,13059,0.0214,,,0,0
South Africa,2020-08-26,613017,10430.0,520381.0,13308,0.0217,,,3244,249
South Africa,2020-08-27,615701,10476.0,525242.0,13502,0.0219,,,2684,194
South Africa,2020-08-28,618286,10520.0,531338.0,13628,0.022000000000000002,,,2585,126
South Africa,2020-08-29,620132,10551.0,533935.0,13743,0.0222,,,1846,115
South Africa,2020-08-30,622551,10592.0,536694.0,13981,0.0225,,,2419,238
South Africa,2020-08-31,625056,10635.0,538604.0,14028,0.0224,,,2505,47
South Africa,2020-09-01,627041,10668.0,540923.0,14149,0.0226,,,1985,121
South Africa,2020-09-02,628259,10689.0,549993.0,14263,0.0227,,,1218,114
South Africa,2020-09-03,630595,10729.0,553456.0,14389,0.0228,,,2336,126
South Africa,2020-09-04,633015,10770.0,554887.0,14563,0.023,,,2420,174
South Africa,2020-09-05,633015,10770.0,554887.0,14563,0.023,,,0,0
South Africa,2020-09-07,638517,10864.0,563891.0,14889,0.0233,,,5502,326
South Africa,2020-09-08,639362,10878.0,566555.0,15004,0.0235,,,845,115
South Africa,2020-09-09,640441,10896.0,567729.0,15086,0.0236,,,1079,82
South Africa,2020-09-10,642431,10930.0,0.0,15168,0.0236,,,1990,82
South Africa,2020-09-11,642431,10930.0,569935.0,15168,0.0236,,,0,0
South Africa,2020-09-12,646398,10998.0,574587.0,15378,0.0238,,,3967,210
South Africa,2020-09-13,648214,11029.0,576423.0,15427,0.0238,,,1816,49
South Africa,2020-09-14,649793,11056.0,577906.0,15447,0.0238,,,1579,20
South Africa,2020-09-15,650749,11072.0,579289.0,15499,0.0238,,,956,52
South Africa,2020-09-16,651521,11085.0,583126.0,15641,0.024,,,772,142
South Africa,2020-09-17,653444,11118.0,584195.0,15705,0.024,,,1923,64
South Africa,2020-09-18,655572,11154.0,585303.0,15772,0.0241,,,2128,67
South Africa,2020-09-20,659656,11223.0,589434.0,15940,0.0242,,,4084,168
South Africa,2020-09-21,661211,11250.0,590071.0,15953,0.0241,,,1555,13
South Africa,2020-09-22,661936,11262.0,591208.0,15992,0.0242,,,725,39
South Africa,2020-09-23,661936,11262.0,591208.0,15992,0.0242,,,0,0
South Africa,2020-09-24,665188,0.0,,16206,0.0244,11318.0,,3252,214
South Africa,2020-09-25,667049,0.0,,16283,0.0244,11349.0,,1861,77
South Africa,2020-09-26,668529,0.0,,16312,0.0244,11374.0,,1480,29
South Africa,2020-09-27,669498,0.0,,16376,0.0245,11391.0,,969,64
South Africa,2020-09-28,670766,0.0,,16398,0.0244,11412.0,,1268,22
South Africa,2020-09-29,671669,0.0,,16586,0.0247,11428.0,,903,188
South Africa,2020-09-30,671669,0.0,,16586,0.0247,11428.0,,0,0
South Africa,2020-10-02,676084,0.0,,16866,0.0249,11503.0,,4415,280
South Africa,2020-10-03,676084,0.0,,16866,0.0249,11503.0,,0,0
South Africa,2020-10-04,677833,0.0,,16909,0.0249,11533.0,,1749,43
South Africa,2020-10-05,679716,0.0,,16938,0.0249,11565.0,,1883,29
South Africa,2020-10-06,681289,0.0,,16976,0.0249,11591.0,,1573,38
South Africa,2020-10-08,683242,0.0,,17103,0.025,11625.0,,1953,127
South Africa,2020-10-09,685155,0.0,,17248,0.0252,11657.0,,1913,145
South Africa,2020-10-10,686891,0.0,,17408,0.0253,11687.0,,1736,160
South Africa,2020-10-11,688352,0.0,,17547,0.0255,11712.0,,1461,139
South Africa,2020-10-12,690896,0.0,,17673,0.0256,11755.0,,2544,126
South Africa,2020-10-13,692471,0.0,,17780,0.0257,11782.0,,1575,107
South Africa,2020-10-14,693359,0.0,,17863,0.0258,11797.0,,888,83
South Africa,2020-10-15,694537,0.0,,18028,0.026000000000000002,11817.0,,1178,165
South Africa,2020-10-18,700203,0.0,,18370,0.0262,11913.0,,5666,342
South Africa,2020-10-19,702131,0.0,,18408,0.0262,11946.0,,1928,38
South Africa,2020-10-20,703793,0.0,,18471,0.0262,11974.0,,1662,63
South Africa,2020-10-22,706304,0.0,,18656,0.0264,12017.0,,2511,185
South Africa,2020-10-23,708359,0.0,,18741,0.0265,12052.0,,2055,85
South Africa,2020-10-24,710515,0.0,,18843,0.0265,12089.0,,2156,102
South Africa,2020-10-25,712412,0.0,,18891,0.0265,12121.0,,1897,48
South Africa,2020-10-26,714246,0.0,,18944,0.0265,12152.0,,1834,53
South Africa,2020-10-27,715868,0.0,,18968,0.0265,12180.0,,1622,24
South Africa,2020-10-28,717851,12214.0,,19053,0.0265,,1092.0,1983,85
South Africa,2020-10-29,717851,12214.0,,19053,0.0265,,1092.0,0,0
South Africa,2020-10-30,719714,12245.0,,19111,0.0266,,1863.0,1863,58
South Africa,2020-10-31,721770,12280.0,,19164,0.0266,,2056.0,2056,53
South Africa,2020-11-01,723682,12313.0,,19230,0.0266,,1912.0,1912,66
South Africa,2020-11-02,725452,12343.0,,19276,0.0266,,1770.0,1770,46
South Africa,2020-11-03,726823,12366.0,,19411,0.0267,,1371.0,1371,135
South Africa,2020-11-04,727595,12379.0,,19465,0.0268,,772.0,772,54
South Africa,2020-11-05,728836,12400.0,,19539,0.0268,,1241.0,1241,74
South Africa,2020-11-06,730548,12430.0,,19585,0.0268,,1712.0,1712,46
South Africa,2020-11-07,732414,12461.0,,19677,0.0269,,1866.0,1866,92
South Africa,2020-11-08,734175,12491.0,,19749,0.0269,,1761.0,1761,72
South Africa,2020-11-09,735906,12521.0,,19789,0.0269,,1731.0,1731,40
South Africa,2020-11-10,737278,12544.0,,19809,0.0269,,1372.0,1372,20
South Africa,2020-11-11,738525,12565.0,,19845,0.0269,,1247.0,1247,36
South Africa,2020-11-12,740254,12595.0,,19951,0.027000000000000003,,1729.0,1729,106
South Africa,2020-11-13,742394,12631.0,,20011,0.027000000000000003,,2140.0,2140,60
South Africa,2020-11-15,746945,12709.0,,20153,0.027000000000000003,,2213.0,4551,142
South Africa,2020-11-16,749182,12747.0,,20206,0.027000000000000003,,2237.0,2237,53
South Africa,2020-11-17,751024,12778.0,,20241,0.027000000000000003,,1842.0,1842,35
South Africa,2020-11-18,752269,12799.0,,20314,0.027000000000000003,,1245.0,1245,73
South Africa,2020-11-19,754256,12833.0,,20432,0.0271,,1987.0,1987,118
South Africa,2020-11-20,757144,12882.0,,20556,0.0271,,2888.0,2888,124
South Africa,2020-11-21,759658,12925.0,,20671,0.0272,,2514.0,2514,115
South Africa,2020-11-22,762763,12978.0,,20759,0.0272,,3105.0,3105,88
