Location,Date,Confirmed,Case_Per_1M_people,Recovered,Deaths,Mortality,Cases per 1 million people,NewConfirmed,NewDeaths
Spain,2020-03-31,87956,1775.09,16780.0,7716,0.087725681,,0,0
Spain,2020-04-01,95923,1935.87,19259.0,8464,0.08823744044702522,,7967,748
Spain,2020-04-02,104118,2101.26,22647.0,9387,0.09015732150060507,,8195,923
Spain,2020-04-03,112065,2261.64,26743.0,10348,0.09233926738946148,,7947,961
Spain,2020-04-07,136675,2901.78,40437.0,13341,0.0976111212730931,,24610,2993
Spain,2020-04-10,153222,3253.09,52165.0,15447,0.10081450444453148,,16547,2106
Spain,2020-04-11,158273,3360.33,55668.0,16081,0.1016029265888686,,5051,634
Spain,2020-04-12,163027,3461.27,59109.0,16606,0.1018604280272593,,4754,525
Spain,2020-04-14,170099,3611.41,64727.0,17756,0.10438626917265828,,7072,1150
Spain,2020-04-17,185309,3934.34,74797.0,19516,0.10531598573193962,,15210,1760
Spain,2020-04-18,190859,4052.17,72963.0,20002,0.10479987844429656,,5550,486
Spain,2020-04-20,198674,4218.1,77357.0,21238,0.1068987386371644,,7815,1236
Spain,2020-04-22,204178,4334.95,82514.0,21282,0.10423258137507467,,5504,44
Spain,2020-04-23,208389,4424.36,85915.0,21717,0.10421375408490853,,4211,435
Spain,2020-04-24,213024,4522.76,89250.0,22157,0.10401175454408892,,4635,440
Spain,2020-04-25,219764,4665.86,92355.0,22524,0.10249176389217524,,6740,367
Spain,2020-04-26,223759,4750.68,95708.0,22902,0.10235119034318173,,3995,378
Spain,2020-04-27,219764,4665.86,98732.0,23190,0.1055222875448208,,0,288
Spain,2020-04-28,219764,4665.86,100875.0,23521,0.10702844869951404,,0,331
Spain,2020-04-29,210773,4474.97,102548.0,23822,0.11302206639370314,,0,301
Spain,2020-04-30,210773,4474.97,102548.0,23822,0.11302206639370314,,0,0
Spain,2020-05-01,213435,4531.0,112050.0,24543,0.11499051233396584,,2662,721
Spain,2020-05-02,215216,4569.0,114678.0,24824,0.11534458404579585,,1781,281
Spain,2020-05-03,216582,4598.0,117248.0,25100,0.11589144065527145,,1366,276
Spain,2020-05-04,217466,4617.0,118902.0,25264,0.11617448244783092,,884,164
Spain,2020-05-05,218011,4629.0,121343.0,25428,0.1166363165161391,,545,164
Spain,2020-05-06,219329,4657.0,123486.0,25613,0.11677890292665355,,1318,185
Spain,2020-05-07,220325,4678.0,126002.0,25857,0.11735844774764552,,996,244
Spain,2020-05-08,221447,4702.0,128511.0,26070,0.11772568605580568,,1122,213
Spain,2020-05-09,222857,4732.0,131148.0,26299,0.11800840897974935,,1410,229
Spain,2020-05-10,223578,4747.0,133952.0,26478,0.11842846791723692,,721,179
Spain,2020-05-11,224390,4764.0,136166.0,26621,0.11863719417086326,,812,143
Spain,2020-05-12,227436,4829.0,137139.0,26744,0.11758912397333755,,3046,123
Spain,2020-05-13,228691,4855.0,140823.0,27104,0.11851800027110818,,1255,360
Spain,2020-05-15,229540,4873.0,143374.0,27321,0.11902500653480876,,849,217
Spain,2020-05-16,230183,4887.0,144783.0,27459,0.11929204154954973,,643,138
Spain,2020-05-17,230698,4898.0,146446.0,27563,0.11947654509358555,,515,104
Spain,2020-05-18,231350,4912.0,149576.0,27650,0.11951588502269288,,652,87
Spain,2020-05-19,231606,4917.0,150376.0,27709,0.11963852404514565,,256,59
Spain,2020-05-20,232037,4926.0,150376.0,27778,0.11971366635493474,,431,69
Spain,2020-05-21,232555,4937.0,150376.0,27888,0.11992001892025543,,518,110
Spain,2020-05-22,233185,4951.0,151294.0,28001,0.12008062268156185,,630,113
Spain,2020-05-23,234824,4986.0,150376.0,28628,0.12191258133751234,,1639,627
Spain,2020-05-24,235290,4995.0,150376.0,28678,0.12188363296357685,,466,50
Spain,2020-05-25,235772,5006.0,150376.0,28752,0.12194832295607623,,482,74
Spain,2020-05-26,235400,4998.0,150376.0,26834,0.11399320305862362,,0,0
Spain,2020-05-27,236529,5022.0,150376.0,27117,0.11464556143221337,,1129,283
Spain,2020-05-28,236769,5027.0,150376.0,27118,0.11453357491901388,,240,1
Spain,2020-05-29,237906,5051.0,150376.0,27119,0.1139903995695779,,1137,1
Spain,2020-05-30,238564,5065.0,150376.0,27121,0.1136843781962073,,658,2
Spain,2020-05-31,239228,5079.0,150376.0,27125,0.11338555687461335,,664,4
Spain,2020-06-01,239429,5083.0,150376.0,27127,0.11329872321230927,,201,2
Spain,2020-06-02,239638,5088.0,150376.0,27127,0.11319990986404492,,209,0
Spain,2020-06-03,239932,5094.0,150376.0,27127,0.1131,,294,0
Spain,2020-06-04,240326,5102.0,150376.0,27128,0.1129,,394,1
Spain,2020-06-05,240660,5110.0,150376.0,27133,0.1127,,334,5
Spain,2020-06-06,240978,5116.0,150376.0,27134,0.1126,,318,1
Spain,2020-06-07,241310,5123.0,150376.0,27135,0.1124,,332,1
Spain,2020-06-08,241550,5128.0,150376.0,27136,0.1123,,240,1
Spain,2020-06-09,241717,5132.0,150376.0,27136,0.1123,,167,0
Spain,2020-06-10,241966,5137.0,150376.0,27136,0.1121,,249,0
Spain,2020-06-12,242707,5153.0,150376.0,27136,0.1118,,741,0
Spain,2020-06-13,243209,5164.0,150376.0,27136,0.1116,,502,0
Spain,2020-06-14,243605,5172.0,150376.0,27136,0.1114,,396,0
Spain,2020-06-15,243928,5179.0,150376.0,27136,0.1112,,323,0
Spain,2020-06-16,244109,5183.0,150376.0,27136,0.1112,,181,0
Spain,2020-06-17,244328,5187.0,150376.0,27136,0.1111,,219,0
Spain,2020-06-18,244683,5195.0,150376.0,27136,0.1109,,355,0
Spain,2020-06-19,245268,5207.0,150376.0,27136,0.1106,,585,0
Spain,2020-06-20,245268,5207.0,150376.0,28313,0.1154,,0,1177
Spain,2020-06-21,245938,5222.0,150376.0,28322,0.1152,,670,9
Spain,2020-06-22,246272,5229.0,150376.0,28322,0.115,,334,0
Spain,2020-06-23,246504,5234.0,150376.0,28324,0.1149,,232,2
Spain,2020-06-24,246752,5239.0,150376.0,28325,0.1148,,248,1
Spain,2020-06-25,247086,5246.0,150376.0,28327,0.1146,,334,2
Spain,2020-06-26,247486,5254.0,150376.0,28330,0.1145,,400,3
Spain,2020-06-27,247905,5263.0,150376.0,28338,0.1143,,419,8
Spain,2020-06-28,248469,5275.0,150376.0,28341,0.1141,,564,3
Spain,2020-06-29,248770,5282.0,150376.0,28343,0.1139,,301,2
Spain,2020-06-30,248970,5286.0,150376.0,28346,0.1139,,200,3
Spain,2020-07-01,249271,5292.0,150376.0,28355,0.1138,,301,9
Spain,2020-07-02,249569,5299.0,150376.0,28363,0.1136,,298,8
Spain,2020-07-03,250103,5310.0,150376.0,28368,0.1134,,534,5
Spain,2020-07-04,250545,5319.0,150376.0,28385,0.1133,,442,17
Spain,2020-07-05,250545,5319.0,150376.0,28385,0.1133,,0,0
Spain,2020-07-06,250545,5319.0,150376.0,28385,0.1133,,0,0
Spain,2020-07-07,251789,5346.0,150376.0,28388,0.1127,,1244,3
Spain,2020-07-09,252513,5361.0,150376.0,28396,0.1125,,724,8
Spain,2020-07-10,253056,5373.0,150376.0,28401,0.1122,,543,5
Spain,2020-07-11,253908,5391.0,150376.0,28403,0.1119,,852,2
Spain,2020-07-12,253908,5391.0,150376.0,28403,0.1119,,0,0
Spain,2020-07-13,253908,5391.0,150376.0,28403,0.1119,,0,0
Spain,2020-07-14,255953,5434.0,150376.0,28406,0.111,,2045,3
Spain,2020-07-15,256619,5448.0,150376.0,28409,0.1107,,666,3
Spain,2020-07-16,257494,5467.0,0.0,28413,0.1103,,875,4
Spain,2020-07-18,258855,5496.0,0.0,28416,0.1098,,1361,3
Spain,2020-07-19,260255,5526.0,150376.0,28420,0.1092,,1400,4
Spain,2020-07-19,260255,5526.0,150376.0,28420,0.1092,,0,0
Spain,2020-07-21,264836,5623.0,150376.0,28422,0.1073,,4581,2
Spain,2020-07-22,266194,5652.0,150376.0,28424,0.1068,,1358,2
Spain,2020-07-23,267551,5680.0,150376.0,28426,0.1062,,1357,2
Spain,2020-07-24,270166,5736.0,0.0,28429,0.1052,,2615,3
Spain,2020-07-25,272421,5784.0,150376.0,28432,0.1044,,2255,3
Spain,2020-07-26,272421,5784.0,150376.0,28432,0.1044,,0,0
Spain,2020-07-27,272421,5784.0,150376.0,28432,0.1044,,0,0
Spain,2020-07-28,278782,5919.0,150376.0,28434,0.102,,6361,2
Spain,2020-07-29,280610,5958.0,150376.0,28436,0.1013,,1828,2
Spain,2020-07-30,282641,6001.0,150376.0,28441,0.1006,,2031,5
Spain,2020-07-31,285430,6060.0,150376.0,28443,0.0996,,2789,2
Spain,2020-08-01,288522,6126.0,150376.0,28445,0.0986,,3092,2
Spain,2020-08-02,288522,6126.0,150376.0,28445,0.0986,,0,0
Spain,2020-08-03,288522,6126.0,150376.0,28445,0.0986,,0,0
Spain,2020-08-04,297054,6307.0,0.0,28472,0.0958,,8532,27
Spain,2020-08-05,297054,6307.0,150376.0,28472,0.0958,,0,0
Spain,2020-08-06,305767,6492.0,150376.0,28499,0.0932,,8713,27
Spain,2020-08-07,305767,6492.0,150376.0,28499,0.0932,,0,0
Spain,2020-08-08,309855,6579.0,150376.0,28499,0.092,,4088,0
Spain,2020-08-09,314362,6674.0,150376.0,28503,0.0907,,4507,4
Spain,2020-08-10,314362,6674.0,150376.0,28503,0.0907,,0,0
Spain,2020-08-11,322980,6857.0,150376.0,28576,0.0885,,8618,73
Spain,2020-08-12,326612,6934.0,150376.0,28581,0.0875,,3632,5
Spain,2020-08-13,326612,6934.0,150376.0,28581,0.0875,,0,0
Spain,2020-08-14,329784,7002.0,150376.0,28579,0.0867,,3172,0
Spain,2020-08-15,342813,7278.0,150376.0,28617,0.0835,,13029,38
Spain,2020-08-16,342813,7278.0,150376.0,28617,0.0835,,0,0
Spain,2020-08-17,342813,7278.0,150376.0,28617,0.0835,,0,0
Spain,2020-08-18,342813,7278.0,150376.0,28617,0.0835,,0,0
Spain,2020-08-19,364196,7732.0,150376.0,28670,0.0787,,21383,53
Spain,2020-08-20,370867,7874.0,150376.0,28797,0.0776,,6671,127
Spain,2020-08-22,386054,8196.0,150376.0,28838,0.0747,,15187,41
Spain,2020-08-23,386054,8196.0,150376.0,28838,0.0747,,0,0
Spain,2020-08-24,386054,8196.0,150376.0,28838,0.0747,,0,0
Spain,2020-08-25,405436,8608.0,0.0,28872,0.0712,,19382,34
Spain,2020-08-26,412553,8759.0,150376.0,28924,0.0701,,7117,52
Spain,2020-08-27,419849,8914.0,150376.0,28971,0.069,,7296,47
Spain,2020-08-28,429507,9119.0,150376.0,28996,0.0675,,9658,25
Spain,2020-08-29,439286,9327.0,150376.0,29011,0.066,,9779,15
Spain,2020-08-30,439286,9327.0,150376.0,29011,0.066,,0,0
Spain,2020-08-31,439286,9327.0,150376.0,29011,0.066,,0,0
Spain,2020-09-01,462858,9827.0,0.0,29094,0.0629,,23572,83
Spain,2020-09-02,470973,9999.0,0.0,29152,0.0619,,8115,58
Spain,2020-09-03,479554,10182.0,0.0,29194,0.0609,,8581,42
Spain,2020-09-04,488513,10372.0,0.0,29234,0.0598,,8959,40
Spain,2020-09-05,498989,10594.0,0.0,29418,0.059000000000000004,,10476,184
Spain,2020-09-07,498989,10594.0,0.0,29418,0.059000000000000004,,0,0
Spain,2020-09-08,525549,11158.0,0.0,29516,0.0562,,26560,98
Spain,2020-09-09,534513,11348.0,0.0,29594,0.0554,,8964,78
Spain,2020-09-10,543379,11537.0,0.0,29628,0.0545,,8866,34
Spain,2020-09-11,554143,11765.0,0.0,29699,0.0536,,10764,71
Spain,2020-09-12,566326,12024.0,0.0,29747,0.0525,,12183,48
Spain,2020-09-13,566326,12024.0,0.0,29747,0.0525,,0,0
Spain,2020-09-14,566326,12024.0,0.0,29747,0.0525,,0,0
Spain,2020-09-15,593730,12606.0,0.0,29848,0.0503,,27404,101
Spain,2020-09-16,603167,12806.0,0.0,30004,0.0497,,9437,156
Spain,2020-09-17,614360,13044.0,0.0,30243,0.0492,,11193,239
Spain,2020-09-18,625651,13283.0,0.0,30405,0.0486,,11291,162
Spain,2020-09-20,640040,13589.0,0.0,30495,0.0476,,14389,90
Spain,2020-09-21,640040,13589.0,0.0,30495,0.0476,,0,0
Spain,2020-09-22,671468,14256.0,0.0,30663,0.0457,,31428,168
Spain,2020-09-23,682267,14485.0,0.0,30904,0.0453,,10799,241
Spain,2020-09-24,693556,0.0,,31034,0.0447,14725.0,11289,130
Spain,2020-09-25,704209,0.0,,31118,0.0442,14951.0,10653,84
Spain,2020-09-26,716481,0.0,,31232,0.0436,15212.0,12272,114
Spain,2020-09-27,716481,0.0,,31232,0.0436,15212.0,0,0
Spain,2020-09-28,716481,0.0,,31232,0.0436,15212.0,0,0
Spain,2020-09-29,748266,0.0,,31411,0.042,15887.0,31785,179
Spain,2020-09-30,758172,0.0,,31614,0.0417,16097.0,9906,203
Spain,2020-10-02,778607,0.0,,31973,0.0411,16531.0,20435,359
