Location,Date,Confirmed,Case_Per_1M_people,Recovered,Deaths,Mortality,Cases per 1 million people,NewCases,NewConfirmed,NewDeaths
Suriname,2020-03-31,8.0,13.92,0.0,0.0,0.0,,,0.0,0.0
Suriname,2020-04-01,9.0,15.66,0.0,0.0,0.0,,,1.0,0.0
Suriname,2020-04-02,10.0,17.4,0.0,0.0,0.0,,,1.0,0.0
Suriname,2020-04-03,10.0,17.4,0.0,0.0,0.0,,,0.0,0.0
Suriname,2020-04-07,10.0,17.2,3.0,1.0,0.1,,,0.0,1.0
Suriname,2020-04-10,10.0,17.2,4.0,1.0,0.1,,,0.0,0.0
Suriname,2020-04-11,10.0,17.2,4.0,1.0,0.1,,,0.0,0.0
Suriname,2020-04-12,10.0,17.2,4.0,1.0,0.1,,,0.0,0.0
Suriname,2020-04-14,10.0,17.2,6.0,1.0,0.1,,,0.0,0.0
Suriname,2020-04-17,10.0,17.2,6.0,1.0,0.1,,,0.0,0.0
Suriname,2020-04-18,10.0,17.2,6.0,1.0,0.1,,,0.0,0.0
Suriname,2020-04-20,10.0,17.2,6.0,1.0,0.1,,,0.0,0.0
Suriname,2020-04-22,10.0,17.2,6.0,1.0,0.1,,,0.0,0.0
Suriname,2020-04-23,10.0,17.2,6.0,1.0,0.1,,,0.0,0.0
Suriname,2020-04-24,10.0,17.2,6.0,1.0,0.1,,,0.0,0.0
Suriname,2020-04-25,10.0,17.2,7.0,1.0,0.1,,,0.0,0.0
Suriname,2020-04-26,10.0,17.2,7.0,1.0,0.1,,,0.0,0.0
Suriname,2020-04-27,10.0,17.2,7.0,1.0,0.1,,,0.0,0.0
Suriname,2020-04-28,10.0,17.2,7.0,1.0,0.1,,,0.0,0.0
Suriname,2020-04-29,10.0,17.2,7.0,1.0,0.1,,,0.0,0.0
Suriname,2020-04-30,10.0,17.2,7.0,1.0,0.1,,,0.0,0.0
Suriname,2020-05-01,10.0,17.0,8.0,1.0,0.1,,,0.0,0.0
Suriname,2020-05-02,10.0,17.0,8.0,1.0,0.1,,,0.0,0.0
Suriname,2020-05-03,10.0,17.0,8.0,1.0,0.1,,,0.0,0.0
Suriname,2020-05-04,10.0,17.0,8.0,1.0,0.1,,,0.0,0.0
Suriname,2020-05-05,10.0,17.0,9.0,1.0,0.1,,,0.0,0.0
Suriname,2020-05-06,10.0,17.0,9.0,1.0,0.1,,,0.0,0.0
Suriname,2020-05-07,10.0,17.0,9.0,1.0,0.1,,,0.0,0.0
Suriname,2020-05-08,10.0,17.0,9.0,1.0,0.1,,,0.0,0.0
Suriname,2020-05-09,10.0,17.0,9.0,1.0,0.1,,,0.0,0.0
Suriname,2020-05-10,10.0,17.0,9.0,1.0,0.1,,,0.0,0.0
Suriname,2020-05-11,10.0,17.0,9.0,1.0,0.1,,,0.0,0.0
Suriname,2020-05-12,10.0,17.0,9.0,1.0,0.1,,,0.0,0.0
Suriname,2020-05-13,10.0,17.0,9.0,1.0,0.1,,,0.0,0.0
Suriname,2020-05-15,10.0,17.0,9.0,1.0,0.1,,,0.0,0.0
Suriname,2020-05-16,10.0,17.0,9.0,1.0,0.1,,,0.0,0.0
Suriname,2020-05-17,10.0,17.0,9.0,1.0,0.1,,,0.0,0.0
Suriname,2020-05-18,10.0,17.0,9.0,1.0,0.1,,,0.0,0.0
Suriname,2020-05-19,11.0,19.0,9.0,1.0,0.09090909090909093,,,1.0,0.0
Suriname,2020-05-20,11.0,19.0,9.0,1.0,0.09090909090909093,,,0.0,0.0
,2020-05-21,,,,,,,,,
Suriname,2020-05-22,11.0,19.0,9.0,1.0,0.09090909090909093,,,,
Suriname,2020-05-23,11.0,19.0,9.0,1.0,0.09090909090909093,,,0.0,0.0
Suriname,2020-05-24,11.0,19.0,9.0,1.0,0.09090909090909093,,,0.0,0.0
Suriname,2020-05-25,11.0,19.0,9.0,1.0,0.09090909090909093,,,0.0,0.0
Suriname,2020-05-26,11.0,19.0,9.0,1.0,0.09090909090909093,,,0.0,0.0
Suriname,2020-05-27,11.0,19.0,9.0,1.0,0.09090909090909093,,,0.0,0.0
Suriname,2020-05-28,11.0,19.0,9.0,1.0,0.09090909090909093,,,0.0,0.0
Suriname,2020-05-29,12.0,21.0,9.0,1.0,0.08333333333333333,,,1.0,0.0
Suriname,2020-05-30,12.0,21.0,9.0,1.0,0.08333333333333333,,,0.0,0.0
Suriname,2020-05-31,12.0,21.0,9.0,1.0,0.08333333333333333,,,0.0,0.0
Suriname,2020-06-01,24.0,41.0,10.0,1.0,0.04166666666666666,,,12.0,0.0
Suriname,2020-06-02,44.0,76.0,9.0,1.0,0.022727272727272728,,,20.0,0.0
Suriname,2020-06-03,54.0,93.0,9.0,1.0,0.0185,,,10.0,0.0
Suriname,2020-06-04,74.0,127.0,9.0,1.0,0.0135,,,20.0,0.0
Suriname,2020-06-05,82.0,141.0,9.0,1.0,0.0122,,,8.0,0.0
Suriname,2020-06-06,90.0,155.0,9.0,1.0,0.0111,,,8.0,0.0
Suriname,2020-06-07,100.0,172.0,9.0,1.0,0.01,,,10.0,0.0
Suriname,2020-06-08,122.0,210.0,9.0,1.0,0.0082,,,22.0,0.0
Suriname,2020-06-09,130.0,224.0,9.0,2.0,0.0154,,,8.0,1.0
Suriname,2020-06-10,137.0,236.0,9.0,2.0,0.0146,,,7.0,0.0
Suriname,2020-06-12,169.0,291.0,9.0,2.0,0.0118,,,32.0,0.0
Suriname,2020-06-13,187.0,322.0,9.0,3.0,0.016,,,18.0,1.0
Suriname,2020-06-14,196.0,337.0,9.0,3.0,0.0153,,,9.0,0.0
Suriname,2020-06-15,196.0,337.0,9.0,3.0,0.0153,,,0.0,0.0
Suriname,2020-06-16,229.0,394.0,48.0,4.0,0.0175,,,33.0,1.0
Suriname,2020-06-17,236.0,406.0,48.0,6.0,0.0254,,,7.0,2.0
Suriname,2020-06-18,261.0,449.0,48.0,6.0,0.023,,,25.0,0.0
Suriname,2020-06-19,277.0,476.0,72.0,7.0,0.0253,,,16.0,1.0
Suriname,2020-06-20,293.0,504.0,72.0,8.0,0.0273,,,16.0,1.0
Suriname,2020-06-21,303.0,521.0,72.0,8.0,0.0264,,,10.0,0.0
Suriname,2020-06-22,314.0,540.0,106.0,8.0,0.0255,,,11.0,0.0
Suriname,2020-06-23,318.0,547.0,106.0,8.0,0.0252,,,4.0,0.0
Suriname,2020-06-24,319.0,549.0,132.0,9.0,0.0282,,,1.0,1.0
Suriname,2020-06-25,357.0,614.0,154.0,9.0,0.0252,,,38.0,0.0
Suriname,2020-06-26,373.0,642.0,176.0,10.0,0.0268,,,16.0,1.0
Suriname,2020-06-27,389.0,669.0,181.0,10.0,0.0257,,,16.0,0.0
Suriname,2020-06-28,391.0,673.0,181.0,10.0,0.0256,,,2.0,0.0
Suriname,2020-06-29,490.0,843.0,199.0,11.0,0.0224,,,99.0,1.0
Suriname,2020-06-30,501.0,862.0,217.0,13.0,0.0259,,,11.0,2.0
Suriname,2020-07-01,515.0,886.0,227.0,13.0,0.0252,,,14.0,0.0
Suriname,2020-07-02,535.0,920.0,242.0,13.0,0.0243,,,20.0,0.0
Suriname,2020-07-03,547.0,941.0,254.0,13.0,0.0238,,,12.0,0.0
Suriname,2020-07-04,561.0,965.0,267.0,13.0,0.0232,,,14.0,0.0
Suriname,2020-07-05,565.0,972.0,276.0,14.0,0.0248,,,4.0,1.0
Suriname,2020-07-06,594.0,1022.0,292.0,14.0,0.0236,,,29.0,0.0
Suriname,2020-07-07,604.0,1039.0,315.0,14.0,0.0232,,,10.0,0.0
Suriname,2020-07-09,665.0,1144.0,434.0,17.0,0.0256,,,61.0,3.0
Suriname,2020-07-10,694.0,1194.0,456.0,17.0,0.0245,,,29.0,0.0
Suriname,2020-07-11,726.0,1249.0,481.0,18.0,0.0248,,,32.0,1.0
Suriname,2020-07-12,729.0,1254.0,481.0,18.0,0.0247,,,3.0,0.0
Suriname,2020-07-14,780.0,1342.0,526.0,18.0,0.0231,,,51.0,0.0
Suriname,2020-07-15,801.0,1378.0,543.0,18.0,0.0225,,,21.0,0.0
Suriname,2020-07-16,834.0,1435.0,573.0,18.0,0.0216,,,33.0,0.0
Suriname,2020-07-18,943.0,1622.0,600.0,19.0,0.0201,,,109.0,1.0
Suriname,2020-07-19,960.0,1651.0,600.0,20.0,0.0208,,,17.0,1.0
Suriname,2020-07-19,1001.0,1722.0,610.0,20.0,0.02,,,41.0,0.0
Suriname,2020-07-21,1029.0,1770.0,627.0,21.0,0.0204,,,28.0,1.0
Suriname,2020-07-22,1131.0,1945.0,705.0,21.0,0.0186,,,102.0,0.0
Suriname,2020-07-23,1131.0,1945.0,705.0,21.0,0.0186,,,0.0,0.0
Suriname,2020-07-24,1176.0,2023.0,739.0,23.0,0.0196,,,45.0,2.0
Suriname,2020-07-25,1305.0,2245.0,804.0,23.0,0.0176,,,129.0,0.0
Suriname,2020-07-26,1381.0,2375.0,853.0,23.0,0.0167,,,76.0,0.0
Suriname,2020-07-27,1439.0,2475.0,890.0,23.0,0.016,,,58.0,0.0
Suriname,2020-07-28,1483.0,2551.0,925.0,24.0,0.0162,,,44.0,1.0
Suriname,2020-07-29,1510.0,2597.0,965.0,24.0,0.0159,,,27.0,0.0
Suriname,2020-07-30,1510.0,2597.0,965.0,24.0,0.0159,,,0.0,0.0
Suriname,2020-07-31,1607.0,2764.0,1003.0,26.0,0.0162,,,97.0,2.0
Suriname,2020-08-01,1650.0,2838.0,1080.0,26.0,0.0158,,,43.0,0.0
Suriname,2020-08-02,1760.0,3027.0,1161.0,26.0,0.0148,,,110.0,0.0
Suriname,2020-08-03,1760.0,3027.0,1161.0,26.0,0.0148,,,0.0,0.0
Suriname,2020-08-04,1849.0,3180.0,1194.0,27.0,0.0146,,,89.0,1.0
Suriname,2020-08-05,1893.0,3256.0,1227.0,27.0,0.0143,,,44.0,0.0
Suriname,2020-08-06,1981.0,3407.0,1278.0,27.0,0.0136,,,88.0,0.0
Suriname,2020-08-07,2050.0,3526.0,1327.0,27.0,0.0132,,,69.0,0.0
Suriname,2020-08-08,2096.0,3605.0,1446.0,29.0,0.0138,,,46.0,2.0
Suriname,2020-08-09,2203.0,3789.0,1505.0,29.0,0.0132,,,107.0,0.0
Suriname,2020-08-10,2391.0,4113.0,1635.0,29.0,0.0121,,,188.0,0.0
Suriname,2020-08-11,2391.0,4113.0,1635.0,29.0,0.0121,,,0.0,0.0
Suriname,2020-08-12,2559.0,4402.0,1712.0,39.0,0.0152,,,168.0,10.0
Suriname,2020-08-13,2559.0,4402.0,1712.0,39.0,0.0152,,,0.0,0.0
Suriname,2020-08-14,2653.0,4563.0,1789.0,39.0,0.0147,,,94.0,0.0
Suriname,2020-08-15,2761.0,4749.0,1830.0,40.0,0.0145,,,108.0,1.0
Suriname,2020-08-16,2838.0,4882.0,1894.0,41.0,0.0144,,,77.0,1.0
Suriname,2020-08-17,3016.0,5188.0,2036.0,47.0,0.0156,,,178.0,6.0
Suriname,2020-08-18,3016.0,5188.0,2036.0,47.0,0.0156,,,0.0,0.0
Suriname,2020-08-19,3216.0,5532.0,2196.0,54.0,0.0168,,,200.0,7.0
Suriname,2020-08-20,3216.0,5532.0,2196.0,54.0,0.0168,,,0.0,0.0
Suriname,2020-08-22,3366.0,5790.0,2328.0,55.0,0.0163,,,150.0,1.0
Suriname,2020-08-23,3460.0,5951.0,2498.0,56.0,0.0162,,,94.0,1.0
Suriname,2020-08-24,3569.0,6139.0,2559.0,57.0,0.016,,,109.0,1.0
Suriname,2020-08-25,3607.0,6204.0,2688.0,58.0,0.0161,,,38.0,1.0
Suriname,2020-08-26,3632.0,6247.0,2758.0,60.0,0.0165,,,25.0,2.0
Suriname,2020-08-27,3698.0,6361.0,2818.0,60.0,0.0162,,,66.0,0.0
Suriname,2020-08-28,3724.0,6406.0,2863.0,62.0,0.0166,,,26.0,2.0
Suriname,2020-08-29,3848.0,6619.0,2971.0,66.0,0.0172,,,124.0,4.0
Suriname,2020-08-30,3848.0,6619.0,2971.0,66.0,0.0172,,,0.0,0.0
Suriname,2020-08-31,3954.0,6801.0,2991.0,67.0,0.0169,,,106.0,1.0
Suriname,2020-09-01,4009.0,6896.0,3073.0,67.0,0.0167,,,55.0,0.0
Suriname,2020-09-02,4034.0,6939.0,3140.0,71.0,0.0176,,,25.0,4.0
Suriname,2020-09-03,4089.0,7033.0,3171.0,72.0,0.0176,,,55.0,1.0
Suriname,2020-09-04,4215.0,7250.0,3318.0,73.0,0.0173,,,126.0,1.0
Suriname,2020-09-05,4215.0,7250.0,3318.0,73.0,0.0173,,,0.0,0.0
Suriname,2020-09-07,4346.0,7475.0,3494.0,85.0,0.0196,,,131.0,12.0
Suriname,2020-09-08,4346.0,7475.0,3494.0,85.0,0.0196,,,0.0,0.0
Suriname,2020-09-09,4360.0,7500.0,3544.0,91.0,0.0209,,,14.0,6.0
Suriname,2020-09-10,4419.0,7601.0,3595.0,91.0,0.0206,,,59.0,0.0
Suriname,2020-09-11,4477.0,7701.0,3622.0,92.0,0.0205,,,58.0,1.0
Suriname,2020-09-12,4477.0,7701.0,3706.0,93.0,0.0208,,,0.0,1.0
Suriname,2020-09-13,4529.0,7790.0,3747.0,93.0,0.0205,,,52.0,0.0
Suriname,2020-09-14,4579.0,7876.0,3788.0,93.0,0.0203,,,50.0,0.0
Suriname,2020-09-15,4582.0,7881.0,3850.0,93.0,0.0203,,,3.0,0.0
Suriname,2020-09-16,4611.0,7931.0,3935.0,95.0,0.0206,,,29.0,2.0
Suriname,2020-09-17,4625.0,7955.0,3996.0,95.0,0.0205,,,14.0,0.0
Suriname,2020-09-18,4645.0,7990.0,4089.0,95.0,0.0205,,,20.0,0.0
Suriname,2020-09-20,4691.0,8069.0,4280.0,96.0,0.0205,,,46.0,1.0
Suriname,2020-09-21,4709.0,8100.0,4383.0,97.0,0.0206,,,18.0,1.0
Suriname,2020-09-22,4723.0,8124.0,4488.0,97.0,0.0205,,,14.0,0.0
Suriname,2020-09-23,4740.0,8153.0,4525.0,97.0,0.0205,,,17.0,0.0
Suriname,2020-09-24,4759.0,0.0,,100.0,0.021,8186.0,,19.0,3.0
Suriname,2020-09-25,4779.0,0.0,,101.0,0.0211,8220.0,,20.0,1.0
Suriname,2020-09-26,4789.0,0.0,,102.0,0.0213,8237.0,,10.0,1.0
Suriname,2020-09-27,4817.0,0.0,,102.0,0.0212,8286.0,,28.0,0.0
Suriname,2020-09-28,4831.0,0.0,,102.0,0.0211,8310.0,,14.0,0.0
Suriname,2020-09-29,4835.0,0.0,,102.0,0.0211,8317.0,,4.0,0.0
Suriname,2020-09-30,4836.0,0.0,,102.0,0.0211,8318.0,,1.0,0.0
Suriname,2020-10-02,4877.0,0.0,,104.0,0.0213,8389.0,,41.0,2.0
Suriname,2020-10-03,4891.0,0.0,,105.0,0.0215,8413.0,,14.0,1.0
Suriname,2020-10-04,4899.0,0.0,,105.0,0.0214,8427.0,,8.0,0.0
Suriname,2020-10-05,4924.0,0.0,,106.0,0.0215,8470.0,,25.0,1.0
Suriname,2020-10-06,4941.0,0.0,,106.0,0.0215,8499.0,,17.0,0.0
Suriname,2020-10-08,4965.0,0.0,,106.0,0.0213,8540.0,,24.0,0.0
Suriname,2020-10-09,4979.0,0.0,,106.0,0.0213,8564.0,,14.0,0.0
Suriname,2020-10-10,5004.0,0.0,,106.0,0.0212,8607.0,,25.0,0.0
Suriname,2020-10-11,5018.0,0.0,,106.0,0.0211,8631.0,,14.0,0.0
Suriname,2020-10-12,5035.0,0.0,,107.0,0.0213,8661.0,,17.0,1.0
Suriname,2020-10-13,5051.0,0.0,,107.0,0.0212,8688.0,,16.0,0.0
Suriname,2020-10-14,5058.0,0.0,,107.0,0.0212,8700.0,,7.0,0.0
Suriname,2020-10-15,5072.0,0.0,,107.0,0.0211,8724.0,,14.0,0.0
Suriname,2020-10-18,5113.0,0.0,,109.0,0.0213,8795.0,,41.0,2.0
Suriname,2020-10-19,5123.0,0.0,,109.0,0.0213,8812.0,,10.0,0.0
Suriname,2020-10-20,5130.0,0.0,,109.0,0.0212,8824.0,,7.0,0.0
Suriname,2020-10-22,5144.0,0.0,,109.0,0.0212,8848.0,,14.0,0.0
Suriname,2020-10-23,5150.0,0.0,,109.0,0.0212,8858.0,,6.0,0.0
Suriname,2020-10-24,5154.0,0.0,,109.0,0.0211,8865.0,,4.0,0.0
Suriname,2020-10-25,5155.0,0.0,,109.0,0.0211,8867.0,,1.0,0.0
Suriname,2020-10-26,5166.0,0.0,,109.0,0.0211,8886.0,,11.0,0.0
Suriname,2020-10-27,5170.0,0.0,,109.0,0.0211,8893.0,,4.0,0.0
Suriname,2020-10-28,5187.0,8922.0,,111.0,0.0214,,7.0,17.0,2.0
Suriname,2020-10-29,5187.0,8922.0,,111.0,0.0214,,7.0,0.0,0.0
Suriname,2020-10-30,5192.0,8931.0,,111.0,0.0214,,5.0,5.0,0.0
Suriname,2020-10-31,5197.0,8939.0,,111.0,0.0214,,5.0,5.0,0.0
Suriname,2020-11-01,5201.0,8946.0,,111.0,0.0213,,4.0,4.0,0.0
Suriname,2020-11-02,5203.0,8950.0,,111.0,0.0213,,2.0,2.0,0.0
Suriname,2020-11-03,5210.0,8962.0,,111.0,0.0213,,7.0,7.0,0.0
Suriname,2020-11-04,5212.0,8965.0,,111.0,0.0213,,2.0,2.0,0.0
Suriname,2020-11-05,5218.0,8975.0,,111.0,0.0213,,6.0,6.0,0.0
Suriname,2020-11-06,5220.0,8979.0,,112.0,0.0215,,2.0,2.0,1.0
Suriname,2020-11-07,5225.0,8987.0,,112.0,0.0214,,5.0,5.0,0.0
Suriname,2020-11-08,5227.0,8991.0,,112.0,0.0214,,2.0,2.0,0.0
Suriname,2020-11-09,5234.0,9003.0,,113.0,0.0216,,7.0,7.0,1.0
Suriname,2020-11-10,5239.0,9011.0,,113.0,0.0216,,5.0,5.0,0.0
Suriname,2020-11-11,5241.0,9015.0,,113.0,0.0216,,2.0,2.0,0.0
Suriname,2020-11-12,5245.0,9022.0,,113.0,0.0215,,4.0,4.0,0.0
Suriname,2020-11-13,5254.0,9037.0,,113.0,0.0215,,9.0,9.0,0.0
Suriname,2020-11-15,5268.0,9061.0,,114.0,0.0216,,7.0,14.0,1.0
Suriname,2020-11-16,5274.0,9072.0,,114.0,0.0216,,6.0,6.0,0.0
