Location,Date,Confirmed,Case_Per_1M_people,Recovered,Deaths,Mortality,Cases per 1 million people,NewConfirmed,NewDeaths
Syria,2020-03-31,9.0,0.54,0.0,1.0,0.111111111,,0.0,0.0
Syria,2020-04-01,10.0,0.61,0.0,2.0,0.2,,1.0,1.0
Syria,2020-04-02,10.0,0.61,0.0,2.0,0.2,,0.0,0.0
Syria,2020-04-03,16.0,0.97,0.0,2.0,0.125,,6.0,0.0
Syria,2020-04-07,19.0,1.09,2.0,2.0,0.10526315789473684,,3.0,0.0
Syria,2020-04-10,19.0,1.09,4.0,2.0,0.10526315789473684,,0.0,0.0
Syria,2020-04-11,19.0,1.09,4.0,2.0,0.10526315789473684,,0.0,0.0
Syria,2020-04-12,25.0,1.43,5.0,2.0,0.08,,6.0,0.0
Syria,2020-04-14,25.0,1.43,5.0,2.0,0.08,,0.0,0.0
Syria,2020-04-17,33.0,1.89,5.0,2.0,0.060606060606060615,,8.0,0.0
Syria,2020-04-18,38.0,2.17,5.0,2.0,0.05263157894736842,,5.0,0.0
Syria,2020-04-20,39.0,2.23,5.0,3.0,0.07692307692307693,,1.0,1.0
Syria,2020-04-22,42.0,2.4,6.0,3.0,0.07142857142857142,,3.0,0.0
Syria,2020-04-23,42.0,2.4,6.0,3.0,0.07142857142857142,,0.0,0.0
Syria,2020-04-24,42.0,2.4,6.0,3.0,0.07142857142857142,,0.0,0.0
Syria,2020-04-25,42.0,2.4,6.0,3.0,0.07142857142857142,,0.0,0.0
Syria,2020-04-26,42.0,2.4,11.0,3.0,0.07142857142857142,,0.0,0.0
Syria,2020-04-27,43.0,2.46,14.0,3.0,0.06976744186046513,,1.0,0.0
Syria,2020-04-28,43.0,2.46,19.0,3.0,0.06976744186046513,,0.0,0.0
Syria,2020-04-29,43.0,2.46,21.0,3.0,0.06976744186046513,,0.0,0.0
Syria,2020-04-30,43.0,2.46,21.0,3.0,0.06976744186046513,,0.0,0.0
Syria,2020-05-01,43.0,2.0,21.0,3.0,0.06976744186046513,,0.0,0.0
Syria,2020-05-02,44.0,3.0,27.0,3.0,0.06818181818181818,,1.0,0.0
Syria,2020-05-03,44.0,3.0,27.0,3.0,0.06818181818181818,,0.0,0.0
Syria,2020-05-04,44.0,3.0,27.0,3.0,0.06818181818181818,,0.0,0.0
Syria,2020-05-05,44.0,3.0,27.0,3.0,0.06818181818181818,,0.0,0.0
Syria,2020-05-06,44.0,3.0,27.0,3.0,0.06818181818181818,,0.0,0.0
Syria,2020-05-07,45.0,3.0,27.0,3.0,0.06666666666666668,,1.0,0.0
Syria,2020-05-08,45.0,3.0,27.0,3.0,0.06666666666666668,,0.0,0.0
Syria,2020-05-09,47.0,3.0,29.0,3.0,0.06382978723404255,,2.0,0.0
Syria,2020-05-10,47.0,3.0,29.0,3.0,0.06382978723404255,,0.0,0.0
Syria,2020-05-11,47.0,3.0,29.0,3.0,0.06382978723404255,,0.0,0.0
Syria,2020-05-12,47.0,3.0,29.0,3.0,0.06382978723404255,,0.0,0.0
Syria,2020-05-13,47.0,3.0,29.0,3.0,0.06382978723404255,,0.0,0.0
Syria,2020-05-15,48.0,3.0,29.0,3.0,0.0625,,1.0,0.0
Syria,2020-05-16,50.0,3.0,36.0,3.0,0.06,,2.0,0.0
Syria,2020-05-17,50.0,3.0,36.0,3.0,0.06,,0.0,0.0
Syria,2020-05-18,58.0,3.0,36.0,3.0,0.05172413793103448,,8.0,0.0
Syria,2020-05-19,58.0,3.0,36.0,3.0,0.05172413793103448,,0.0,0.0
Syria,2020-05-20,58.0,3.0,36.0,3.0,0.05172413793103448,,0.0,0.0
,2020-05-21,,,,,,,,
Syria,2020-05-22,58.0,3.0,36.0,3.0,0.05172413793103448,,,
Syria,2020-05-23,59.0,3.0,37.0,4.0,0.06779661016949153,,1.0,1.0
Syria,2020-05-24,70.0,4.0,37.0,4.0,0.057142857142857134,,11.0,0.0
Syria,2020-05-25,86.0,5.0,41.0,4.0,0.04651162790697674,,16.0,0.0
Syria,2020-05-26,106.0,6.0,41.0,4.0,0.03773584905660377,,20.0,0.0
Syria,2020-05-27,121.0,7.0,41.0,4.0,0.033057851239669415,,15.0,0.0
Syria,2020-05-28,121.0,7.0,41.0,4.0,0.033057851239669415,,0.0,0.0
Syria,2020-05-29,122.0,7.0,43.0,4.0,0.032786885245901634,,1.0,0.0
Syria,2020-05-30,122.0,7.0,43.0,4.0,0.032786885245901634,,0.0,0.0
Syria,2020-05-31,122.0,7.0,43.0,4.0,0.032786885245901634,,0.0,0.0
Syria,2020-06-01,122.0,7.0,43.0,4.0,0.032786885245901634,,0.0,0.0
Syria,2020-06-02,123.0,7.0,46.0,5.0,0.04065040650406504,,1.0,1.0
Syria,2020-06-03,123.0,7.0,50.0,6.0,0.0488,,0.0,1.0
Syria,2020-06-04,123.0,7.0,50.0,6.0,0.0488,,0.0,0.0
Syria,2020-06-05,124.0,7.0,53.0,6.0,0.0484,,1.0,0.0
Syria,2020-06-06,124.0,7.0,53.0,6.0,0.0484,,0.0,0.0
Syria,2020-06-07,125.0,7.0,58.0,6.0,0.048,,1.0,0.0
Syria,2020-06-08,141.0,8.0,58.0,6.0,0.0426,,16.0,0.0
Syria,2020-06-09,141.0,8.0,58.0,6.0,0.0426,,0.0,0.0
Syria,2020-06-10,146.0,8.0,62.0,6.0,0.0411,,5.0,0.0
Syria,2020-06-12,164.0,9.0,68.0,6.0,0.0366,,18.0,0.0
Syria,2020-06-13,164.0,9.0,68.0,6.0,0.0366,,0.0,0.0
Syria,2020-06-14,170.0,10.0,71.0,6.0,0.0353,,6.0,0.0
Syria,2020-06-15,170.0,10.0,71.0,6.0,0.0353,,0.0,0.0
Syria,2020-06-16,170.0,10.0,71.0,6.0,0.0353,,0.0,0.0
Syria,2020-06-17,177.0,10.0,78.0,6.0,0.0339,,7.0,0.0
Syria,2020-06-18,178.0,10.0,78.0,7.0,0.0393,,1.0,1.0
Syria,2020-06-19,187.0,11.0,78.0,7.0,0.0374,,9.0,0.0
Syria,2020-06-20,187.0,11.0,78.0,7.0,0.0374,,0.0,0.0
Syria,2020-06-21,198.0,11.0,83.0,7.0,0.0354,,11.0,0.0
Syria,2020-06-22,204.0,12.0,83.0,7.0,0.0343,,6.0,0.0
Syria,2020-06-23,204.0,12.0,83.0,7.0,0.0343,,0.0,0.0
Syria,2020-06-24,219.0,13.0,83.0,7.0,0.032,,15.0,0.0
Syria,2020-06-25,231.0,13.0,94.0,7.0,0.0303,,12.0,0.0
Syria,2020-06-26,242.0,14.0,96.0,7.0,0.0289,,11.0,0.0
Syria,2020-06-27,255.0,15.0,102.0,8.0,0.0314,,13.0,1.0
Syria,2020-06-28,255.0,15.0,102.0,8.0,0.0314,,0.0,0.0
Syria,2020-06-29,259.0,15.0,102.0,9.0,0.0347,,4.0,1.0
Syria,2020-06-30,269.0,15.0,102.0,9.0,0.0335,,10.0,0.0
Syria,2020-07-01,269.0,15.0,102.0,9.0,0.0335,,0.0,0.0
Syria,2020-07-02,293.0,17.0,0.0,9.0,0.0307,,24.0,0.0
Syria,2020-07-03,312.0,18.0,0.0,9.0,0.0288,,19.0,0.0
Syria,2020-07-04,328.0,19.0,123.0,10.0,0.0305,,16.0,1.0
Syria,2020-07-05,338.0,19.0,0.0,10.0,0.0296,,10.0,0.0
Syria,2020-07-06,358.0,20.0,126.0,13.0,0.0363,,20.0,3.0
Syria,2020-07-07,372.0,21.0,126.0,14.0,0.0376,,14.0,1.0
Syria,2020-07-09,372.0,21.0,126.0,14.0,0.0376,,0.0,0.0
Syria,2020-07-10,372.0,21.0,126.0,14.0,0.0376,,0.0,0.0
Syria,2020-07-11,394.0,23.0,126.0,16.0,0.0406,,22.0,2.0
Syria,2020-07-12,394.0,23.0,126.0,16.0,0.0406,,0.0,0.0
Syria,2020-07-13,394.0,23.0,126.0,16.0,0.0406,,0.0,0.0
Syria,2020-07-14,417.0,24.0,0.0,19.0,0.0456,,23.0,3.0
Syria,2020-07-15,439.0,25.0,0.0,21.0,0.0478,,22.0,2.0
Syria,2020-07-16,458.0,26.0,0.0,22.0,0.048,,19.0,1.0
Syria,2020-07-18,496.0,28.0,0.0,25.0,0.0504,,38.0,3.0
Syria,2020-07-19,496.0,28.0,0.0,25.0,0.0504,,0.0,0.0
Syria,2020-07-19,496.0,28.0,144.0,25.0,0.0504,,0.0,0.0
Syria,2020-07-21,522.0,30.0,0.0,29.0,0.0556,,26.0,4.0
Syria,2020-07-22,540.0,31.0,0.0,31.0,0.0574,,18.0,2.0
Syria,2020-07-23,540.0,31.0,0.0,31.0,0.0574,,0.0,0.0
Syria,2020-07-24,584.0,33.0,0.0,35.0,0.0599,,44.0,4.0
Syria,2020-07-25,608.0,35.0,184.0,35.0,0.0576,,24.0,0.0
Syria,2020-07-26,627.0,36.0,0.0,36.0,0.0574,,19.0,1.0
Syria,2020-07-27,650.0,37.0,0.0,38.0,0.0585,,23.0,2.0
Syria,2020-07-28,674.0,39.0,210.0,40.0,0.0593,,24.0,2.0
Syria,2020-07-29,694.0,40.0,220.0,40.0,0.0576,,20.0,0.0
Syria,2020-07-30,717.0,41.0,0.0,40.0,0.0558,,23.0,0.0
Syria,2020-07-31,738.0,42.0,0.0,41.0,0.0556,,21.0,1.0
Syria,2020-08-01,757.0,43.0,237.0,43.0,0.0568,,19.0,2.0
Syria,2020-08-02,780.0,45.0,246.0,43.0,0.0551,,23.0,0.0
Syria,2020-08-03,809.0,46.0,0.0,44.0,0.0544,,29.0,1.0
Syria,2020-08-04,847.0,48.0,268.0,46.0,0.0543,,38.0,2.0
Syria,2020-08-05,892.0,51.0,0.0,46.0,0.0516,,45.0,0.0
Syria,2020-08-06,944.0,54.0,296.0,48.0,0.0508,,52.0,2.0
Syria,2020-08-07,9999.0,571.0,311.0,48.0,0.0048,,9055.0,0.0
Syria,2020-08-08,9999.0,571.0,311.0,48.0,0.0048,,0.0,0.0
Syria,2020-08-09,9999.0,571.0,311.0,48.0,0.0048,,0.0,0.0
Syria,2020-08-10,9999.0,571.0,311.0,48.0,0.0048,,0.0,0.0
Syria,2020-08-11,9999.0,571.0,311.0,48.0,0.0048,,0.0,0.0
Syria,2020-08-12,9999.0,571.0,311.0,48.0,0.0048,,0.0,0.0
Syria,2020-08-13,1327.0,76.0,385.0,53.0,0.0399,,0.0,5.0
Syria,2020-08-14,1432.0,82.0,0.0,55.0,0.0384,,105.0,2.0
Syria,2020-08-15,1432.0,82.0,395.0,55.0,0.0384,,0.0,0.0
Syria,2020-08-16,1593.0,91.0,0.0,60.0,0.0377,,161.0,5.0
Syria,2020-08-17,1677.0,96.0,417.0,64.0,0.0382,,84.0,4.0
Syria,2020-08-18,1677.0,96.0,417.0,64.0,0.0382,,0.0,0.0
Syria,2020-08-19,1844.0,105.0,431.0,73.0,0.0396,,167.0,9.0
Syria,2020-08-20,1844.0,105.0,431.0,73.0,0.0396,,0.0,0.0
Syria,2020-08-22,2008.0,115.0,460.0,82.0,0.0408,,164.0,9.0
Syria,2020-08-23,2073.0,118.0,0.0,83.0,0.04,,65.0,1.0
Syria,2020-08-24,2217.0,127.0,505.0,89.0,0.0401,,144.0,6.0
Syria,2020-08-25,2217.0,127.0,505.0,89.0,0.0401,,0.0,0.0
Syria,2020-08-26,2293.0,131.0,0.0,92.0,0.0401,,76.0,3.0
Syria,2020-08-27,2440.0,139.0,0.0,98.0,0.0402,,147.0,6.0
Syria,2020-08-28,2440.0,139.0,0.0,98.0,0.0402,,0.0,0.0
Syria,2020-08-29,2563.0,146.0,584.0,103.0,0.0402,,123.0,5.0
Syria,2020-08-30,2628.0,150.0,0.0,106.0,0.0403,,65.0,3.0
Syria,2020-08-31,2628.0,150.0,599.0,106.0,0.0403,,0.0,0.0
Syria,2020-09-01,2703.0,154.0,0.0,109.0,0.0403,,75.0,3.0
Syria,2020-09-02,2830.0,162.0,0.0,116.0,0.040999999999999995,,127.0,7.0
Syria,2020-09-03,2830.0,162.0,0.0,116.0,0.040999999999999995,,0.0,0.0
Syria,2020-09-04,2973.0,170.0,681.0,124.0,0.0417,,143.0,8.0
Syria,2020-09-05,2973.0,170.0,681.0,124.0,0.0417,,0.0,0.0
Syria,2020-09-07,3171.0,181.0,730.0,134.0,0.0423,,198.0,10.0
Syria,2020-09-08,3171.0,181.0,730.0,134.0,0.0423,,0.0,0.0
Syria,2020-09-09,3171.0,181.0,730.0,134.0,0.0423,,0.0,0.0
Syria,2020-09-10,3229.0,185.0,744.0,137.0,0.0424,,58.0,3.0
Syria,2020-09-11,3229.0,185.0,744.0,137.0,0.0424,,0.0,0.0
Syria,2020-09-12,3476.0,199.0,812.0,150.0,0.0432,,247.0,13.0
Syria,2020-09-13,3506.0,200.0,0.0,152.0,0.0434,,30.0,2.0
Syria,2020-09-14,3540.0,202.0,842.0,150.0,0.0424,,34.0,0.0
Syria,2020-09-15,3540.0,202.0,842.0,155.0,0.0438,,0.0,5.0
Syria,2020-09-16,3614.0,207.0,871.0,160.0,0.0443,,74.0,5.0
Syria,2020-09-17,3614.0,207.0,871.0,160.0,0.0443,,0.0,0.0
Syria,2020-09-18,3614.0,207.0,871.0,160.0,0.0443,,0.0,0.0
Syria,2020-09-20,3765.0,215.0,0.0,170.0,0.0452,,151.0,10.0
Syria,2020-09-21,3800.0,217.0,0.0,172.0,0.0453,,35.0,2.0
Syria,2020-09-22,3800.0,217.0,0.0,172.0,0.0453,,0.0,0.0
Syria,2020-09-23,3833.0,219.0,963.0,175.0,0.0457,,33.0,3.0
Syria,2020-09-24,3833.0,0.0,,175.0,0.0457,219.0,0.0,0.0
