Location,Date,Confirmed,Case_Per_1M_people,Recovered,Deaths,Mortality,Cases per 1 million people,NewConfirmed,NewDeaths
,2020-03-31,,,,,,,0.0,0.0
,2020-04-01,,,,,,,,
,2020-04-02,,,,,,,,
,2020-04-03,,,,,,,,
São Tomé and Príncipe,2020-04-07,4.0,19.82,0.0,0.0,0.0,,,
São Tomé and Príncipe,2020-04-10,4.0,19.82,0.0,0.0,0.0,,0.0,0.0
São Tomé and Príncipe,2020-04-11,4.0,19.82,0.0,0.0,0.0,,0.0,0.0
São Tomé and Príncipe,2020-04-12,4.0,19.82,0.0,0.0,0.0,,0.0,0.0
São Tomé and Príncipe,2020-04-14,4.0,19.82,0.0,0.0,0.0,,0.0,0.0
,2020-04-17,,,,,,,,
,2020-04-18,,,,,,,,
,2020-04-20,,,,,,,,
São Tomé and Príncipe,2020-04-22,4.0,19.82,0.0,0.0,0.0,,,
São Tomé and Príncipe,2020-04-23,4.0,19.82,0.0,0.0,0.0,,0.0,0.0
São Tomé and Príncipe,2020-04-24,7.0,34.69,0.0,0.0,0.0,,3.0,0.0
São Tomé and Príncipe,2020-04-25,8.0,39.65,0.0,0.0,0.0,,1.0,0.0
São Tomé and Príncipe,2020-04-26,8.0,39.65,0.0,0.0,0.0,,0.0,0.0
São Tomé and Príncipe,2020-04-27,8.0,39.65,0.0,0.0,0.0,,0.0,0.0
São Tomé and Príncipe,2020-04-28,8.0,39.65,0.0,0.0,0.0,,0.0,0.0
São Tomé and Príncipe,2020-04-29,8.0,39.65,0.0,0.0,0.0,,0.0,0.0
São Tomé and Príncipe,2020-04-30,8.0,39.65,0.0,0.0,0.0,,0.0,0.0
São Tomé and Príncipe,2020-05-01,11.0,55.0,0.0,0.0,0.0,,3.0,0.0
São Tomé and Príncipe,2020-05-02,16.0,79.0,0.0,1.0,0.0625,,5.0,1.0
São Tomé and Príncipe,2020-05-03,16.0,79.0,0.0,1.0,0.0625,,0.0,0.0
São Tomé and Príncipe,2020-05-04,16.0,79.0,0.0,1.0,0.0625,,0.0,0.0
São Tomé and Príncipe,2020-05-05,23.0,114.0,0.0,3.0,0.13043478260869565,,7.0,2.0
São Tomé and Príncipe,2020-05-06,158.0,783.0,0.0,3.0,0.0189873417721519,,135.0,0.0
São Tomé and Príncipe,2020-05-07,170.0,842.0,0.0,3.0,0.017647058823529408,,12.0,0.0
São Tomé and Príncipe,2020-05-08,174.0,862.0,0.0,3.0,0.017241379310344827,,4.0,0.0
São Tomé and Príncipe,2020-05-09,165.0,818.0,0.0,4.0,0.02424242424242424,,0.0,1.0
São Tomé and Príncipe,2020-05-10,208.0,1031.0,0.0,5.0,0.02403846153846154,,43.0,1.0
São Tomé and Príncipe,2020-05-11,165.0,818.0,0.0,4.0,0.02424242424242424,,0.0,0.0
São Tomé and Príncipe,2020-05-12,165.0,818.0,0.0,4.0,0.02424242424242424,,0.0,0.0
São Tomé and Príncipe,2020-05-13,165.0,818.0,0.0,4.0,0.02424242424242424,,0.0,0.0
São Tomé and Príncipe,2020-05-15,165.0,818.0,0.0,4.0,0.02424242424242424,,0.0,0.0
São Tomé and Príncipe,2020-05-16,166.0,823.0,0.0,7.0,0.042168674698795185,,1.0,3.0
São Tomé and Príncipe,2020-05-17,166.0,823.0,0.0,7.0,0.042168674698795185,,0.0,0.0
São Tomé and Príncipe,2020-05-18,169.0,838.0,0.0,7.0,0.04142011834319527,,3.0,0.0
São Tomé and Príncipe,2020-05-19,169.0,838.0,0.0,7.0,0.04142011834319527,,0.0,0.0
São Tomé and Príncipe,2020-05-20,166.0,823.0,0.0,7.0,0.042168674698795185,,0.0,0.0
,2020-05-21,,,,,,,,
São Tomé and Príncipe,2020-05-22,166.0,823.0,0.0,8.0,0.04819277108433735,,,
São Tomé and Príncipe,2020-05-23,166.0,823.0,0.0,8.0,0.04819277108433735,,0.0,0.0
São Tomé and Príncipe,2020-05-24,166.0,823.0,0.0,8.0,0.04819277108433735,,0.0,0.0
São Tomé and Príncipe,2020-05-25,174.0,862.0,0.0,8.0,0.045977011494252866,,8.0,0.0
São Tomé and Príncipe,2020-05-26,174.0,862.0,0.0,9.0,0.05172413793103448,,0.0,1.0
São Tomé and Príncipe,2020-05-27,174.0,862.0,0.0,9.0,0.05172413793103448,,0.0,0.0
São Tomé and Príncipe,2020-05-28,295.0,1462.0,0.0,10.0,0.03389830508474576,,121.0,1.0
São Tomé and Príncipe,2020-05-29,295.0,1462.0,0.0,10.0,0.03389830508474576,,0.0,0.0
São Tomé and Príncipe,2020-05-30,295.0,1462.0,0.0,10.0,0.03389830508474576,,0.0,0.0
São Tomé and Príncipe,2020-05-31,295.0,1462.0,0.0,10.0,0.03389830508474576,,0.0,0.0
São Tomé and Príncipe,2020-06-01,295.0,1462.0,0.0,10.0,0.03389830508474576,,0.0,0.0
São Tomé and Príncipe,2020-06-02,295.0,1462.0,0.0,10.0,0.03389830508474576,,0.0,0.0
São Tomé and Príncipe,2020-06-03,295.0,1462.0,0.0,10.0,0.0339,,0.0,0.0
São Tomé and Príncipe,2020-06-04,295.0,1462.0,0.0,10.0,0.0339,,0.0,0.0
São Tomé and Príncipe,2020-06-05,295.0,1462.0,0.0,10.0,0.0339,,0.0,0.0
São Tomé and Príncipe,2020-06-06,295.0,1462.0,0.0,10.0,0.0339,,0.0,0.0
São Tomé and Príncipe,2020-06-07,295.0,1462.0,0.0,10.0,0.0339,,0.0,0.0
São Tomé and Príncipe,2020-06-08,295.0,1462.0,0.0,10.0,0.0339,,0.0,0.0
São Tomé and Príncipe,2020-06-09,295.0,1462.0,0.0,10.0,0.0339,,0.0,0.0
São Tomé and Príncipe,2020-06-10,295.0,1462.0,0.0,10.0,0.0339,,0.0,0.0
São Tomé and Príncipe,2020-06-12,632.0,3132.0,146.0,12.0,0.019,,337.0,2.0
São Tomé and Príncipe,2020-06-13,650.0,3221.0,168.0,12.0,0.0185,,18.0,0.0
São Tomé and Príncipe,2020-06-14,659.0,3266.0,176.0,12.0,0.0182,,9.0,0.0
São Tomé and Príncipe,2020-06-15,659.0,3266.0,176.0,12.0,0.0182,,0.0,0.0
São Tomé and Príncipe,2020-06-16,662.0,3281.0,177.0,12.0,0.0181,,3.0,0.0
São Tomé and Príncipe,2020-06-17,671.0,3325.0,182.0,12.0,0.0179,,9.0,0.0
São Tomé and Príncipe,2020-06-18,683.0,3385.0,188.0,12.0,0.0176,,12.0,0.0
São Tomé and Príncipe,2020-06-19,688.0,3410.0,191.0,12.0,0.0174,,5.0,0.0
São Tomé and Príncipe,2020-06-20,693.0,3434.0,199.0,12.0,0.0173,,5.0,0.0
São Tomé and Príncipe,2020-06-21,693.0,3434.0,199.0,12.0,0.0173,,0.0,0.0
São Tomé and Príncipe,2020-06-22,698.0,3459.0,203.0,12.0,0.0172,,5.0,0.0
São Tomé and Príncipe,2020-06-23,698.0,3459.0,203.0,12.0,0.0172,,0.0,0.0
São Tomé and Príncipe,2020-06-24,707.0,3504.0,208.0,12.0,0.017,,9.0,0.0
São Tomé and Príncipe,2020-06-25,710.0,3519.0,211.0,13.0,0.0183,,3.0,1.0
São Tomé and Príncipe,2020-06-26,711.0,3524.0,214.0,13.0,0.0183,,1.0,0.0
São Tomé and Príncipe,2020-06-27,712.0,3529.0,219.0,13.0,0.0183,,1.0,0.0
São Tomé and Príncipe,2020-06-28,712.0,3529.0,219.0,13.0,0.0183,,0.0,0.0
São Tomé and Príncipe,2020-06-29,713.0,3533.0,219.0,13.0,0.0182,,1.0,0.0
São Tomé and Príncipe,2020-06-30,713.0,3533.0,235.0,13.0,0.0182,,0.0,0.0
São Tomé and Príncipe,2020-07-01,713.0,3533.0,235.0,13.0,0.0182,,0.0,0.0
São Tomé and Príncipe,2020-07-02,713.0,3533.0,235.0,13.0,0.0182,,0.0,0.0
São Tomé and Príncipe,2020-07-03,715.0,3543.0,252.0,13.0,0.0182,,2.0,0.0
São Tomé and Príncipe,2020-07-04,719.0,3563.0,267.0,13.0,0.0181,,4.0,0.0
São Tomé and Príncipe,2020-07-05,719.0,3563.0,267.0,13.0,0.0181,,0.0,0.0
São Tomé and Príncipe,2020-07-06,720.0,3568.0,268.0,13.0,0.0181,,1.0,0.0
São Tomé and Príncipe,2020-07-07,721.0,3573.0,269.0,13.0,0.018000000000000002,,1.0,0.0
São Tomé and Príncipe,2020-07-09,724.0,3588.0,283.0,13.0,0.018000000000000002,,3.0,0.0
São Tomé and Príncipe,2020-07-10,724.0,3588.0,283.0,13.0,0.018000000000000002,,0.0,0.0
São Tomé and Príncipe,2020-07-11,727.0,3603.0,284.0,14.0,0.0193,,3.0,1.0
São Tomé and Príncipe,2020-07-12,727.0,3603.0,284.0,14.0,0.0193,,0.0,0.0
São Tomé and Príncipe,2020-07-13,727.0,3603.0,284.0,14.0,0.0193,,0.0,0.0
São Tomé and Príncipe,2020-07-14,727.0,3603.0,284.0,14.0,0.0193,,0.0,0.0
São Tomé and Príncipe,2020-07-15,727.0,3603.0,284.0,14.0,0.0193,,0.0,0.0
São Tomé and Príncipe,2020-07-16,727.0,3603.0,284.0,14.0,0.0193,,0.0,0.0
São Tomé and Príncipe,2020-07-18,740.0,3667.0,325.0,14.0,0.0189,,13.0,0.0
São Tomé and Príncipe,2020-07-19,740.0,3667.0,325.0,14.0,0.0189,,0.0,0.0
São Tomé and Príncipe,2020-07-19,743.0,3682.0,337.0,14.0,0.0188,,3.0,0.0
São Tomé and Príncipe,2020-07-21,743.0,3682.0,337.0,14.0,0.0188,,0.0,0.0
São Tomé and Príncipe,2020-07-22,743.0,3682.0,337.0,14.0,0.0188,,0.0,0.0
São Tomé and Príncipe,2020-07-23,743.0,3682.0,337.0,14.0,0.0188,,0.0,0.0
São Tomé and Príncipe,2020-07-24,743.0,3682.0,337.0,14.0,0.0188,,0.0,0.0
São Tomé and Príncipe,2020-07-25,860.0,4262.0,610.0,14.0,0.0163,,117.0,0.0
São Tomé and Príncipe,2020-07-26,860.0,4262.0,610.0,14.0,0.0163,,0.0,0.0
São Tomé and Príncipe,2020-07-27,863.0,4277.0,696.0,14.0,0.0162,,3.0,0.0
São Tomé and Príncipe,2020-07-28,865.0,4287.0,734.0,14.0,0.0162,,2.0,0.0
São Tomé and Príncipe,2020-07-29,867.0,4297.0,759.0,14.0,0.0161,,2.0,0.0
São Tomé and Príncipe,2020-07-30,867.0,4297.0,759.0,14.0,0.0161,,0.0,0.0
São Tomé and Príncipe,2020-07-31,868.0,4302.0,766.0,14.0,0.0161,,1.0,0.0
São Tomé and Príncipe,2020-08-01,871.0,4316.0,778.0,15.0,0.0172,,3.0,1.0
São Tomé and Príncipe,2020-08-02,874.0,4331.0,782.0,15.0,0.0172,,3.0,0.0
São Tomé and Príncipe,2020-08-03,874.0,4331.0,782.0,15.0,0.0172,,0.0,0.0
São Tomé and Príncipe,2020-08-04,874.0,4331.0,787.0,15.0,0.0172,,0.0,0.0
São Tomé and Príncipe,2020-08-05,874.0,4331.0,787.0,15.0,0.0172,,0.0,0.0
São Tomé and Príncipe,2020-08-06,878.0,4351.0,795.0,15.0,0.0171,,4.0,0.0
São Tomé and Príncipe,2020-08-07,878.0,4351.0,795.0,15.0,0.0171,,0.0,0.0
São Tomé and Príncipe,2020-08-08,878.0,4351.0,797.0,15.0,0.0171,,0.0,0.0
São Tomé and Príncipe,2020-08-09,878.0,4351.0,799.0,15.0,0.0171,,0.0,0.0
São Tomé and Príncipe,2020-08-10,878.0,4351.0,800.0,15.0,0.0171,,0.0,0.0
São Tomé and Príncipe,2020-08-11,878.0,4351.0,800.0,15.0,0.0171,,0.0,0.0
São Tomé and Príncipe,2020-08-12,878.0,4351.0,800.0,15.0,0.0171,,0.0,0.0
São Tomé and Príncipe,2020-08-13,881.0,4366.0,804.0,15.0,0.017,,3.0,0.0
São Tomé and Príncipe,2020-08-14,882.0,4371.0,807.0,15.0,0.017,,1.0,0.0
São Tomé and Príncipe,2020-08-15,882.0,4371.0,807.0,15.0,0.017,,0.0,0.0
São Tomé and Príncipe,2020-08-16,885.0,4386.0,809.0,15.0,0.0169,,3.0,0.0
São Tomé and Príncipe,2020-08-17,885.0,4386.0,815.0,15.0,0.0169,,0.0,0.0
São Tomé and Príncipe,2020-08-18,885.0,4386.0,815.0,15.0,0.0169,,0.0,0.0
São Tomé and Príncipe,2020-08-19,885.0,4386.0,821.0,15.0,0.0169,,0.0,0.0
São Tomé and Príncipe,2020-08-20,885.0,4386.0,821.0,15.0,0.0169,,0.0,0.0
São Tomé and Príncipe,2020-08-22,891.0,4416.0,830.0,15.0,0.0168,,6.0,0.0
São Tomé and Príncipe,2020-08-23,891.0,4416.0,830.0,15.0,0.0168,,0.0,0.0
São Tomé and Príncipe,2020-08-24,892.0,4421.0,831.0,15.0,0.0168,,1.0,0.0
São Tomé and Príncipe,2020-08-25,892.0,4421.0,831.0,15.0,0.0168,,0.0,0.0
São Tomé and Príncipe,2020-08-26,892.0,4421.0,831.0,15.0,0.0168,,0.0,0.0
São Tomé and Príncipe,2020-08-27,892.0,4421.0,833.0,15.0,0.0168,,0.0,0.0
São Tomé and Príncipe,2020-08-28,892.0,4421.0,833.0,15.0,0.0168,,0.0,0.0
São Tomé and Príncipe,2020-08-29,895.0,4435.0,848.0,15.0,0.0168,,3.0,0.0
São Tomé and Príncipe,2020-08-30,895.0,4435.0,848.0,15.0,0.0168,,0.0,0.0
São Tomé and Príncipe,2020-08-31,895.0,4435.0,848.0,15.0,0.0168,,0.0,0.0
São Tomé and Príncipe,2020-09-01,895.0,4435.0,848.0,15.0,0.0168,,0.0,0.0
São Tomé and Príncipe,2020-09-02,896.0,4440.0,0.0,15.0,0.0167,,1.0,0.0
São Tomé and Príncipe,2020-09-03,896.0,4440.0,0.0,15.0,0.0167,,0.0,0.0
São Tomé and Príncipe,2020-09-04,896.0,4440.0,0.0,15.0,0.0167,,0.0,0.0
São Tomé and Príncipe,2020-09-05,897.0,4445.0,857.0,15.0,0.0167,,1.0,0.0
São Tomé and Príncipe,2020-09-07,897.0,4445.0,857.0,15.0,0.0167,,0.0,0.0
São Tomé and Príncipe,2020-09-08,897.0,4445.0,857.0,15.0,0.0167,,0.0,0.0
São Tomé and Príncipe,2020-09-09,898.0,4450.0,859.0,15.0,0.0167,,1.0,0.0
São Tomé and Príncipe,2020-09-10,898.0,4450.0,859.0,15.0,0.0167,,0.0,0.0
São Tomé and Príncipe,2020-09-11,898.0,4450.0,859.0,15.0,0.0167,,0.0,0.0
São Tomé and Príncipe,2020-09-12,898.0,4450.0,859.0,15.0,0.0167,,0.0,0.0
São Tomé and Príncipe,2020-09-13,901.0,4465.0,0.0,15.0,0.0166,,3.0,0.0
São Tomé and Príncipe,2020-09-14,906.0,4490.0,870.0,15.0,0.0166,,5.0,0.0
São Tomé and Príncipe,2020-09-15,906.0,4490.0,870.0,15.0,0.0166,,0.0,0.0
São Tomé and Príncipe,2020-09-16,907.0,4495.0,871.0,15.0,0.0165,,1.0,0.0
São Tomé and Príncipe,2020-09-17,907.0,4495.0,871.0,15.0,0.0165,,0.0,0.0
São Tomé and Príncipe,2020-09-18,907.0,4495.0,873.0,15.0,0.0165,,0.0,0.0
São Tomé and Príncipe,2020-09-20,908.0,4500.0,873.0,15.0,0.0165,,1.0,0.0
São Tomé and Príncipe,2020-09-21,908.0,4500.0,873.0,15.0,0.0165,,0.0,0.0
São Tomé and Príncipe,2020-09-22,908.0,4500.0,873.0,15.0,0.0165,,0.0,0.0
São Tomé and Príncipe,2020-09-23,908.0,4500.0,873.0,15.0,0.0165,,0.0,0.0
São Tomé and Príncipe,2020-09-24,908.0,0.0,,15.0,0.0165,4500.0,0.0,0.0
São Tomé and Príncipe,2020-09-25,908.0,0.0,,15.0,0.0165,4500.0,0.0,0.0
São Tomé and Príncipe,2020-09-26,908.0,0.0,,15.0,0.0165,4500.0,0.0,0.0
São Tomé and Príncipe,2020-09-27,911.0,0.0,,15.0,0.0165,4515.0,3.0,0.0
São Tomé and Príncipe,2020-09-28,911.0,0.0,,15.0,0.0165,4515.0,0.0,0.0
São Tomé and Príncipe,2020-09-29,911.0,0.0,,15.0,0.0165,4515.0,0.0,0.0
São Tomé and Príncipe,2020-09-30,911.0,0.0,,15.0,0.0165,4515.0,0.0,0.0
São Tomé and Príncipe,2020-10-02,911.0,0.0,,15.0,0.0165,4515.0,0.0,0.0
São Tomé and Príncipe,2020-10-03,911.0,0.0,,15.0,0.0165,4515.0,0.0,0.0
São Tomé and Príncipe,2020-10-04,911.0,0.0,,15.0,0.0165,4515.0,0.0,0.0
São Tomé and Príncipe,2020-10-05,913.0,0.0,,15.0,0.0164,4525.0,2.0,0.0
São Tomé and Príncipe,2020-10-06,913.0,0.0,,15.0,0.0164,4525.0,0.0,0.0
São Tomé and Príncipe,2020-10-08,914.0,0.0,,15.0,0.0164,4530.0,1.0,0.0
São Tomé and Príncipe,2020-10-09,914.0,0.0,,15.0,0.0164,4530.0,0.0,0.0
São Tomé and Príncipe,2020-10-10,921.0,0.0,,15.0,0.0163,4564.0,7.0,0.0
São Tomé and Príncipe,2020-10-11,922.0,0.0,,15.0,0.0163,4569.0,1.0,0.0
São Tomé and Príncipe,2020-10-12,922.0,0.0,,15.0,0.0163,4569.0,0.0,0.0
São Tomé and Príncipe,2020-10-13,929.0,0.0,,15.0,0.0161,4604.0,7.0,0.0
São Tomé and Príncipe,2020-10-14,929.0,0.0,,15.0,0.0161,4604.0,0.0,0.0
São Tomé and Príncipe,2020-10-15,929.0,0.0,,15.0,0.0161,4604.0,0.0,0.0
São Tomé and Príncipe,2020-10-18,932.0,0.0,,15.0,0.0161,4619.0,3.0,0.0
São Tomé and Príncipe,2020-10-19,932.0,0.0,,15.0,0.0161,4619.0,0.0,0.0
São Tomé and Príncipe,2020-10-20,933.0,0.0,,15.0,0.0161,4624.0,1.0,0.0
São Tomé and Príncipe,2020-10-22,933.0,0.0,,15.0,0.0161,4624.0,0.0,0.0
São Tomé and Príncipe,2020-10-23,935.0,0.0,,15.0,0.016,4634.0,2.0,0.0
São Tomé and Príncipe,2020-10-24,935.0,0.0,,15.0,0.016,4634.0,0.0,0.0
São Tomé and Príncipe,2020-10-25,938.0,0.0,,15.0,0.016,4649.0,3.0,0.0
São Tomé and Príncipe,2020-10-26,940.0,0.0,,15.0,0.016,4658.0,2.0,0.0
São Tomé and Príncipe,2020-10-27,940.0,0.0,,15.0,0.016,4658.0,0.0,0.0
São Tomé and Príncipe,2020-10-28,941.0,0.0,,15.0,0.0159,4663.0,1.0,0.0
