Location,Date,Confirmed,Case_Per_1M_people,Recovered,Deaths,Mortality,Cases per 1 million people,NewConfirmed,NewDeaths
,2020-03-31,,,,,,,0.0,0.0
,2020-04-01,,,,,,,,
,2020-04-02,,,,,,,,
,2020-04-03,,,,,,,,
,2020-04-07,,,,,,,,
,2020-04-10,,,,,,,,
Tajikistan,2020-04-11,0.0,0.0,0.0,0.0,,,,
Tajikistan,2020-04-12,0.0,0.0,0.0,0.0,,,0.0,0.0
Tajikistan,2020-04-14,0.0,0.0,0.0,0.0,,,0.0,0.0
,2020-04-17,,,,,,,,
,2020-04-18,,,,,,,,
,2020-04-20,,,,,,,,
,2020-04-22,,,,,,,,
,2020-04-23,,,,,,,,
,2020-04-24,,,,,,,,
,2020-04-25,,,,,,,,
,2020-04-26,,,,,,,,
,2020-04-27,,,,,,,,
,2020-04-28,,,,,,,,
,2020-04-29,,,,,,,,
,2020-04-30,,,,,,,,
,2020-05-01,,,,,,,,
,2020-05-02,,,,,,,,
,2020-05-03,,,,,,,,
,2020-05-04,,,,,,,,
,2020-05-05,,,,,,,,
,2020-05-06,,,,,,,,
,2020-05-07,,,,,,,,
,2020-05-08,,,,,,,,
,2020-05-09,,,,,,,,
,2020-05-10,,,,,,,,
Tajikistan,2020-05-11,0.0,0.0,0.0,0.0,,,,
Tajikistan,2020-05-12,0.0,0.0,0.0,0.0,,,0.0,0.0
Tajikistan,2020-05-13,0.0,0.0,0.0,0.0,,,0.0,0.0
Tajikistan,2020-05-15,0.0,0.0,0.0,0.0,,,0.0,0.0
Tajikistan,2020-05-16,0.0,0.0,0.0,0.0,,,0.0,0.0
Tajikistan,2020-05-17,0.0,0.0,0.0,0.0,,,0.0,0.0
Tajikistan,2020-05-18,0.0,0.0,0.0,0.0,,,0.0,0.0
Tajikistan,2020-05-19,0.0,0.0,0.0,0.0,,,0.0,0.0
Tajikistan,2020-05-20,1936.0,212.0,641.0,41.0,0.021177685950413225,,1936.0,41.0
,2020-05-21,,,,,,,,
Tajikistan,2020-05-22,2350.0,257.0,470.0,44.0,0.01872340425531915,,,
Tajikistan,2020-05-23,2551.0,280.0,1089.0,44.0,0.01724813798510388,,201.0,0.0
Tajikistan,2020-05-24,2738.0,300.0,1223.0,44.0,0.016070124178232285,,187.0,0.0
Tajikistan,2020-05-25,2929.0,321.0,1301.0,46.0,0.01570501877773984,,191.0,2.0
Tajikistan,2020-05-26,3100.0,340.0,1395.0,46.0,0.014838709677419357,,171.0,0.0
Tajikistan,2020-05-27,3266.0,358.0,1417.0,47.0,0.014390691977954685,,166.0,1.0
Tajikistan,2020-05-28,3424.0,375.0,1575.0,47.0,0.013726635514018691,,158.0,0.0
Tajikistan,2020-05-29,3563.0,390.0,1674.0,47.0,0.013191131069323604,,139.0,0.0
Tajikistan,2020-05-30,3686.0,404.0,1769.0,47.0,0.012750949538795442,,123.0,0.0
Tajikistan,2020-05-31,3807.0,417.0,1865.0,47.0,0.012345679012345678,,121.0,0.0
Tajikistan,2020-06-01,3930.0,431.0,2004.0,47.0,0.011959287531806615,,123.0,0.0
Tajikistan,2020-06-02,4013.0,440.0,2089.0,47.0,0.01171193620732619,,83.0,0.0
Tajikistan,2020-06-03,4100.0,449.0,2217.0,47.0,0.0115,,87.0,0.0
Tajikistan,2020-06-04,4191.0,459.0,2347.0,48.0,0.0115,,91.0,1.0
Tajikistan,2020-06-05,4289.0,470.0,2401.0,48.0,0.0112,,98.0,0.0
Tajikistan,2020-06-06,4370.0,479.0,2491.0,48.0,0.011000000000000001,,81.0,0.0
Tajikistan,2020-06-07,4453.0,488.0,2583.0,48.0,0.0108,,83.0,0.0
Tajikistan,2020-06-08,4529.0,496.0,2673.0,48.0,0.0106,,76.0,0.0
Tajikistan,2020-06-09,4609.0,505.0,2763.0,48.0,0.0104,,80.0,0.0
Tajikistan,2020-06-10,4690.0,514.0,2815.0,48.0,0.0102,,81.0,0.0
Tajikistan,2020-06-12,4834.0,530.0,3062.0,49.0,0.0101,,144.0,1.0
Tajikistan,2020-06-13,4902.0,537.0,3158.0,49.0,0.01,,68.0,0.0
Tajikistan,2020-06-14,4971.0,545.0,3288.0,50.0,0.0101,,69.0,1.0
Tajikistan,2020-06-15,4971.0,545.0,3288.0,50.0,0.0101,,0.0,0.0
Tajikistan,2020-06-16,5097.0,558.0,3503.0,50.0,0.0098,,126.0,0.0
Tajikistan,2020-06-17,5160.0,565.0,3624.0,50.0,0.0097,,63.0,0.0
Tajikistan,2020-06-18,5221.0,572.0,3700.0,51.0,0.0098,,61.0,1.0
Tajikistan,2020-06-19,5279.0,578.0,3762.0,51.0,0.0097,,58.0,0.0
Tajikistan,2020-06-20,5338.0,585.0,3830.0,51.0,0.0096,,59.0,0.0
Tajikistan,2020-06-21,5399.0,592.0,3894.0,52.0,0.0096,,61.0,1.0
Tajikistan,2020-06-22,5457.0,598.0,3995.0,52.0,0.0095,,58.0,0.0
Tajikistan,2020-06-23,5457.0,598.0,3995.0,52.0,0.0095,,0.0,0.0
Tajikistan,2020-06-24,5567.0,610.0,4109.0,52.0,0.0093,,110.0,0.0
Tajikistan,2020-06-25,5630.0,617.0,4194.0,52.0,0.0092,,63.0,0.0
Tajikistan,2020-06-26,5691.0,624.0,4267.0,52.0,0.0091,,61.0,0.0
Tajikistan,2020-06-27,5747.0,630.0,4331.0,52.0,0.009000000000000001,,56.0,0.0
Tajikistan,2020-06-28,5747.0,630.0,4331.0,52.0,0.009000000000000001,,0.0,0.0
Tajikistan,2020-06-29,5849.0,641.0,4448.0,52.0,0.0089,,102.0,0.0
Tajikistan,2020-06-30,5900.0,646.0,4506.0,52.0,0.0088,,51.0,0.0
Tajikistan,2020-07-01,5900.0,646.0,4506.0,52.0,0.0088,,0.0,0.0
Tajikistan,2020-07-02,5954.0,652.0,4568.0,52.0,0.0087,,54.0,0.0
Tajikistan,2020-07-03,6005.0,658.0,0.0,52.0,0.0087,,51.0,0.0
Tajikistan,2020-07-04,6108.0,669.0,4762.0,52.0,0.0085,,103.0,0.0
Tajikistan,2020-07-05,6108.0,669.0,4762.0,52.0,0.0085,,0.0,0.0
Tajikistan,2020-07-06,6159.0,675.0,4809.0,52.0,0.0084,,51.0,0.0
Tajikistan,2020-07-07,6262.0,686.0,4914.0,53.0,0.0085,,103.0,1.0
Tajikistan,2020-07-09,6364.0,697.0,5011.0,54.0,0.0085,,102.0,1.0
Tajikistan,2020-07-10,6364.0,697.0,5011.0,54.0,0.0085,,0.0,0.0
Tajikistan,2020-07-11,6457.0,707.0,5115.0,55.0,0.0085,,93.0,1.0
Tajikistan,2020-07-12,6457.0,707.0,5115.0,55.0,0.0085,,0.0,0.0
Tajikistan,2020-07-13,6505.0,713.0,0.0,55.0,0.0085,,48.0,0.0
Tajikistan,2020-07-14,6551.0,718.0,0.0,55.0,0.0084,,46.0,0.0
Tajikistan,2020-07-15,6595.0,723.0,0.0,55.0,0.0083,,44.0,0.0
Tajikistan,2020-07-16,6595.0,723.0,0.0,55.0,0.0083,,0.0,0.0
Tajikistan,2020-07-18,6741.0,739.0,5431.0,56.0,0.0083,,146.0,1.0
Tajikistan,2020-07-19,6834.0,749.0,5529.0,57.0,0.0083,,93.0,1.0
Tajikistan,2020-07-19,6834.0,749.0,5529.0,57.0,0.0083,,0.0,0.0
Tajikistan,2020-07-21,6834.0,749.0,5529.0,57.0,0.0083,,0.0,0.0
Tajikistan,2020-07-22,6878.0,754.0,0.0,57.0,0.0083,,44.0,0.0
Tajikistan,2020-07-23,6967.0,763.0,0.0,57.0,0.0082,,89.0,0.0
Tajikistan,2020-07-24,7015.0,769.0,5741.0,58.0,0.0083,,48.0,1.0
Tajikistan,2020-07-25,7104.0,778.0,5851.0,58.0,0.0082,,89.0,0.0
Tajikistan,2020-07-26,7150.0,783.0,5906.0,59.0,0.0083,,46.0,1.0
Tajikistan,2020-07-27,7192.0,788.0,5970.0,59.0,0.0082,,42.0,0.0
Tajikistan,2020-07-28,7235.0,793.0,6028.0,60.0,0.0083,,43.0,1.0
Tajikistan,2020-07-29,7276.0,797.0,6065.0,60.0,0.0082,,41.0,0.0
Tajikistan,2020-07-30,7276.0,797.0,6065.0,60.0,0.0082,,0.0,0.0
Tajikistan,2020-07-31,7366.0,807.0,6151.0,60.0,0.0081,,90.0,0.0
Tajikistan,2020-08-01,7409.0,812.0,6193.0,60.0,0.0081,,43.0,0.0
Tajikistan,2020-08-02,7451.0,816.0,6233.0,60.0,0.0081,,42.0,0.0
Tajikistan,2020-08-03,7495.0,821.0,6276.0,61.0,0.0081,,44.0,1.0
Tajikistan,2020-08-04,7495.0,821.0,6276.0,61.0,0.0081,,0.0,0.0
Tajikistan,2020-08-05,7538.0,826.0,6317.0,61.0,0.0081,,43.0,0.0
Tajikistan,2020-08-06,7583.0,831.0,6356.0,61.0,0.008,,45.0,0.0
Tajikistan,2020-08-07,7625.0,835.0,6399.0,61.0,0.008,,42.0,0.0
Tajikistan,2020-08-08,7665.0,840.0,6443.0,62.0,0.0081,,40.0,1.0
Tajikistan,2020-08-09,7745.0,849.0,6528.0,62.0,0.008,,80.0,0.0
Tajikistan,2020-08-10,7785.0,853.0,6573.0,62.0,0.008,,40.0,0.0
Tajikistan,2020-08-11,7827.0,858.0,6614.0,62.0,0.0079,,42.0,0.0
Tajikistan,2020-08-12,7871.0,862.0,6653.0,63.0,0.008,,44.0,1.0
Tajikistan,2020-08-13,7912.0,867.0,6696.0,63.0,0.008,,41.0,0.0
Tajikistan,2020-08-14,7912.0,867.0,6696.0,63.0,0.008,,0.0,0.0
Tajikistan,2020-08-15,7912.0,867.0,6696.0,63.0,0.008,,0.0,0.0
Tajikistan,2020-08-16,7912.0,867.0,6696.0,63.0,0.008,,0.0,0.0
Tajikistan,2020-08-17,8065.0,884.0,6855.0,63.0,0.0078,,153.0,0.0
Tajikistan,2020-08-18,8065.0,884.0,6855.0,63.0,0.0078,,0.0,0.0
Tajikistan,2020-08-19,8131.0,891.0,6935.0,65.0,0.008,,66.0,2.0
Tajikistan,2020-08-20,8131.0,891.0,6935.0,65.0,0.008,,0.0,0.0
Tajikistan,2020-08-22,8241.0,903.0,7040.0,66.0,0.008,,110.0,1.0
Tajikistan,2020-08-23,8241.0,903.0,7040.0,66.0,0.008,,0.0,0.0
Tajikistan,2020-08-24,8241.0,903.0,7040.0,66.0,0.008,,0.0,0.0
Tajikistan,2020-08-25,8241.0,903.0,7040.0,66.0,0.008,,0.0,0.0
Tajikistan,2020-08-26,8346.0,914.0,0.0,67.0,0.008,,105.0,1.0
Tajikistan,2020-08-27,8379.0,918.0,7179.0,67.0,0.008,,33.0,0.0
Tajikistan,2020-08-28,8379.0,918.0,7179.0,67.0,0.008,,0.0,0.0
Tajikistan,2020-08-29,8481.0,929.0,7276.0,68.0,0.008,,102.0,1.0
Tajikistan,2020-08-30,8481.0,929.0,7276.0,68.0,0.008,,0.0,0.0
Tajikistan,2020-08-31,8481.0,929.0,7276.0,68.0,0.008,,0.0,0.0
Tajikistan,2020-09-01,8481.0,929.0,7276.0,68.0,0.008,,0.0,0.0
Tajikistan,2020-09-02,8550.0,937.0,0.0,68.0,0.008,,69.0,0.0
Tajikistan,2020-09-03,8654.0,948.0,7447.0,69.0,0.008,,104.0,1.0
Tajikistan,2020-09-04,8690.0,952.0,7482.0,69.0,0.0079,,36.0,0.0
Tajikistan,2020-09-05,8690.0,952.0,7482.0,69.0,0.0079,,0.0,0.0
Tajikistan,2020-09-07,8757.0,959.0,7549.0,70.0,0.008,,67.0,1.0
Tajikistan,2020-09-08,8824.0,967.0,7616.0,70.0,0.0079,,67.0,0.0
Tajikistan,2020-09-09,8824.0,967.0,7650.0,70.0,0.0079,,0.0,0.0
Tajikistan,2020-09-10,8824.0,967.0,7650.0,70.0,0.0079,,0.0,0.0
Tajikistan,2020-09-11,8899.0,975.0,7683.0,71.0,0.008,,75.0,1.0
Tajikistan,2020-09-12,8899.0,975.0,7683.0,71.0,0.008,,0.0,0.0
Tajikistan,2020-09-13,8977.0,984.0,7747.0,72.0,0.008,,78.0,1.0
Tajikistan,2020-09-14,8977.0,984.0,7747.0,72.0,0.008,,0.0,0.0
Tajikistan,2020-09-15,9088.0,996.0,7853.0,72.0,0.0079,,111.0,0.0
Tajikistan,2020-09-16,9129.0,1000.0,7896.0,73.0,0.008,,41.0,1.0
Tajikistan,2020-09-17,9171.0,1005.0,7141.0,73.0,0.008,,42.0,0.0
Tajikistan,2020-09-18,9171.0,1005.0,7141.0,73.0,0.008,,0.0,0.0
Tajikistan,2020-09-20,9214.0,1010.0,0.0,73.0,0.0079,,43.0,0.0
Tajikistan,2020-09-21,9214.0,1010.0,0.0,73.0,0.0079,,0.0,0.0
Tajikistan,2020-09-22,9388.0,1029.0,7152.0,73.0,0.0078,,174.0,0.0
Tajikistan,2020-09-23,9388.0,1029.0,7152.0,73.0,0.0078,,0.0,0.0
Tajikistan,2020-09-24,9388.0,0.0,,73.0,0.0078,1029.0,0.0,0.0
Tajikistan,2020-09-25,9388.0,0.0,,73.0,0.0078,1029.0,0.0,0.0
Tajikistan,2020-09-26,9562.0,0.0,,74.0,0.0077,1048.0,174.0,1.0
Tajikistan,2020-09-27,9562.0,0.0,,74.0,0.0077,1048.0,0.0,0.0
Tajikistan,2020-09-28,9562.0,0.0,,74.0,0.0077,1048.0,0.0,0.0
Tajikistan,2020-09-29,9562.0,0.0,,74.0,0.0077,1048.0,0.0,0.0
Tajikistan,2020-09-30,9562.0,0.0,,74.0,0.0077,1048.0,0.0,0.0
Tajikistan,2020-10-02,9685.0,0.0,,75.0,0.0077,1061.0,123.0,1.0
Tajikistan,2020-10-03,9811.0,0.0,,77.0,0.0078,1075.0,126.0,2.0
Tajikistan,2020-10-04,9852.0,0.0,,77.0,0.0078,1079.0,41.0,0.0
Tajikistan,2020-10-05,9895.0,0.0,,77.0,0.0078,1084.0,43.0,0.0
Tajikistan,2020-10-06,9935.0,0.0,,78.0,0.0079,1089.0,40.0,1.0
Tajikistan,2020-10-08,10014.0,0.0,,78.0,0.0078,1097.0,79.0,0.0
Tajikistan,2020-10-09,10055.0,0.0,,78.0,0.0078,1102.0,41.0,0.0
Tajikistan,2020-10-10,10097.0,0.0,,78.0,0.0077,1106.0,42.0,0.0
Tajikistan,2020-10-11,10137.0,0.0,,79.0,0.0078,1111.0,40.0,1.0
Tajikistan,2020-10-12,10180.0,0.0,,79.0,0.0078,1115.0,43.0,0.0
Tajikistan,2020-10-13,10222.0,0.0,,79.0,0.0077,1120.0,42.0,0.0
Tajikistan,2020-10-14,10260.0,0.0,,79.0,0.0077,1124.0,38.0,0.0
Tajikistan,2020-10-15,10297.0,0.0,,79.0,0.0077,1128.0,37.0,0.0
Tajikistan,2020-10-18,10414.0,0.0,,80.0,0.0077,1141.0,117.0,1.0
Tajikistan,2020-10-19,10455.0,0.0,,80.0,0.0077,1146.0,41.0,0.0
Tajikistan,2020-10-20,10493.0,0.0,,80.0,0.0076,1150.0,38.0,0.0
Tajikistan,2020-10-22,10574.0,0.0,,80.0,0.0076,1159.0,81.0,0.0
