Location,Date,Confirmed,Case_Per_1M_people,Recovered,Deaths,Mortality,Cases per 1 million people,NewConfirmed,NewDeaths
Thailand,2020-03-31,1651.0,24.65,324.0,10.0,0.006056935,,0.0,0.0
Thailand,2020-04-01,1771.0,26.44,416.0,12.0,0.006775832862789385,,120.0,2.0
Thailand,2020-04-02,1771.0,26.44,416.0,12.0,0.006775832862789385,,0.0,0.0
Thailand,2020-04-03,1875.0,28.0,505.0,15.0,0.008,,104.0,3.0
Thailand,2020-04-07,2220.0,33.39,793.0,26.0,0.011711711711711712,,345.0,11.0
Thailand,2020-04-10,2423.0,36.44,940.0,32.0,0.013206768468840282,,203.0,6.0
Thailand,2020-04-11,2518.0,37.87,1135.0,35.0,0.013899920571882446,,95.0,3.0
Thailand,2020-04-12,2518.0,37.87,1135.0,35.0,0.013899920571882446,,0.0,0.0
Thailand,2020-04-14,2613.0,39.3,1405.0,41.0,0.01569077688480674,,95.0,6.0
Thailand,2020-04-17,2672.0,40.19,1593.0,46.0,0.01721556886227545,,59.0,5.0
Thailand,2020-04-18,2733.0,41.1,1787.0,47.0,0.017197219173069888,,61.0,1.0
Thailand,2020-04-20,2765.0,41.59,1928.0,47.0,0.016998191681735986,,32.0,0.0
Thailand,2020-04-22,2811.0,42.28,2108.0,48.0,0.01707577374599787,,46.0,1.0
Thailand,2020-04-23,2839.0,42.7,2430.0,50.0,0.01761183515322296,,28.0,2.0
Thailand,2020-04-24,2854.0,42.92,2490.0,50.0,0.01751927119831815,,15.0,0.0
Thailand,2020-04-25,2854.0,42.92,2490.0,50.0,0.01751927119831815,,0.0,0.0
Thailand,2020-04-26,2907.0,43.72,2547.0,51.0,0.017543859649122806,,53.0,1.0
Thailand,2020-04-27,2931.0,44.08,2609.0,52.0,0.017741385192766974,,24.0,1.0
Thailand,2020-04-28,2931.0,44.08,2609.0,52.0,0.017741385192766974,,0.0,0.0
Thailand,2020-04-29,2938.0,44.19,2652.0,54.0,0.01837985023825732,,7.0,2.0
Thailand,2020-04-30,2938.0,44.19,2652.0,54.0,0.01837985023825732,,0.0,0.0
Thailand,2020-05-01,2954.0,44.0,2684.0,54.0,0.01828029790115098,,16.0,0.0
Thailand,2020-05-02,2960.0,45.0,2719.0,54.0,0.018243243243243244,,6.0,0.0
Thailand,2020-05-03,2966.0,45.0,2732.0,54.0,0.01820633850303439,,6.0,0.0
Thailand,2020-05-04,2969.0,45.0,2739.0,54.0,0.018187942068036374,,3.0,0.0
Thailand,2020-05-05,2988.0,45.0,2747.0,54.0,0.018072289156626502,,19.0,0.0
Thailand,2020-05-06,2988.0,45.0,2747.0,54.0,0.018072289156626502,,0.0,0.0
Thailand,2020-05-07,2989.0,45.0,2761.0,55.0,0.018400802944128467,,1.0,1.0
Thailand,2020-05-08,2992.0,45.0,2761.0,55.0,0.018382352941176468,,3.0,0.0
Thailand,2020-05-09,3000.0,45.0,2784.0,55.0,0.01833333333333333,,8.0,0.0
Thailand,2020-05-10,3009.0,45.0,2787.0,56.0,0.018610834164174143,,9.0,1.0
Thailand,2020-05-11,3009.0,45.0,2787.0,56.0,0.018610834164174143,,0.0,0.0
Thailand,2020-05-12,3015.0,45.0,2796.0,56.0,0.01857379767827529,,6.0,0.0
Thailand,2020-05-13,3017.0,45.0,2798.0,56.0,0.018561484918793503,,2.0,0.0
Thailand,2020-05-15,3018.0,45.0,2850.0,56.0,0.01855533465871438,,1.0,0.0
Thailand,2020-05-16,3025.0,45.0,2854.0,56.0,0.01851239669421488,,7.0,0.0
Thailand,2020-05-17,3025.0,45.0,2855.0,56.0,0.01851239669421488,,0.0,0.0
Thailand,2020-05-18,3028.0,46.0,2856.0,56.0,0.018494055482166448,,3.0,0.0
Thailand,2020-05-19,3031.0,46.0,2857.0,56.0,0.018475750577367202,,3.0,0.0
Thailand,2020-05-20,3033.0,46.0,2857.0,56.0,0.01846356742499176,,2.0,0.0
,2020-05-21,,,,,,,,
Thailand,2020-05-22,3037.0,46.0,2897.0,56.0,0.01843924925913731,,,
Thailand,2020-05-23,3037.0,46.0,2910.0,56.0,0.01843924925913731,,0.0,0.0
Thailand,2020-05-24,3040.0,46.0,2916.0,56.0,0.018421052631578942,,3.0,0.0
Thailand,2020-05-25,3040.0,46.0,2921.0,56.0,0.018421052631578942,,0.0,0.0
Thailand,2020-05-26,3042.0,46.0,2928.0,57.0,0.018737672583826432,,2.0,1.0
Thailand,2020-05-27,3045.0,46.0,2929.0,57.0,0.0187192118226601,,3.0,0.0
Thailand,2020-05-28,3054.0,46.0,2931.0,57.0,0.01866404715127701,,9.0,0.0
Thailand,2020-05-29,3065.0,46.0,2945.0,57.0,0.018597063621533443,,11.0,0.0
Thailand,2020-05-30,3076.0,46.0,2945.0,57.0,0.01853055916775033,,11.0,0.0
Thailand,2020-05-31,3077.0,46.0,2961.0,57.0,0.01852453688657784,,1.0,0.0
Thailand,2020-06-01,3081.0,46.0,2963.0,57.0,0.018500486854917238,,4.0,0.0
Thailand,2020-06-02,3082.0,46.0,2965.0,57.0,0.01849448410123296,,1.0,0.0
Thailand,2020-06-03,3083.0,46.0,2966.0,58.0,0.0188,,1.0,1.0
Thailand,2020-06-04,3084.0,46.0,2968.0,58.0,0.0188,,1.0,0.0
Thailand,2020-06-05,3101.0,47.0,2968.0,58.0,0.0187,,17.0,0.0
Thailand,2020-06-06,3102.0,47.0,2971.0,58.0,0.0187,,1.0,0.0
Thailand,2020-06-07,3104.0,47.0,2971.0,58.0,0.0187,,2.0,0.0
Thailand,2020-06-08,3112.0,47.0,2972.0,58.0,0.0186,,8.0,0.0
Thailand,2020-06-09,3119.0,47.0,2973.0,58.0,0.0186,,7.0,0.0
Thailand,2020-06-10,3121.0,47.0,2973.0,58.0,0.0186,,2.0,0.0
Thailand,2020-06-12,3125.0,47.0,2987.0,58.0,0.0186,,4.0,0.0
Thailand,2020-06-13,3129.0,47.0,2987.0,58.0,0.0185,,4.0,0.0
Thailand,2020-06-14,3134.0,47.0,2987.0,58.0,0.0185,,5.0,0.0
Thailand,2020-06-15,3134.0,47.0,2987.0,58.0,0.0185,,0.0,0.0
Thailand,2020-06-16,3135.0,47.0,2987.0,58.0,0.0185,,1.0,0.0
Thailand,2020-06-17,3135.0,47.0,2993.0,58.0,0.0185,,0.0,0.0
Thailand,2020-06-18,3141.0,47.0,2997.0,58.0,0.0185,,6.0,0.0
Thailand,2020-06-19,3141.0,47.0,2997.0,58.0,0.0185,,0.0,0.0
Thailand,2020-06-20,3146.0,47.0,3008.0,58.0,0.0184,,5.0,0.0
Thailand,2020-06-21,3147.0,47.0,3018.0,58.0,0.0184,,1.0,0.0
Thailand,2020-06-22,3148.0,47.0,3018.0,58.0,0.0184,,1.0,0.0
Thailand,2020-06-23,3151.0,47.0,3022.0,58.0,0.0184,,3.0,0.0
Thailand,2020-06-24,3156.0,47.0,3023.0,58.0,0.0184,,5.0,0.0
Thailand,2020-06-25,3157.0,47.0,3026.0,58.0,0.0184,,1.0,0.0
Thailand,2020-06-26,3158.0,47.0,3038.0,58.0,0.0184,,1.0,0.0
Thailand,2020-06-27,3162.0,48.0,3040.0,58.0,0.0183,,4.0,0.0
Thailand,2020-06-28,3162.0,48.0,3053.0,58.0,0.0183,,0.0,0.0
Thailand,2020-06-29,3162.0,48.0,3053.0,58.0,0.0183,,0.0,0.0
Thailand,2020-06-30,3169.0,48.0,3053.0,58.0,0.0183,,7.0,0.0
Thailand,2020-07-01,3171.0,48.0,3056.0,58.0,0.0183,,2.0,0.0
Thailand,2020-07-02,3173.0,48.0,3059.0,58.0,0.0183,,2.0,0.0
Thailand,2020-07-03,3180.0,48.0,3066.0,58.0,0.0182,,7.0,0.0
Thailand,2020-07-04,3180.0,48.0,3066.0,58.0,0.0182,,0.0,0.0
Thailand,2020-07-05,3185.0,48.0,3066.0,58.0,0.0182,,5.0,0.0
Thailand,2020-07-06,3190.0,48.0,3071.0,58.0,0.0182,,5.0,0.0
Thailand,2020-07-07,3195.0,48.0,3072.0,58.0,0.0182,,5.0,0.0
Thailand,2020-07-09,3197.0,48.0,3074.0,58.0,0.0181,,2.0,0.0
Thailand,2020-07-10,3202.0,48.0,3085.0,58.0,0.0181,,5.0,0.0
Thailand,2020-07-11,3202.0,48.0,3085.0,58.0,0.0181,,0.0,0.0
Thailand,2020-07-12,3216.0,48.0,3088.0,58.0,0.018000000000000002,,14.0,0.0
Thailand,2020-07-13,3217.0,48.0,3088.0,58.0,0.018000000000000002,,1.0,0.0
Thailand,2020-07-14,3220.0,48.0,3090.0,58.0,0.018000000000000002,,3.0,0.0
Thailand,2020-07-15,3227.0,49.0,3091.0,58.0,0.018000000000000002,,7.0,0.0
Thailand,2020-07-16,3232.0,49.0,3092.0,58.0,0.0179,,5.0,0.0
Thailand,2020-07-18,3239.0,49.0,3096.0,58.0,0.0179,,7.0,0.0
Thailand,2020-07-19,3246.0,49.0,3096.0,58.0,0.0179,,7.0,0.0
Thailand,2020-07-19,3249.0,49.0,3096.0,58.0,0.0179,,3.0,0.0
Thailand,2020-07-21,3250.0,49.0,3096.0,58.0,0.0178,,1.0,0.0
Thailand,2020-07-22,3255.0,49.0,3105.0,58.0,0.0178,,5.0,0.0
Thailand,2020-07-23,3261.0,49.0,3105.0,58.0,0.0178,,6.0,0.0
Thailand,2020-07-24,3269.0,49.0,3105.0,58.0,0.0177,,8.0,0.0
Thailand,2020-07-25,3279.0,49.0,3107.0,58.0,0.0177,,10.0,0.0
Thailand,2020-07-26,3282.0,49.0,3109.0,58.0,0.0177,,3.0,0.0
Thailand,2020-07-27,3291.0,49.0,3109.0,58.0,0.0176,,9.0,0.0
Thailand,2020-07-28,3295.0,50.0,3111.0,58.0,0.0176,,4.0,0.0
Thailand,2020-07-29,3297.0,50.0,3111.0,58.0,0.0176,,2.0,0.0
Thailand,2020-07-30,3297.0,50.0,3111.0,58.0,0.0176,,0.0,0.0
Thailand,2020-07-31,3304.0,50.0,3111.0,58.0,0.0176,,7.0,0.0
Thailand,2020-08-01,3310.0,50.0,3125.0,58.0,0.0175,,6.0,0.0
Thailand,2020-08-02,3312.0,50.0,3135.0,58.0,0.0175,,2.0,0.0
Thailand,2020-08-03,3317.0,50.0,3142.0,58.0,0.0175,,5.0,0.0
Thailand,2020-08-04,3320.0,50.0,3142.0,58.0,0.0175,,3.0,0.0
Thailand,2020-08-05,3321.0,50.0,0.0,58.0,0.0175,,1.0,0.0
Thailand,2020-08-06,3328.0,50.0,3144.0,58.0,0.0174,,7.0,0.0
Thailand,2020-08-07,3330.0,50.0,3148.0,58.0,0.0174,,2.0,0.0
Thailand,2020-08-08,3330.0,50.0,3148.0,58.0,0.0174,,0.0,0.0
Thailand,2020-08-09,3345.0,50.0,3148.0,58.0,0.0173,,15.0,0.0
Thailand,2020-08-10,3351.0,50.0,3151.0,58.0,0.0173,,6.0,0.0
Thailand,2020-08-11,3351.0,50.0,3160.0,58.0,0.0173,,0.0,0.0
Thailand,2020-08-12,3351.0,50.0,3163.0,58.0,0.0173,,0.0,0.0
Thailand,2020-08-13,3356.0,50.0,3169.0,58.0,0.0173,,5.0,0.0
Thailand,2020-08-14,3359.0,51.0,3169.0,58.0,0.0173,,3.0,0.0
Thailand,2020-08-15,3376.0,51.0,3173.0,58.0,0.0172,,17.0,0.0
Thailand,2020-08-16,3376.0,51.0,3193.0,58.0,0.0172,,0.0,0.0
Thailand,2020-08-17,3377.0,51.0,3194.0,58.0,0.0172,,1.0,0.0
Thailand,2020-08-18,3378.0,51.0,3194.0,58.0,0.0172,,1.0,0.0
Thailand,2020-08-19,3381.0,51.0,3198.0,58.0,0.0172,,3.0,0.0
Thailand,2020-08-20,3382.0,51.0,3199.0,58.0,0.0171,,1.0,0.0
Thailand,2020-08-22,3390.0,51.0,3210.0,58.0,0.0171,,8.0,0.0
Thailand,2020-08-23,3390.0,51.0,3220.0,58.0,0.0171,,0.0,0.0
Thailand,2020-08-24,3395.0,51.0,3221.0,58.0,0.0171,,5.0,0.0
Thailand,2020-08-25,3397.0,51.0,3222.0,58.0,0.0171,,2.0,0.0
Thailand,2020-08-26,3402.0,51.0,3229.0,58.0,0.017,,5.0,0.0
Thailand,2020-08-27,3403.0,51.0,3237.0,58.0,0.017,,1.0,0.0
Thailand,2020-08-28,3404.0,51.0,3237.0,58.0,0.017,,1.0,0.0
Thailand,2020-08-29,3410.0,51.0,3237.0,58.0,0.017,,6.0,0.0
Thailand,2020-08-30,3411.0,51.0,3242.0,58.0,0.017,,1.0,0.0
Thailand,2020-08-31,3411.0,51.0,3252.0,58.0,0.017,,0.0,0.0
Thailand,2020-09-01,3412.0,51.0,3252.0,58.0,0.017,,1.0,0.0
Thailand,2020-09-02,3417.0,51.0,3274.0,58.0,0.017,,5.0,0.0
Thailand,2020-09-03,3425.0,52.0,3274.0,58.0,0.0169,,8.0,0.0
Thailand,2020-09-04,3427.0,52.0,3277.0,58.0,0.0169,,2.0,0.0
Thailand,2020-09-05,3431.0,52.0,3277.0,58.0,0.0169,,4.0,0.0
Thailand,2020-09-07,3444.0,52.0,3281.0,58.0,0.0168,,13.0,0.0
Thailand,2020-09-08,3445.0,52.0,3281.0,58.0,0.0168,,1.0,0.0
Thailand,2020-09-09,3446.0,52.0,3284.0,58.0,0.0168,,1.0,0.0
Thailand,2020-09-10,3447.0,52.0,3286.0,58.0,0.0168,,1.0,0.0
Thailand,2020-09-11,3454.0,52.0,3310.0,58.0,0.0168,,7.0,0.0
Thailand,2020-09-12,3461.0,52.0,3312.0,58.0,0.0168,,7.0,0.0
Thailand,2020-09-13,3466.0,52.0,3312.0,58.0,0.0167,,5.0,0.0
Thailand,2020-09-14,3473.0,52.0,3312.0,58.0,0.0167,,7.0,0.0
Thailand,2020-09-15,3475.0,52.0,3312.0,58.0,0.0167,,2.0,0.0
Thailand,2020-09-16,3480.0,52.0,3315.0,58.0,0.0167,,5.0,0.0
Thailand,2020-09-17,3490.0,52.0,3316.0,58.0,0.0166,,10.0,0.0
Thailand,2020-09-18,3490.0,52.0,3325.0,58.0,0.0166,,0.0,0.0
Thailand,2020-09-20,3500.0,53.0,3338.0,59.0,0.0169,,10.0,1.0
Thailand,2020-09-21,3506.0,53.0,3340.0,59.0,0.0168,,6.0,0.0
Thailand,2020-09-22,3506.0,53.0,3342.0,59.0,0.0168,,0.0,0.0
Thailand,2020-09-23,3511.0,53.0,3343.0,59.0,0.0168,,5.0,0.0
Thailand,2020-09-24,3514.0,0.0,,59.0,0.0168,53.0,3.0,0.0
Thailand,2020-09-25,3516.0,0.0,,59.0,0.0168,53.0,2.0,0.0
Thailand,2020-09-26,3519.0,0.0,,59.0,0.0168,53.0,3.0,0.0
Thailand,2020-09-27,3522.0,0.0,,59.0,0.0168,53.0,3.0,0.0
Thailand,2020-09-28,3523.0,0.0,,59.0,0.0167,53.0,1.0,0.0
Thailand,2020-09-29,3545.0,0.0,,59.0,0.0166,53.0,22.0,0.0
Thailand,2020-09-30,3559.0,0.0,,59.0,0.0166,54.0,14.0,0.0
Thailand,2020-10-02,3569.0,0.0,,59.0,0.0165,54.0,10.0,0.0
Thailand,2020-10-03,3575.0,0.0,,59.0,0.0165,54.0,6.0,0.0
Thailand,2020-10-04,3583.0,0.0,,59.0,0.0165,54.0,8.0,0.0
Thailand,2020-10-05,3585.0,0.0,,59.0,0.0165,54.0,2.0,0.0
Thailand,2020-10-06,3590.0,0.0,,59.0,0.0164,54.0,5.0,0.0
Thailand,2020-10-08,3615.0,0.0,,59.0,0.0163,54.0,25.0,0.0
Thailand,2020-10-09,3622.0,0.0,,59.0,0.0163,54.0,7.0,0.0
Thailand,2020-10-10,3628.0,0.0,,59.0,0.0163,55.0,6.0,0.0
Thailand,2020-10-11,3634.0,0.0,,59.0,0.0162,55.0,6.0,0.0
Thailand,2020-10-12,3636.0,0.0,,59.0,0.0162,55.0,2.0,0.0
Thailand,2020-10-13,3641.0,0.0,,59.0,0.0162,55.0,5.0,0.0
Thailand,2020-10-14,3643.0,0.0,,59.0,0.0162,55.0,2.0,0.0
Thailand,2020-10-15,3652.0,0.0,,59.0,0.0162,55.0,9.0,0.0
Thailand,2020-10-18,3679.0,0.0,,59.0,0.016,55.0,27.0,0.0
Thailand,2020-10-19,3686.0,0.0,,59.0,0.016,55.0,7.0,0.0
Thailand,2020-10-20,3691.0,0.0,,59.0,0.016,56.0,5.0,0.0
Thailand,2020-10-22,3709.0,0.0,,59.0,0.0159,56.0,18.0,0.0
Thailand,2020-10-23,3719.0,0.0,,59.0,0.0159,56.0,10.0,0.0
Thailand,2020-10-24,3727.0,0.0,,59.0,0.0158,56.0,8.0,0.0
Thailand,2020-10-25,3731.0,0.0,,59.0,0.0158,56.0,4.0,0.0
Thailand,2020-10-26,3736.0,0.0,,59.0,0.0158,56.0,5.0,0.0
Thailand,2020-10-27,3736.0,0.0,,59.0,0.0158,56.0,0.0,0.0
Thailand,2020-10-28,3746.0,0.0,,59.0,0.0158,56.0,10.0,0.0
