Location,Date,Confirmed,Case_Per_1M_people,Recovered,Deaths,Mortality,Cases per 1 million people,NewCases,NewConfirmed,NewDeaths
The Bahamas,2020-03-31,14.0,42.39,0.0,0.0,0.0,,,0.0,0.0
The Bahamas,2020-04-01,14.0,42.39,0.0,0.0,0.0,,,0.0,0.0
The Bahamas,2020-04-02,21.0,63.58,0.0,1.0,0.047619047619047616,,,7.0,1.0
The Bahamas,2020-04-03,24.0,72.67,0.0,1.0,0.04166666666666666,,,3.0,0.0
The Bahamas,2020-04-07,29.0,75.26,4.0,5.0,0.1724137931034483,,,5.0,4.0
The Bahamas,2020-04-10,41.0,106.4,5.0,8.0,0.1951219512195122,,,12.0,3.0
The Bahamas,2020-04-11,42.0,108.99,5.0,8.0,0.19047619047619047,,,1.0,0.0
The Bahamas,2020-04-12,42.0,108.99,5.0,8.0,0.19047619047619047,,,0.0,0.0
The Bahamas,2020-04-14,47.0,121.97,6.0,8.0,0.1702127659574468,,,5.0,0.0
The Bahamas,2020-04-17,53.0,137.54,6.0,8.0,0.1509433962264151,,,6.0,0.0
The Bahamas,2020-04-18,54.0,140.14,9.0,9.0,0.16666666666666666,,,1.0,1.0
The Bahamas,2020-04-20,60.0,155.71,11.0,9.0,0.15,,,6.0,0.0
The Bahamas,2020-04-22,64.0,166.09,11.0,9.0,0.140625,,,4.0,0.0
The Bahamas,2020-04-23,65.0,168.68,12.0,9.0,0.13846153846153847,,,1.0,0.0
The Bahamas,2020-04-24,72.0,186.85,14.0,11.0,0.1527777777777778,,,7.0,2.0
The Bahamas,2020-04-25,73.0,189.44,15.0,11.0,0.1506849315068493,,,1.0,0.0
The Bahamas,2020-04-26,77.0,199.82,15.0,11.0,0.14285714285714285,,,4.0,0.0
The Bahamas,2020-04-27,80.0,207.61,22.0,11.0,0.1375,,,3.0,0.0
The Bahamas,2020-04-28,80.0,207.61,22.0,11.0,0.1375,,,0.0,0.0
The Bahamas,2020-04-29,80.0,207.61,23.0,11.0,0.1375,,,0.0,0.0
The Bahamas,2020-04-30,80.0,207.61,23.0,11.0,0.1375,,,0.0,0.0
The Bahamas,2020-05-01,80.0,208.0,25.0,11.0,0.1375,,,0.0,0.0
The Bahamas,2020-05-02,80.0,208.0,25.0,11.0,0.1375,,,0.0,0.0
The Bahamas,2020-05-03,82.0,213.0,24.0,11.0,0.13414634146341464,,,2.0,0.0
The Bahamas,2020-05-04,82.0,213.0,24.0,11.0,0.13414634146341464,,,0.0,0.0
The Bahamas,2020-05-05,83.0,215.0,25.0,11.0,0.13253012048192772,,,1.0,0.0
The Bahamas,2020-05-06,84.0,218.0,25.0,11.0,0.13095238095238096,,,1.0,0.0
The Bahamas,2020-05-07,92.0,239.0,26.0,11.0,0.11956521739130435,,,8.0,0.0
The Bahamas,2020-05-08,92.0,239.0,26.0,11.0,0.11956521739130435,,,0.0,0.0
The Bahamas,2020-05-09,92.0,239.0,31.0,11.0,0.11956521739130435,,,0.0,0.0
The Bahamas,2020-05-10,92.0,239.0,37.0,11.0,0.11956521739130435,,,0.0,0.0
The Bahamas,2020-05-11,92.0,239.0,37.0,11.0,0.11956521739130435,,,0.0,0.0
The Bahamas,2020-05-12,92.0,239.0,37.0,11.0,0.11956521739130435,,,0.0,0.0
The Bahamas,2020-05-13,93.0,241.0,39.0,11.0,0.11827956989247312,,,1.0,0.0
The Bahamas,2020-05-15,96.0,249.0,41.0,11.0,0.11458333333333333,,,3.0,0.0
The Bahamas,2020-05-16,96.0,249.0,41.0,11.0,0.11458333333333333,,,0.0,0.0
The Bahamas,2020-05-17,96.0,249.0,41.0,11.0,0.11458333333333333,,,0.0,0.0
The Bahamas,2020-05-18,96.0,249.0,42.0,11.0,0.11458333333333333,,,0.0,0.0
The Bahamas,2020-05-19,96.0,249.0,42.0,11.0,0.11458333333333333,,,0.0,0.0
The Bahamas,2020-05-20,96.0,249.0,42.0,11.0,0.11458333333333333,,,0.0,0.0
,2020-05-21,,,,,,,,,
The Bahamas,2020-05-22,97.0,252.0,44.0,11.0,0.1134020618556701,,,,
The Bahamas,2020-05-23,97.0,252.0,44.0,11.0,0.1134020618556701,,,0.0,0.0
The Bahamas,2020-05-24,100.0,260.0,45.0,11.0,0.11,,,3.0,0.0
The Bahamas,2020-05-25,100.0,260.0,45.0,11.0,0.11,,,0.0,0.0
The Bahamas,2020-05-26,100.0,260.0,46.0,11.0,0.11,,,0.0,0.0
The Bahamas,2020-05-27,100.0,260.0,46.0,11.0,0.11,,,0.0,0.0
The Bahamas,2020-05-28,100.0,260.0,46.0,11.0,0.11,,,0.0,0.0
The Bahamas,2020-05-29,100.0,260.0,46.0,11.0,0.11,,,0.0,0.0
The Bahamas,2020-05-30,102.0,265.0,48.0,11.0,0.10784313725490197,,,2.0,0.0
The Bahamas,2020-05-31,102.0,265.0,48.0,11.0,0.10784313725490197,,,0.0,0.0
The Bahamas,2020-06-01,102.0,265.0,48.0,11.0,0.10784313725490197,,,0.0,0.0
The Bahamas,2020-06-02,102.0,265.0,48.0,11.0,0.10784313725490197,,,0.0,0.0
The Bahamas,2020-06-03,102.0,265.0,48.0,11.0,0.1078,,,0.0,0.0
The Bahamas,2020-06-04,102.0,265.0,48.0,11.0,0.1078,,,0.0,0.0
The Bahamas,2020-06-05,102.0,265.0,48.0,11.0,0.1078,,,0.0,0.0
The Bahamas,2020-06-06,102.0,265.0,49.0,11.0,0.1078,,,0.0,0.0
The Bahamas,2020-06-07,103.0,267.0,62.0,11.0,0.1068,,,1.0,0.0
The Bahamas,2020-06-08,103.0,267.0,62.0,11.0,0.1068,,,0.0,0.0
The Bahamas,2020-06-09,103.0,267.0,62.0,11.0,0.1068,,,0.0,0.0
The Bahamas,2020-06-10,103.0,267.0,62.0,11.0,0.1068,,,0.0,0.0
The Bahamas,2020-06-12,103.0,267.0,67.0,11.0,0.1068,,,0.0,0.0
The Bahamas,2020-06-13,103.0,267.0,67.0,11.0,0.1068,,,0.0,0.0
The Bahamas,2020-06-14,103.0,267.0,68.0,11.0,0.1068,,,0.0,0.0
The Bahamas,2020-06-15,103.0,267.0,68.0,11.0,0.1068,,,0.0,0.0
The Bahamas,2020-06-16,103.0,267.0,68.0,11.0,0.1068,,,0.0,0.0
The Bahamas,2020-06-17,104.0,270.0,72.0,11.0,0.1058,,,1.0,0.0
The Bahamas,2020-06-18,104.0,270.0,72.0,11.0,0.1058,,,0.0,0.0
The Bahamas,2020-06-19,104.0,270.0,72.0,11.0,0.1058,,,0.0,0.0
The Bahamas,2020-06-20,104.0,270.0,72.0,11.0,0.1058,,,0.0,0.0
The Bahamas,2020-06-21,104.0,270.0,72.0,11.0,0.1058,,,0.0,0.0
The Bahamas,2020-06-22,104.0,270.0,74.0,11.0,0.1058,,,0.0,0.0
The Bahamas,2020-06-23,104.0,270.0,74.0,11.0,0.1058,,,0.0,0.0
The Bahamas,2020-06-24,104.0,270.0,77.0,11.0,0.1058,,,0.0,0.0
The Bahamas,2020-06-25,104.0,270.0,77.0,11.0,0.1058,,,0.0,0.0
The Bahamas,2020-06-26,104.0,270.0,77.0,11.0,0.1058,,,0.0,0.0
The Bahamas,2020-06-27,104.0,270.0,77.0,11.0,0.1058,,,0.0,0.0
The Bahamas,2020-06-28,104.0,270.0,77.0,11.0,0.1058,,,0.0,0.0
The Bahamas,2020-06-29,104.0,270.0,77.0,11.0,0.1058,,,0.0,0.0
The Bahamas,2020-06-30,104.0,270.0,77.0,11.0,0.1058,,,0.0,0.0
The Bahamas,2020-07-01,104.0,270.0,77.0,11.0,0.1058,,,0.0,0.0
The Bahamas,2020-07-02,104.0,270.0,77.0,11.0,0.1058,,,0.0,0.0
The Bahamas,2020-07-03,104.0,270.0,77.0,11.0,0.1058,,,0.0,0.0
The Bahamas,2020-07-04,104.0,270.0,77.0,11.0,0.1058,,,0.0,0.0
The Bahamas,2020-07-05,104.0,270.0,77.0,11.0,0.1058,,,0.0,0.0
The Bahamas,2020-07-06,104.0,270.0,77.0,11.0,0.1058,,,0.0,0.0
The Bahamas,2020-07-07,104.0,270.0,89.0,11.0,0.1058,,,0.0,0.0
The Bahamas,2020-07-09,104.0,270.0,89.0,11.0,0.1058,,,0.0,0.0
The Bahamas,2020-07-10,104.0,270.0,89.0,11.0,0.1058,,,0.0,0.0
The Bahamas,2020-07-11,106.0,275.0,89.0,11.0,0.1038,,,2.0,0.0
The Bahamas,2020-07-12,108.0,280.0,89.0,11.0,0.1019,,,2.0,0.0
The Bahamas,2020-07-14,111.0,288.0,0.0,11.0,0.0991,,,3.0,0.0
The Bahamas,2020-07-15,111.0,288.0,0.0,11.0,0.0991,,,0.0,0.0
The Bahamas,2020-07-16,111.0,288.0,0.0,11.0,0.0991,,,0.0,0.0
The Bahamas,2020-07-18,124.0,322.0,91.0,11.0,0.0887,,,13.0,0.0
The Bahamas,2020-07-19,124.0,322.0,91.0,11.0,0.0887,,,0.0,0.0
The Bahamas,2020-07-19,138.0,358.0,91.0,11.0,0.0797,,,14.0,0.0
The Bahamas,2020-07-21,138.0,358.0,91.0,11.0,0.0797,,,0.0,0.0
The Bahamas,2020-07-22,138.0,358.0,91.0,11.0,0.0797,,,0.0,0.0
The Bahamas,2020-07-23,174.0,452.0,0.0,11.0,0.0632,,,36.0,0.0
The Bahamas,2020-07-24,194.0,503.0,91.0,11.0,0.0567,,,20.0,0.0
The Bahamas,2020-07-25,316.0,820.0,91.0,11.0,0.0348,,,122.0,0.0
The Bahamas,2020-07-26,316.0,820.0,91.0,11.0,0.0348,,,0.0,0.0
The Bahamas,2020-07-27,326.0,846.0,91.0,11.0,0.0337,,,10.0,0.0
The Bahamas,2020-07-28,382.0,991.0,91.0,11.0,0.0288,,,56.0,0.0
The Bahamas,2020-07-29,447.0,1160.0,91.0,11.0,0.0246,,,65.0,0.0
The Bahamas,2020-07-30,447.0,1160.0,91.0,11.0,0.0246,,,0.0,0.0
The Bahamas,2020-07-31,484.0,1256.0,91.0,11.0,0.0227,,,37.0,0.0
The Bahamas,2020-08-01,574.0,1490.0,91.0,14.0,0.0244,,,90.0,3.0
The Bahamas,2020-08-02,574.0,1490.0,91.0,14.0,0.0244,,,0.0,0.0
The Bahamas,2020-08-03,599.0,1554.0,91.0,14.0,0.0234,,,25.0,0.0
The Bahamas,2020-08-04,648.0,1682.0,91.0,14.0,0.0216,,,49.0,0.0
The Bahamas,2020-08-05,679.0,1762.0,91.0,14.0,0.0206,,,31.0,0.0
The Bahamas,2020-08-06,715.0,1856.0,91.0,14.0,0.0196,,,36.0,0.0
The Bahamas,2020-08-07,751.0,1949.0,91.0,14.0,0.0186,,,36.0,0.0
The Bahamas,2020-08-08,761.0,1975.0,91.0,14.0,0.0184,,,10.0,0.0
The Bahamas,2020-08-09,830.0,2154.0,95.0,14.0,0.0169,,,69.0,0.0
The Bahamas,2020-08-10,898.0,2330.0,104.0,15.0,0.0167,,,68.0,1.0
The Bahamas,2020-08-11,898.0,2330.0,104.0,15.0,0.0167,,,0.0,0.0
The Bahamas,2020-08-12,945.0,2452.0,113.0,15.0,0.0159,,,47.0,0.0
The Bahamas,2020-08-13,989.0,2567.0,116.0,15.0,0.0152,,,44.0,0.0
The Bahamas,2020-08-14,1036.0,2689.0,116.0,15.0,0.0145,,,47.0,0.0
The Bahamas,2020-08-15,1089.0,2826.0,138.0,15.0,0.0138,,,53.0,0.0
The Bahamas,2020-08-16,1119.0,2904.0,138.0,17.0,0.0152,,,30.0,2.0
The Bahamas,2020-08-17,1315.0,3413.0,189.0,18.0,0.0137,,,196.0,1.0
The Bahamas,2020-08-18,1315.0,3413.0,189.0,18.0,0.0137,,,0.0,0.0
The Bahamas,2020-08-19,1329.0,3449.0,189.0,18.0,0.0135,,,14.0,0.0
The Bahamas,2020-08-20,1424.0,3695.0,203.0,20.0,0.013999999999999999,,,95.0,2.0
The Bahamas,2020-08-22,1610.0,4178.0,211.0,23.0,0.0143,,,186.0,3.0
The Bahamas,2020-08-23,1704.0,4422.0,221.0,27.0,0.0158,,,94.0,4.0
The Bahamas,2020-08-24,1765.0,4580.0,227.0,29.0,0.0164,,,61.0,2.0
The Bahamas,2020-08-25,1765.0,4580.0,227.0,29.0,0.0164,,,0.0,0.0
The Bahamas,2020-08-26,1798.0,4666.0,634.0,46.0,0.0256,,,33.0,17.0
The Bahamas,2020-08-27,1813.0,4705.0,634.0,48.0,0.0265,,,15.0,2.0
The Bahamas,2020-08-28,1813.0,4705.0,634.0,48.0,0.0265,,,0.0,0.0
The Bahamas,2020-08-29,2020.0,5242.0,742.0,50.0,0.0248,,,207.0,2.0
The Bahamas,2020-08-30,2057.0,5338.0,755.0,40.0,0.0194,,,37.0,0.0
The Bahamas,2020-08-31,2135.0,5541.0,782.0,53.0,0.0248,,,78.0,13.0
The Bahamas,2020-09-01,2167.0,5624.0,782.0,53.0,0.0245,,,32.0,0.0
The Bahamas,2020-09-02,2217.0,5753.0,801.0,57.0,0.0257,,,50.0,4.0
The Bahamas,2020-09-03,2276.0,5906.0,801.0,60.0,0.0264,,,59.0,3.0
The Bahamas,2020-09-04,2337.0,6065.0,849.0,61.0,0.0261,,,61.0,1.0
The Bahamas,2020-09-05,2389.0,6200.0,893.0,63.0,0.0264,,,52.0,2.0
The Bahamas,2020-09-07,2476.0,6425.0,948.0,55.0,0.0222,,,87.0,0.0
The Bahamas,2020-09-08,2546.0,6607.0,976.0,58.0,0.0228,,,70.0,3.0
The Bahamas,2020-09-09,2585.0,6708.0,1008.0,59.0,0.0228,,,39.0,1.0
The Bahamas,2020-09-10,2659.0,6900.0,1088.0,73.0,0.0275,,,74.0,14.0
The Bahamas,2020-09-11,2721.0,7061.0,1189.0,63.0,0.0232,,,62.0,0.0
The Bahamas,2020-09-12,2721.0,7061.0,1189.0,63.0,0.0232,,,0.0,0.0
The Bahamas,2020-09-13,2874.0,7458.0,1285.0,77.0,0.0268,,,153.0,14.0
The Bahamas,2020-09-14,2928.0,7598.0,1319.0,71.0,0.0242,,,54.0,0.0
The Bahamas,2020-09-15,2928.0,7598.0,1319.0,71.0,0.0242,,,0.0,0.0
The Bahamas,2020-09-16,3032.0,7868.0,1482.0,69.0,0.0228,,,104.0,0.0
The Bahamas,2020-09-17,3032.0,7868.0,1482.0,69.0,0.0228,,,0.0,0.0
The Bahamas,2020-09-18,3089.0,8016.0,1153.0,81.0,0.0262,,,57.0,12.0
The Bahamas,2020-09-20,3177.0,8245.0,1626.0,69.0,0.0217,,,88.0,0.0
The Bahamas,2020-09-21,3177.0,8245.0,1626.0,69.0,0.0217,,,0.0,0.0
The Bahamas,2020-09-22,3177.0,8245.0,1626.0,69.0,0.0217,,,0.0,0.0
The Bahamas,2020-09-23,3418.0,8870.0,1771.0,75.0,0.0219,,,241.0,6.0
The Bahamas,2020-09-24,3418.0,0.0,,75.0,0.0219,8870.0,,0.0,0.0
The Bahamas,2020-09-25,3418.0,0.0,,75.0,0.0219,8870.0,,0.0,0.0
The Bahamas,2020-09-26,3699.0,0.0,,75.0,0.0203,9599.0,,281.0,0.0
The Bahamas,2020-09-27,3699.0,0.0,,75.0,0.0203,9599.0,,0.0,0.0
The Bahamas,2020-09-28,3699.0,0.0,,75.0,0.0203,9599.0,,0.0,0.0
The Bahamas,2020-09-29,3699.0,0.0,,75.0,0.0203,9599.0,,0.0,0.0
The Bahamas,2020-09-30,3699.0,0.0,,75.0,0.0203,9599.0,,0.0,0.0
The Bahamas,2020-10-02,4022.0,0.0,,95.0,0.0236,10438.0,,323.0,20.0
The Bahamas,2020-10-03,4123.0,0.0,,96.0,0.0233,10700.0,,101.0,1.0
The Bahamas,2020-10-04,4220.0,0.0,,96.0,0.0227,10951.0,,97.0,0.0
The Bahamas,2020-10-05,4332.0,0.0,,96.0,0.0222,11242.0,,112.0,0.0
The Bahamas,2020-10-06,4409.0,0.0,,96.0,0.0218,11442.0,,77.0,0.0
The Bahamas,2020-10-08,4559.0,0.0,,100.0,0.0219,11831.0,,150.0,4.0
The Bahamas,2020-10-09,4713.0,0.0,,102.0,0.0216,12231.0,,154.0,2.0
The Bahamas,2020-10-10,4713.0,0.0,,102.0,0.0216,12231.0,,0.0,0.0
The Bahamas,2020-10-11,4713.0,0.0,,102.0,0.0216,12231.0,,0.0,0.0
The Bahamas,2020-10-12,5023.0,0.0,,106.0,0.0211,13035.0,,310.0,4.0
The Bahamas,2020-10-13,5078.0,0.0,,107.0,0.0211,13178.0,,55.0,1.0
The Bahamas,2020-10-14,5163.0,0.0,,108.0,0.0209,13399.0,,85.0,1.0
The Bahamas,2020-10-15,5163.0,0.0,,108.0,0.0209,13399.0,,0.0,0.0
The Bahamas,2020-10-18,5517.0,0.0,,114.0,0.0207,14317.0,,354.0,6.0
The Bahamas,2020-10-19,5628.0,0.0,,116.0,0.0206,14605.0,,111.0,2.0
The Bahamas,2020-10-20,5703.0,0.0,,122.0,0.0214,14800.0,,75.0,6.0
The Bahamas,2020-10-22,5923.0,0.0,,124.0,0.0209,15371.0,,220.0,2.0
The Bahamas,2020-10-23,6051.0,0.0,,127.0,0.021,15703.0,,128.0,3.0
The Bahamas,2020-10-24,6135.0,0.0,,130.0,0.0212,15921.0,,84.0,3.0
The Bahamas,2020-10-25,6268.0,0.0,,130.0,0.0207,16266.0,,133.0,0.0
The Bahamas,2020-10-26,6268.0,0.0,,130.0,0.0207,16266.0,,0.0,0.0
The Bahamas,2020-10-27,6410.0,0.0,,132.0,0.0206,16635.0,,142.0,2.0
The Bahamas,2020-10-28,6502.0,16873.0,,136.0,0.0209,,92.0,92.0,4.0
The Bahamas,2020-10-29,6502.0,16873.0,,136.0,0.0209,,92.0,0.0,0.0
The Bahamas,2020-10-30,6549.0,16995.0,,136.0,0.0208,,47.0,47.0,0.0
The Bahamas,2020-10-31,6607.0,17146.0,,138.0,0.0209,,58.0,58.0,2.0
The Bahamas,2020-11-01,6644.0,17242.0,,142.0,0.0214,,37.0,37.0,4.0
The Bahamas,2020-11-02,6714.0,17424.0,,144.0,0.0214,,70.0,70.0,2.0
The Bahamas,2020-11-03,6714.0,17424.0,,144.0,0.0214,,0.0,0.0,0.0
The Bahamas,2020-11-04,6735.0,17478.0,,146.0,0.0217,,21.0,21.0,2.0
