Location,Date,Confirmed,Case_Per_1M_people,Recovered,Deaths,Mortality,Cases per 1 million people,NewCases,NewConfirmed,NewDeaths
Tunisia,2020-03-31,362.0,32.16,2.0,10.0,0.027624309,,,0.0,0.0
Tunisia,2020-04-01,394.0,35.0,3.0,10.0,0.02538071065989848,,,32.0,0.0
Tunisia,2020-04-02,423.0,37.58,5.0,12.0,0.02836879432624113,,,29.0,2.0
Tunisia,2020-04-03,455.0,40.42,5.0,14.0,0.030769230769230767,,,32.0,2.0
Tunisia,2020-04-07,596.0,50.84,5.0,22.0,0.03691275167785235,,,141.0,8.0
Tunisia,2020-04-10,643.0,54.85,25.0,25.0,0.03888024883359253,,,47.0,3.0
Tunisia,2020-04-11,671.0,57.24,25.0,25.0,0.03725782414307005,,,28.0,0.0
Tunisia,2020-04-12,685.0,58.44,43.0,28.0,0.04087591240875912,,,14.0,3.0
Tunisia,2020-04-14,726.0,61.93,43.0,34.0,0.04683195592286502,,,41.0,6.0
Tunisia,2020-04-17,822.0,70.12,43.0,37.0,0.045012165450121655,,,96.0,3.0
Tunisia,2020-04-18,864.0,73.71,43.0,37.0,0.042824074074074084,,,42.0,0.0
Tunisia,2020-04-20,879.0,74.99,43.0,38.0,0.043230944254835035,,,15.0,1.0
Tunisia,2020-04-22,884.0,75.41,148.0,38.0,0.042986425339366516,,,5.0,0.0
Tunisia,2020-04-23,909.0,77.55,190.0,38.0,0.041804180418041806,,,25.0,0.0
Tunisia,2020-04-24,918.0,78.31,190.0,38.0,0.04139433551198257,,,9.0,0.0
Tunisia,2020-04-25,922.0,78.66,194.0,38.0,0.04121475054229935,,,4.0,0.0
Tunisia,2020-04-26,939.0,80.11,207.0,38.0,0.04046858359957402,,,17.0,0.0
Tunisia,2020-04-27,949.0,80.96,216.0,38.0,0.04004214963119072,,,10.0,0.0
Tunisia,2020-04-28,967.0,82.49,279.0,39.0,0.04033092037228542,,,18.0,1.0
Tunisia,2020-04-29,975.0,83.18,279.0,40.0,0.04102564102564103,,,8.0,1.0
Tunisia,2020-04-30,975.0,83.18,279.0,40.0,0.04102564102564103,,,0.0,0.0
Tunisia,2020-05-01,994.0,85.0,305.0,41.0,0.04124748490945674,,,19.0,1.0
Tunisia,2020-05-02,998.0,85.0,3016.0,41.0,0.041082164328657314,,,4.0,0.0
Tunisia,2020-05-03,1009.0,86.0,323.0,42.0,0.04162537165510406,,,11.0,1.0
Tunisia,2020-05-04,1009.0,86.0,323.0,42.0,0.04162537165510406,,,0.0,0.0
Tunisia,2020-05-05,1018.0,87.0,406.0,43.0,0.04223968565815324,,,9.0,1.0
Tunisia,2020-05-06,1022.0,87.0,482.0,43.0,0.042074363992172216,,,4.0,0.0
Tunisia,2020-05-07,1025.0,87.0,591.0,43.0,0.041951219512195125,,,3.0,0.0
Tunisia,2020-05-08,1025.0,87.0,591.0,43.0,0.041951219512195125,,,0.0,0.0
Tunisia,2020-05-09,1026.0,88.0,600.0,44.0,0.0428849902534113,,,1.0,1.0
Tunisia,2020-05-10,1032.0,88.0,660.0,45.0,0.0436046511627907,,,6.0,1.0
Tunisia,2020-05-11,1032.0,88.0,660.0,45.0,0.0436046511627907,,,0.0,0.0
Tunisia,2020-05-12,1032.0,88.0,700.0,45.0,0.0436046511627907,,,0.0,0.0
Tunisia,2020-05-13,1032.0,88.0,740.0,45.0,0.0436046511627907,,,0.0,0.0
Tunisia,2020-05-15,1032.0,88.0,770.0,45.0,0.0436046511627907,,,0.0,0.0
Tunisia,2020-05-16,1035.0,88.0,802.0,45.0,0.043478260869565216,,,3.0,0.0
Tunisia,2020-05-17,1035.0,88.0,802.0,45.0,0.043478260869565216,,,0.0,0.0
Tunisia,2020-05-18,1037.0,88.0,807.0,45.0,0.04339440694310511,,,2.0,0.0
Tunisia,2020-05-19,1037.0,88.0,807.0,45.0,0.04339440694310511,,,0.0,0.0
Tunisia,2020-05-20,1043.0,89.0,819.0,46.0,0.044103547459252164,,,6.0,1.0
,2020-05-21,,,,,,,,,
Tunisia,2020-05-22,1045.0,89.0,862.0,47.0,0.044976076555023926,,,,
Tunisia,2020-05-23,1046.0,89.0,883.0,47.0,0.044933078393881457,,,1.0,0.0
Tunisia,2020-05-24,1048.0,89.0,903.0,47.0,0.044847328244274814,,,2.0,0.0
Tunisia,2020-05-25,1048.0,89.0,914.0,48.0,0.04580152671755725,,,0.0,1.0
Tunisia,2020-05-26,1051.0,90.0,917.0,48.0,0.04567078972407231,,,3.0,0.0
Tunisia,2020-05-27,1051.0,90.0,919.0,48.0,0.04567078972407231,,,0.0,0.0
Tunisia,2020-05-28,1051.0,90.0,929.0,48.0,0.04567078972407231,,,0.0,0.0
Tunisia,2020-05-29,1068.0,91.0,938.0,48.0,0.0449438202247191,,,17.0,0.0
Tunisia,2020-05-30,1071.0,91.0,946.0,48.0,0.04481792717086835,,,3.0,0.0
Tunisia,2020-05-31,1076.0,92.0,950.0,48.0,0.044609665427509285,,,5.0,0.0
Tunisia,2020-06-01,1077.0,92.0,960.0,48.0,0.04456824512534819,,,1.0,0.0
Tunisia,2020-06-02,1084.0,92.0,964.0,48.0,0.044280442804428034,,,7.0,0.0
Tunisia,2020-06-03,1086.0,93.0,965.0,48.0,0.0442,,,2.0,0.0
Tunisia,2020-06-04,1087.0,93.0,965.0,49.0,0.0451,,,1.0,1.0
Tunisia,2020-06-05,1087.0,93.0,965.0,49.0,0.0451,,,0.0,0.0
Tunisia,2020-06-06,1087.0,93.0,969.0,49.0,0.0451,,,0.0,0.0
Tunisia,2020-06-07,1087.0,93.0,977.0,49.0,0.0451,,,0.0,0.0
Tunisia,2020-06-08,1087.0,93.0,982.0,49.0,0.0451,,,0.0,0.0
Tunisia,2020-06-09,1087.0,93.0,982.0,49.0,0.0451,,,0.0,0.0
Tunisia,2020-06-10,1087.0,93.0,982.0,49.0,0.0451,,,0.0,0.0
Tunisia,2020-06-12,1087.0,93.0,989.0,49.0,0.0451,,,0.0,0.0
Tunisia,2020-06-13,1093.0,93.0,995.0,49.0,0.0448,,,6.0,0.0
Tunisia,2020-06-14,1094.0,93.0,995.0,49.0,0.0448,,,1.0,0.0
Tunisia,2020-06-15,1094.0,93.0,995.0,49.0,0.0448,,,0.0,0.0
Tunisia,2020-06-16,1110.0,95.0,999.0,49.0,0.0441,,,16.0,0.0
Tunisia,2020-06-17,1125.0,96.0,1002.0,49.0,0.0436,,,15.0,0.0
Tunisia,2020-06-18,1128.0,96.0,1004.0,50.0,0.0443,,,3.0,1.0
Tunisia,2020-06-19,1132.0,97.0,1006.0,50.0,0.0442,,,4.0,0.0
Tunisia,2020-06-20,1146.0,98.0,1014.0,50.0,0.0436,,,14.0,0.0
Tunisia,2020-06-21,1156.0,99.0,1017.0,50.0,0.0433,,,10.0,0.0
Tunisia,2020-06-22,1157.0,99.0,1020.0,50.0,0.0432,,,1.0,0.0
Tunisia,2020-06-23,1157.0,99.0,1020.0,50.0,0.0432,,,0.0,0.0
Tunisia,2020-06-24,1159.0,99.0,1023.0,50.0,0.0431,,,2.0,0.0
Tunisia,2020-06-25,1160.0,99.0,1023.0,50.0,0.0431,,,1.0,0.0
Tunisia,2020-06-26,1162.0,99.0,1023.0,50.0,0.043,,,2.0,0.0
Tunisia,2020-06-27,1164.0,99.0,1023.0,50.0,0.043,,,2.0,0.0
Tunisia,2020-06-28,1164.0,99.0,1023.0,50.0,0.043,,,0.0,0.0
Tunisia,2020-06-29,1169.0,100.0,1029.0,50.0,0.0428,,,5.0,0.0
Tunisia,2020-06-30,1172.0,100.0,1029.0,50.0,0.0427,,,3.0,0.0
Tunisia,2020-07-01,1172.0,100.0,1029.0,50.0,0.0427,,,0.0,0.0
Tunisia,2020-07-02,1172.0,100.0,1029.0,50.0,0.0427,,,0.0,0.0
Tunisia,2020-07-03,1175.0,100.0,1038.0,50.0,0.0426,,,3.0,0.0
Tunisia,2020-07-04,1181.0,101.0,1045.0,50.0,0.0423,,,6.0,0.0
Tunisia,2020-07-05,1181.0,101.0,1045.0,50.0,0.0423,,,0.0,0.0
Tunisia,2020-07-06,1188.0,101.0,1048.0,50.0,0.0421,,,7.0,0.0
Tunisia,2020-07-07,1199.0,102.0,1049.0,50.0,0.0417,,,11.0,0.0
Tunisia,2020-07-09,1221.0,104.0,1050.0,50.0,0.040999999999999995,,,22.0,0.0
Tunisia,2020-07-10,1221.0,104.0,1050.0,50.0,0.040999999999999995,,,0.0,0.0
Tunisia,2020-07-11,1240.0,106.0,1067.0,50.0,0.0403,,,19.0,0.0
Tunisia,2020-07-12,1240.0,106.0,1067.0,50.0,0.0403,,,0.0,0.0
Tunisia,2020-07-14,1263.0,108.0,0.0,50.0,0.0396,,,23.0,0.0
Tunisia,2020-07-15,1302.0,111.0,0.0,50.0,0.0384,,,39.0,0.0
Tunisia,2020-07-16,1245.0,106.0,0.0,50.0,0.0402,,,0.0,0.0
Tunisia,2020-07-18,1336.0,114.0,0.0,50.0,0.0374,,,91.0,0.0
Tunisia,2020-07-19,1336.0,114.0,0.0,50.0,0.0374,,,0.0,0.0
Tunisia,2020-07-19,1348.0,115.0,1095.0,50.0,0.0371,,,12.0,0.0
Tunisia,2020-07-21,1348.0,115.0,1095.0,50.0,0.0371,,,0.0,0.0
Tunisia,2020-07-22,1374.0,117.0,0.0,50.0,0.0364,,,26.0,0.0
Tunisia,2020-07-23,1389.0,118.0,0.0,50.0,0.036000000000000004,,,15.0,0.0
Tunisia,2020-07-24,1394.0,119.0,1108.0,50.0,0.0359,,,5.0,0.0
Tunisia,2020-07-25,1425.0,122.0,1124.0,50.0,0.0351,,,31.0,0.0
Tunisia,2020-07-26,1425.0,122.0,1124.0,50.0,0.0351,,,0.0,0.0
Tunisia,2020-07-27,1452.0,124.0,1142.0,50.0,0.0344,,,27.0,0.0
Tunisia,2020-07-28,1455.0,124.0,1157.0,50.0,0.0344,,,3.0,0.0
Tunisia,2020-07-29,1468.0,125.0,1168.0,50.0,0.0341,,,13.0,0.0
Tunisia,2020-07-30,1468.0,125.0,1168.0,50.0,0.0341,,,0.0,0.0
Tunisia,2020-07-31,1488.0,127.0,1178.0,50.0,0.0336,,,20.0,0.0
Tunisia,2020-08-01,1535.0,131.0,1195.0,50.0,0.0326,,,47.0,0.0
Tunisia,2020-08-02,1552.0,132.0,1217.0,51.0,0.0329,,,17.0,1.0
Tunisia,2020-08-03,1552.0,132.0,1217.0,51.0,0.0329,,,0.0,0.0
Tunisia,2020-08-04,1561.0,133.0,1221.0,51.0,0.0327,,,9.0,0.0
Tunisia,2020-08-05,1565.0,134.0,1225.0,51.0,0.0326,,,4.0,0.0
Tunisia,2020-08-06,1584.0,135.0,1227.0,51.0,0.0322,,,19.0,0.0
Tunisia,2020-08-07,1601.0,137.0,1233.0,51.0,0.0319,,,17.0,0.0
Tunisia,2020-08-08,1642.0,140.0,1241.0,51.0,0.0311,,,41.0,0.0
Tunisia,2020-08-09,1656.0,141.0,1251.0,51.0,0.0308,,,14.0,0.0
Tunisia,2020-08-10,1697.0,145.0,1263.0,51.0,0.0301,,,41.0,0.0
Tunisia,2020-08-11,1717.0,146.0,1265.0,51.0,0.0297,,,20.0,0.0
Tunisia,2020-08-12,1717.0,146.0,1265.0,51.0,0.0297,,,0.0,0.0
Tunisia,2020-08-13,1780.0,152.0,1278.0,52.0,0.0292,,,63.0,1.0
Tunisia,2020-08-14,1780.0,152.0,1278.0,52.0,0.0292,,,0.0,0.0
Tunisia,2020-08-15,1780.0,152.0,1278.0,52.0,0.0292,,,0.0,0.0
Tunisia,2020-08-16,1780.0,152.0,1278.0,52.0,0.0292,,,0.0,0.0
Tunisia,2020-08-17,2107.0,180.0,1358.0,54.0,0.0256,,,327.0,2.0
Tunisia,2020-08-18,2107.0,180.0,1358.0,54.0,0.0256,,,0.0,0.0
Tunisia,2020-08-19,2314.0,197.0,1370.0,54.0,0.0233,,,207.0,0.0
Tunisia,2020-08-20,2314.0,197.0,1370.0,54.0,0.0233,,,0.0,0.0
Tunisia,2020-08-22,2314.0,197.0,1370.0,54.0,0.0233,,,0.0,0.0
Tunisia,2020-08-23,2543.0,217.0,0.0,63.0,0.0248,,,229.0,9.0
Tunisia,2020-08-24,2543.0,217.0,0.0,63.0,0.0248,,,0.0,0.0
Tunisia,2020-08-25,2543.0,217.0,0.0,63.0,0.0248,,,0.0,0.0
Tunisia,2020-08-26,2893.0,247.0,0.0,71.0,0.0245,,,350.0,8.0
Tunisia,2020-08-27,2893.0,247.0,0.0,71.0,0.0245,,,0.0,0.0
Tunisia,2020-08-28,2893.0,247.0,1454.0,71.0,0.0245,,,0.0,0.0
Tunisia,2020-08-29,3461.0,295.0,1522.0,74.0,0.0214,,,568.0,3.0
Tunisia,2020-08-30,3461.0,295.0,1522.0,74.0,0.0214,,,0.0,0.0
Tunisia,2020-08-31,3461.0,295.0,1522.0,74.0,0.0214,,,0.0,0.0
Tunisia,2020-09-01,3461.0,295.0,1522.0,74.0,0.0214,,,0.0,0.0
Tunisia,2020-09-02,3685.0,314.0,0.0,76.0,0.0206,,,224.0,2.0
Tunisia,2020-09-03,3685.0,314.0,0.0,76.0,0.0206,,,0.0,0.0
Tunisia,2020-09-04,4394.0,375.0,1681.0,84.0,0.0191,,,709.0,8.0
Tunisia,2020-09-05,4394.0,375.0,1681.0,84.0,0.0191,,,0.0,0.0
Tunisia,2020-09-07,4776.0,407.0,1701.0,93.0,0.0195,,,382.0,9.0
Tunisia,2020-09-08,4776.0,407.0,1701.0,93.0,0.0195,,,0.0,0.0
Tunisia,2020-09-09,5124.0,437.0,1788.0,94.0,0.0183,,,348.0,1.0
Tunisia,2020-09-10,5124.0,437.0,1788.0,94.0,0.0183,,,0.0,0.0
Tunisia,2020-09-11,5124.0,437.0,1788.0,94.0,0.0183,,,0.0,0.0
Tunisia,2020-09-12,5882.0,502.0,1904.0,99.0,0.0168,,,758.0,5.0
Tunisia,2020-09-13,6635.0,566.0,1991.0,107.0,0.0161,,,753.0,8.0
Tunisia,2020-09-14,6635.0,566.0,1991.0,107.0,0.0161,,,0.0,0.0
Tunisia,2020-09-15,7382.0,630.0,2125.0,117.0,0.0158,,,747.0,10.0
Tunisia,2020-09-16,7382.0,630.0,2125.0,117.0,0.0158,,,0.0,0.0
Tunisia,2020-09-17,7382.0,630.0,2125.0,117.0,0.0158,,,0.0,0.0
Tunisia,2020-09-18,8100.0,691.0,2309.0,129.0,0.0159,,,718.0,12.0
Tunisia,2020-09-20,8570.0,731.0,2342.0,133.0,0.0155,,,470.0,4.0
Tunisia,2020-09-21,9736.0,831.0,2386.0,155.0,0.0159,,,1166.0,22.0
Tunisia,2020-09-22,9736.0,831.0,2386.0,155.0,0.0159,,,0.0,0.0
Tunisia,2020-09-23,10732.0,916.0,2386.0,159.0,0.0148,,,996.0,4.0
Tunisia,2020-09-24,12479.0,0.0,,174.0,0.0139,1065.0,,1747.0,15.0
Tunisia,2020-09-25,13305.0,0.0,,180.0,0.0135,1135.0,,826.0,6.0
Tunisia,2020-09-26,13305.0,0.0,,180.0,0.0135,1135.0,,0.0,0.0
Tunisia,2020-09-27,13305.0,0.0,,180.0,0.0135,1135.0,,0.0,0.0
Tunisia,2020-09-28,15178.0,0.0,,207.0,0.0136,1295.0,,1873.0,27.0
Tunisia,2020-09-29,15178.0,0.0,,207.0,0.0136,1295.0,,0.0,0.0
Tunisia,2020-09-30,17405.0,0.0,,246.0,0.0141,1485.0,,2227.0,39.0
Tunisia,2020-10-02,18413.0,0.0,,265.0,0.0144,1571.0,,1008.0,19.0
Tunisia,2020-10-03,18413.0,0.0,,265.0,0.0144,1571.0,,0.0,0.0
Tunisia,2020-10-04,19721.0,0.0,,271.0,0.0137,1682.0,,1308.0,6.0
Tunisia,2020-10-05,20944.0,0.0,,276.0,0.0132,1787.0,,1223.0,5.0
Tunisia,2020-10-06,22230.0,0.0,,321.0,0.0144,1896.0,,1286.0,45.0
Tunisia,2020-10-08,22230.0,0.0,,321.0,0.0144,1896.0,,0.0,0.0
Tunisia,2020-10-09,24542.0,0.0,,364.0,0.0148,2094.0,,2312.0,43.0
Tunisia,2020-10-10,26899.0,0.0,,409.0,0.0152,2295.0,,2357.0,45.0
Tunisia,2020-10-11,26899.0,0.0,,409.0,0.0152,2295.0,,0.0,0.0
Tunisia,2020-10-12,31259.0,0.0,,456.0,0.0146,2667.0,,4360.0,47.0
Tunisia,2020-10-13,32556.0,0.0,,478.0,0.0147,2777.0,,1297.0,22.0
Tunisia,2020-10-14,32556.0,0.0,,478.0,0.0147,2777.0,,0.0,0.0
Tunisia,2020-10-15,32556.0,0.0,,478.0,0.0147,2777.0,,0.0,0.0
Tunisia,2020-10-18,34790.0,0.0,,512.0,0.0147,2968.0,,2234.0,34.0
Tunisia,2020-10-19,40542.0,0.0,,626.0,0.0154,3459.0,,5752.0,114.0
Tunisia,2020-10-20,40542.0,0.0,,626.0,0.0154,3459.0,,0.0,0.0
Tunisia,2020-10-22,44450.0,0.0,,711.0,0.016,3792.0,,3908.0,85.0
Tunisia,2020-10-23,45892.0,0.0,,740.0,0.0161,3915.0,,1442.0,29.0
Tunisia,2020-10-24,45892.0,0.0,,740.0,0.0161,3915.0,,0.0,0.0
Tunisia,2020-10-25,47214.0,0.0,,784.0,0.0166,4028.0,,1322.0,44.0
Tunisia,2020-10-26,48799.0,0.0,,819.0,0.0168,4163.0,,1585.0,35.0
Tunisia,2020-10-27,48799.0,0.0,,819.0,0.0168,4163.0,,0.0,0.0
Tunisia,2020-10-28,52399.0,4470.0,,983.0,0.0188,,0.0,3600.0,164.0
Tunisia,2020-10-29,52399.0,4470.0,,983.0,0.0188,,0.0,0.0,0.0
Tunisia,2020-10-30,54278.0,4630.0,,1153.0,0.0212,,1879.0,1879.0,170.0
Tunisia,2020-10-31,54278.0,4630.0,,1153.0,0.0212,,0.0,0.0,0.0
Tunisia,2020-11-01,58029.0,4950.0,,1253.0,0.0216,,3751.0,3751.0,100.0
Tunisia,2020-11-02,59813.0,5103.0,,1317.0,0.022000000000000002,,1784.0,1784.0,64.0
Tunisia,2020-11-03,61115.0,5214.0,,1348.0,0.0221,,1302.0,1302.0,31.0
Tunisia,2020-11-04,61906.0,5281.0,,1381.0,0.0223,,791.0,791.0,33.0
Tunisia,2020-11-05,63126.0,5385.0,,1483.0,0.0235,,1220.0,1220.0,102.0
Tunisia,2020-11-06,64363.0,5491.0,,1512.0,0.0235,,1237.0,1237.0,29.0
