Location,Date,Confirmed,Case_Per_1M_people,Recovered,Deaths,Mortality,Cases per 1 million people,NewConfirmed,NewDeaths
Turkey,2020-03-31,10827,129.35,162.0,168,0.015516763999999999,,0,0
Turkey,2020-04-01,13531,161.65,243.0,214,0.015815534698100656,,2704,46
Turkey,2020-04-02,15679,187.31,333.0,277,0.017666943044837045,,2148,63
Turkey,2020-04-03,18135,216.65,415.0,356,0.019630548662806727,,2456,79
Turkey,2020-04-07,30217,363.38,1326.0,649,0.021477975973789587,,12082,293
Turkey,2020-04-10,42282,508.47,2142.0,908,0.02147485927817984,,12065,259
Turkey,2020-04-11,47029,565.56,2423.0,1006,0.021391056582108908,,4747,98
Turkey,2020-04-12,52167,627.35,2965.0,1101,0.02110529645177986,,5138,95
Turkey,2020-04-14,61049,734.16,3957.0,1296,0.02122884895739488,,8882,195
Turkey,2020-04-17,74193,892.23,7089.0,1643,0.022144946288733442,,13144,347
Turkey,2020-04-18,78546,944.57,8631.0,1769,0.022521834339113384,,4353,126
Turkey,2020-04-20,86306,1037.89,11976.0,2017,0.02337033346464904,,7760,248
Turkey,2020-04-22,95591,1149.55,14918.0,2259,0.02363193187643188,,9285,242
Turkey,2020-04-23,98674,1186.63,16477.0,2376,0.02407929140401727,,3083,117
Turkey,2020-04-24,101790,1224.1,18491.0,2491,0.024471952058158955,,3116,115
Turkey,2020-04-25,104912,1261.64,21737.0,2600,0.024782675003812718,,3122,109
Turkey,2020-04-26,107773,1296.05,25582.0,2706,0.02510832954450558,,2861,106
Turkey,2020-04-27,110130,1324.39,29140.0,2805,0.02546989921002452,,2357,99
Turkey,2020-04-28,112261,1350.02,33791.0,2900,0.025832657824177586,,2131,95
Turkey,2020-04-29,114653,1378.79,38809.0,2992,0.026096133550801117,,2392,92
Turkey,2020-04-30,114653,1378.79,38809.0,2992,0.026096133550801117,,0,0
Turkey,2020-05-01,120204,1446.0,48886.0,3174,0.026405111310771688,,5551,182
Turkey,2020-05-02,122392,1472.0,53808.0,3258,0.026619386888031896,,2188,84
Turkey,2020-05-03,124375,1496.0,58259.0,3336,0.026822110552763817,,1983,78
Turkey,2020-05-04,124375,1496.0,58259.0,3336,0.026822110552763817,,0,0
Turkey,2020-05-05,127659,1535.0,68166.0,3461,0.02711128866746567,,3284,125
Turkey,2020-05-06,129491,1557.0,73285.0,3520,0.027183356372257533,,1832,59
Turkey,2020-05-07,131744,1584.0,78202.0,3584,0.027204274957493318,,2253,64
Turkey,2020-05-08,133721,1608.0,82984.0,3641,0.02722833361999985,,1977,57
Turkey,2020-05-09,135569,1630.0,86396.0,3689,0.02721123560696029,,1848,48
Turkey,2020-05-10,137115,1649.0,89480.0,3739,0.027269080698683588,,1546,50
Turkey,2020-05-11,138657,1667.0,92691.0,3786,0.027304788074168636,,1542,47
Turkey,2020-05-12,139771,1681.0,95780.0,3841,0.02748066480171137,,1114,55
Turkey,2020-05-13,141475,1701.0,98889.0,3894,0.027524297579077574,,1704,53
Turkey,2020-05-15,144749,1741.0,104030.0,4007,0.02768240195096339,,3274,113
Turkey,2020-05-16,146457,1761.0,106133.0,4055,0.02768730753736592,,1708,48
Turkey,2020-05-17,148067,1781.0,108137.0,4096,0.02766315249177737,,1610,41
Turkey,2020-05-18,149435,1797.0,109962.0,4140,0.027704353063204738,,1368,44
Turkey,2020-05-19,150593,1811.0,111577.0,4171,0.02769717051921404,,1158,31
Turkey,2020-05-20,151615,1823.0,112895.0,4199,0.02769514889687696,,1022,28
Turkey,2020-05-21,152587,1835.0,113987.0,4222,0.02766946070110822,,972,23
Turkey,2020-05-22,153548,1847.0,114990.0,4249,0.027672128585198116,,961,27
Turkey,2020-05-23,154500,1858.0,116111.0,4276,0.027676375404530745,,952,27
Turkey,2020-05-24,155686,1872.0,117602.0,4308,0.027671081535912027,,1186,32
Turkey,2020-05-25,156827,1886.0,118694.0,4340,0.027673806168580662,,1141,32
Turkey,2020-05-26,157814,1898.0,120015.0,4369,0.02768448933554691,,987,29
Turkey,2020-05-27,158762,1909.0,121507.0,4397,0.027695544273818668,,948,28
Turkey,2020-05-28,159797,1922.0,122793.0,4431,0.02772893108130941,,1035,34
Turkey,2020-05-29,160979,1936.0,124369.0,4461,0.02771168910230527,,1182,30
Turkey,2020-05-30,162120,1950.0,125963.0,4489,0.02768936590180113,,1141,28
Turkey,2020-05-31,163103,1961.0,126984.0,4515,0.02768189426313434,,983,26
Turkey,2020-06-01,163942,1972.0,127973.0,4540,0.02769272059630845,,839,25
Turkey,2020-06-02,164769,1981.0,128947.0,4563,0.02769331609708137,,827,23
Turkey,2020-06-03,165555,1991.0,129921.0,4585,0.0277,,786,22
Turkey,2020-06-04,166422,2001.0,130852.0,4609,0.0277,,867,24
Turkey,2020-06-05,167410,2013.0,131778.0,4630,0.0277,,988,21
Turkey,2020-06-06,168340,2024.0,133400.0,4648,0.0276,,930,18
Turkey,2020-06-07,169218,2035.0,135322.0,4669,0.0276,,878,21
Turkey,2020-06-08,170132,2046.0,137969.0,4692,0.0276,,914,23
Turkey,2020-06-09,171121,2058.0,141380.0,4711,0.0275,,989,19
Turkey,2020-06-10,172114,2070.0,144598.0,4729,0.0275,,993,18
Turkey,2020-06-12,174023,2093.0,147860.0,4763,0.0274,,1909,34
Turkey,2020-06-13,175218,2107.0,149102.0,4778,0.0273,,1195,15
Turkey,2020-06-14,176677,2125.0,150087.0,4792,0.0271,,1459,14
Turkey,2020-06-15,176677,2125.0,150087.0,4792,0.0271,,0,0
Turkey,2020-06-16,179831,2163.0,152364.0,4825,0.0268,,3154,33
Turkey,2020-06-17,181298,2180.0,153379.0,4842,0.0267,,1467,17
Turkey,2020-06-18,182727,2197.0,154640.0,4861,0.0266,,1429,19
Turkey,2020-06-19,184031,2213.0,156022.0,4882,0.0265,,1304,21
Turkey,2020-06-20,185245,2228.0,157516.0,4905,0.0265,,1214,23
Turkey,2020-06-21,186493,2243.0,158828.0,4927,0.0264,,1248,22
Turkey,2020-06-22,187685,2257.0,160240.0,4950,0.0264,,1192,23
Turkey,2020-06-23,188897,2272.0,161533.0,4974,0.0263,,1212,24
Turkey,2020-06-24,190165,2287.0,162848.0,5001,0.0263,,1268,27
Turkey,2020-06-25,191657,2305.0,164234.0,5025,0.0262,,1492,24
Turkey,2020-06-26,193115,2322.0,165706.0,5046,0.0261,,1458,21
Turkey,2020-06-27,194511,2339.0,167198.0,5065,0.026000000000000002,,1396,19
Turkey,2020-06-28,195883,2356.0,169182.0,5082,0.0259,,1372,17
Turkey,2020-06-29,197239,2372.0,170595.0,5097,0.0258,,1356,15
Turkey,2020-06-30,198613,2388.0,171809.0,5115,0.0258,,1374,18
Turkey,2020-07-01,199906,2404.0,173111.0,5131,0.0257,,1293,16
Turkey,2020-07-02,199906,2404.0,173111.0,5131,0.0257,,0,0
Turkey,2020-07-03,202284,2433.0,0.0,5167,0.0255,,2378,36
Turkey,2020-07-04,203456,2447.0,178278.0,5186,0.0255,,1172,19
Turkey,2020-07-05,204610,2461.0,179492.0,5206,0.0254,,1154,20
Turkey,2020-07-06,205758,2474.0,180680.0,5225,0.0254,,1148,19
Turkey,2020-07-07,206844,2487.0,182995.0,5241,0.0253,,1086,16
Turkey,2020-07-09,208938,2513.0,187511.0,5282,0.0253,,2094,41
Turkey,2020-07-10,209962,2525.0,0.0,5300,0.0252,,1024,18
Turkey,2020-07-11,210965,2537.0,191883.0,5323,0.0252,,1003,23
Turkey,2020-07-12,211981,2549.0,0.0,5344,0.0252,,1016,21
Turkey,2020-07-13,211981,2549.0,0.0,5344,0.0252,,0,0
Turkey,2020-07-14,214001,2574.0,195671.0,5382,0.0251,,2020,38
Turkey,2020-07-15,214993,2585.0,196720.0,5402,0.0251,,992,20
Turkey,2020-07-16,215940,2597.0,0.0,5419,0.0251,,947,17
Turkey,2020-07-18,217799,2619.0,199834.0,5458,0.0251,,1859,39
Turkey,2020-07-19,218717,2630.0,201013.0,5475,0.025,,918,17
Turkey,2020-07-19,218717,2630.0,201013.0,5475,0.025,,0,0
Turkey,2020-07-21,220572,2653.0,203002.0,5508,0.025,,1855,33
Turkey,2020-07-22,221500,2664.0,204011.0,5526,0.0249,,928,18
Turkey,2020-07-23,222402,2675.0,205214.0,5545,0.0249,,902,19
Turkey,2020-07-24,223315,2686.0,0.0,5563,0.0249,,913,18
Turkey,2020-07-25,224252,2697.0,207374.0,5580,0.0249,,937,17
Turkey,2020-07-26,225173,2708.0,208477.0,5596,0.0249,,921,16
Turkey,2020-07-27,226100,2719.0,209487.0,5613,0.0248,,927,17
Turkey,2020-07-28,227019,2730.0,210469.0,5630,0.0248,,919,17
Turkey,2020-07-29,227982,2742.0,211561.0,5645,0.0248,,963,15
Turkey,2020-07-30,228924,2753.0,212557.0,5659,0.0247,,942,14
Turkey,2020-07-31,229891,2765.0,213539.0,5674,0.0247,,967,15
Turkey,2020-08-01,230873,2776.0,214535.0,5691,0.0246,,982,17
Turkey,2020-08-02,231869,2788.0,215516.0,5710,0.0246,,996,19
Turkey,2020-08-03,232856,2800.0,216494.0,5728,0.0246,,987,18
Turkey,2020-08-04,233851,2812.0,217497.0,5747,0.0246,,995,19
Turkey,2020-08-05,234934,2825.0,0.0,5765,0.0245,,1083,18
Turkey,2020-08-06,236112,2839.0,219506.0,5784,0.0245,,1178,19
Turkey,2020-08-07,236112,2839.0,219506.0,5784,0.0245,,0,0
Turkey,2020-08-08,238450,2868.0,221574.0,5813,0.0244,,2338,29
Turkey,2020-08-09,239622,2882.0,222656.0,5829,0.0243,,1172,16
Turkey,2020-08-10,240804,2896.0,223759.0,5844,0.0243,,1182,15
Turkey,2020-08-11,241997,2910.0,224970.0,5858,0.0242,,1193,14
Turkey,2020-08-12,243180,2924.0,226155.0,5873,0.0242,,1183,15
Turkey,2020-08-13,243180,2924.0,226155.0,5873,0.0242,,0,0
Turkey,2020-08-14,244392,2939.0,227089.0,5891,0.0241,,1212,18
Turkey,2020-08-15,246861,2969.0,228980.0,5934,0.024,,2469,43
Turkey,2020-08-16,248117,2984.0,229972.0,5955,0.024,,1256,21
Turkey,2020-08-17,249309,2998.0,230969.0,5974,0.024,,1192,19
Turkey,2020-08-18,249309,2998.0,230969.0,5974,0.024,,0,0
Turkey,2020-08-19,251805,3028.0,232913.0,6016,0.0239,,2496,42
Turkey,2020-08-20,253108,3044.0,233915.0,6039,0.0239,,1303,23
Turkey,2020-08-22,255723,3075.0,235569.0,6080,0.0238,,2615,41
Turkey,2020-08-23,257032,3091.0,236370.0,6102,0.0237,,1309,22
Turkey,2020-08-24,258249,3106.0,237165.0,6121,0.0237,,1217,19
Turkey,2020-08-25,259692,3123.0,237908.0,6139,0.0236,,1443,18
Turkey,2020-08-26,261194,3141.0,238795.0,6163,0.0236,,1502,24
Turkey,2020-08-27,262507,3157.0,239797.0,6183,0.0236,,1313,20
Turkey,2020-08-28,263998,3175.0,240792.0,6209,0.0235,,1491,26
Turkey,2020-08-29,265515,3193.0,241809.0,6245,0.0235,,1517,36
Turkey,2020-08-30,267064,3212.0,242812.0,6284,0.0235,,1549,39
Turkey,2020-08-31,268546,3229.0,243839.0,6326,0.0236,,1482,42
Turkey,2020-09-01,270133,3249.0,244926.0,6370,0.0236,,1587,44
Turkey,2020-09-02,271705,3267.0,0.0,6417,0.0236,,1572,47
Turkey,2020-09-03,273301,3287.0,246876.0,6462,0.0236,,1596,45
Turkey,2020-09-04,274943,3306.0,248087.0,6511,0.0237,,1642,49
Turkey,2020-09-05,276555,3326.0,249108.0,6564,0.0237,,1612,53
Turkey,2020-09-07,279806,3365.0,251105.0,6673,0.0238,,3251,109
Turkey,2020-09-08,281509,3385.0,252152.0,6730,0.0239,,1703,57
Turkey,2020-09-09,283270,3407.0,253245.0,6782,0.0239,,1761,52
Turkey,2020-09-10,284943,3427.0,254188.0,6837,0.024,,1673,55
Turkey,2020-09-11,286455,3445.0,255407.0,6895,0.0241,,1512,58
Turkey,2020-09-12,288126,3465.0,256524.0,6951,0.0241,,1671,56
Turkey,2020-09-13,289635,3483.0,257731.0,6999,0.0242,,1509,48
Turkey,2020-09-14,291162,3501.0,258833.0,7056,0.0242,,1527,57
Turkey,2020-09-15,292878,3522.0,260058.0,7119,0.0243,,1716,63
Turkey,2020-09-16,294620,3543.0,261260.0,7186,0.0244,,1742,67
Turkey,2020-09-17,296391,3564.0,262602.0,7249,0.0245,,1771,63
Turkey,2020-09-18,298039,3584.0,263745.0,7315,0.0245,,1648,66
Turkey,2020-09-20,301348,3624.0,266117.0,7445,0.0247,,3309,130
Turkey,2020-09-21,302867,3642.0,266117.0,7506,0.0248,,1519,61
Turkey,2020-09-22,304610,3663.0,268435.0,7548,0.0248,,1743,42
Turkey,2020-09-23,306302,3684.0,269696.0,7639,0.0249,,1692,91
Turkey,2020-09-24,308069,0.0,,7711,0.025,3705.0,1767,72
Turkey,2020-09-25,309790,0.0,,7785,0.0251,3725.0,1721,74
Turkey,2020-09-26,311455,0.0,,7858,0.0252,3745.0,1665,73
Turkey,2020-09-27,312966,0.0,,7929,0.0253,3764.0,1511,71
Turkey,2020-09-28,314433,0.0,,7997,0.0254,3781.0,1467,68
Turkey,2020-09-29,315845,0.0,,8062,0.0255,3798.0,1412,65
Turkey,2020-09-30,317272,0.0,,8130,0.0256,3815.0,1427,68
Turkey,2020-10-02,320070,0.0,,8262,0.0258,3849.0,2798,132
Turkey,2020-10-03,320070,0.0,,8262,0.0258,3849.0,0,0
Turkey,2020-10-04,321512,0.0,,8325,0.0259,3866.0,1442,63
Turkey,2020-10-05,323014,0.0,,8384,0.026000000000000002,3884.0,1502,59
Turkey,2020-10-06,324443,0.0,,8441,0.026000000000000002,3902.0,1429,57
Turkey,2020-10-08,327557,0.0,,8553,0.0261,3939.0,3114,112
Turkey,2020-10-09,329138,0.0,,8609,0.0262,3958.0,1581,56
Turkey,2020-10-10,330753,0.0,,8667,0.0262,3978.0,1615,58
Turkey,2020-10-11,332382,0.0,,8722,0.0262,3997.0,1629,55
Turkey,2020-10-12,334031,0.0,,8778,0.0263,4017.0,1649,56
Turkey,2020-10-13,335533,0.0,,8837,0.0263,4035.0,1502,59
Turkey,2020-10-14,337147,0.0,,8895,0.0264,4054.0,1614,58
Turkey,2020-10-15,338779,0.0,,8957,0.0264,4074.0,1632,62
Turkey,2020-10-18,343955,0.0,,9153,0.0266,4136.0,5176,196
Turkey,2020-10-19,345678,0.0,,9224,0.0267,4157.0,1723,71
Turkey,2020-10-20,347493,0.0,,9296,0.0268,4179.0,1815,72
Turkey,2020-10-22,351413,0.0,,9445,0.0269,4226.0,3920,149
Turkey,2020-10-23,353426,0.0,,9513,0.0269,4250.0,2013,68
Turkey,2020-10-24,355528,0.0,,9584,0.027000000000000003,4275.0,2102,71
Turkey,2020-10-25,357693,0.0,,9658,0.027000000000000003,4302.0,2165,74
Turkey,2020-10-26,359784,0.0,,9727,0.027000000000000003,4327.0,2091,69
Turkey,2020-10-27,361801,0.0,,9799,0.0271,4351.0,2017,72
Turkey,2020-10-28,363999,0.0,,9874,0.0271,4377.0,2198,75
