Location,Date,Confirmed,Case_Per_1M_people,Recovered,Deaths,Mortality,Cases per 1 million people,NewCases,NewConfirmed,NewDeaths
Uganda,2020-03-31,33.0,0.91,0.0,0.0,0.0,,,0.0,0.0
Uganda,2020-04-01,44.0,1.21,0.0,0.0,0.0,,,11.0,0.0
Uganda,2020-04-02,44.0,1.21,0.0,0.0,0.0,,,0.0,0.0
Uganda,2020-04-03,45.0,1.24,0.0,0.0,0.0,,,1.0,0.0
Uganda,2020-04-07,52.0,1.29,0.0,0.0,0.0,,,7.0,0.0
Uganda,2020-04-10,53.0,1.32,0.0,0.0,0.0,,,1.0,0.0
Uganda,2020-04-11,53.0,1.32,0.0,0.0,0.0,,,0.0,0.0
Uganda,2020-04-12,53.0,1.32,0.0,0.0,0.0,,,0.0,0.0
Uganda,2020-04-14,54.0,1.34,4.0,0.0,0.0,,,1.0,0.0
Uganda,2020-04-17,55.0,1.36,4.0,0.0,0.0,,,1.0,0.0
Uganda,2020-04-18,56.0,1.39,20.0,0.0,0.0,,,1.0,0.0
Uganda,2020-04-20,55.0,1.36,20.0,0.0,0.0,,,0.0,0.0
Uganda,2020-04-22,61.0,1.51,38.0,0.0,0.0,,,6.0,0.0
Uganda,2020-04-23,63.0,1.56,45.0,0.0,0.0,,,2.0,0.0
Uganda,2020-04-24,74.0,1.84,46.0,0.0,0.0,,,11.0,0.0
Uganda,2020-04-25,75.0,1.86,46.0,0.0,0.0,,,1.0,0.0
Uganda,2020-04-26,75.0,1.86,46.0,0.0,0.0,,,0.0,0.0
Uganda,2020-04-27,79.0,1.96,46.0,0.0,0.0,,,4.0,0.0
Uganda,2020-04-28,79.0,1.96,47.0,0.0,0.0,,,0.0,0.0
Uganda,2020-04-29,79.0,1.96,52.0,0.0,0.0,,,0.0,0.0
Uganda,2020-04-30,79.0,1.96,52.0,0.0,0.0,,,0.0,0.0
Uganda,2020-05-01,83.0,2.0,52.0,0.0,0.0,,,4.0,0.0
Uganda,2020-05-02,85.0,2.0,52.0,0.0,0.0,,,2.0,0.0
Uganda,2020-05-03,88.0,2.0,52.0,0.0,0.0,,,3.0,0.0
Uganda,2020-05-04,88.0,2.0,52.0,0.0,0.0,,,0.0,0.0
Uganda,2020-05-05,97.0,2.0,55.0,0.0,0.0,,,9.0,0.0
Uganda,2020-05-06,98.0,2.0,55.0,0.0,0.0,,,1.0,0.0
Uganda,2020-05-07,100.0,2.0,55.0,0.0,0.0,,,2.0,0.0
Uganda,2020-05-08,101.0,3.0,55.0,0.0,0.0,,,1.0,0.0
Uganda,2020-05-09,101.0,3.0,55.0,0.0,0.0,,,0.0,0.0
Uganda,2020-05-10,116.0,3.0,55.0,0.0,0.0,,,15.0,0.0
Uganda,2020-05-11,121.0,3.0,55.0,0.0,0.0,,,5.0,0.0
Uganda,2020-05-12,121.0,3.0,55.0,0.0,0.0,,,0.0,0.0
Uganda,2020-05-13,126.0,3.0,55.0,0.0,0.0,,,5.0,0.0
Uganda,2020-05-15,160.0,4.0,63.0,0.0,0.0,,,34.0,0.0
Uganda,2020-05-16,203.0,5.0,63.0,0.0,0.0,,,43.0,0.0
Uganda,2020-05-17,203.0,5.0,63.0,0.0,0.0,,,0.0,0.0
Uganda,2020-05-18,227.0,6.0,63.0,0.0,0.0,,,24.0,0.0
Uganda,2020-05-19,260.0,6.0,63.0,0.0,0.0,,,33.0,0.0
Uganda,2020-05-20,260.0,6.0,63.0,0.0,0.0,,,0.0,0.0
,2020-05-21,,,,,,,,,
Uganda,2020-05-22,145.0,4.0,65.0,0.0,0.0,,,,
Uganda,2020-05-23,175.0,4.0,68.0,0.0,0.0,,,30.0,0.0
Uganda,2020-05-24,198.0,5.0,68.0,0.0,0.0,,,23.0,0.0
Uganda,2020-05-25,198.0,5.0,68.0,0.0,0.0,,,0.0,0.0
Uganda,2020-05-26,212.0,5.0,68.0,0.0,0.0,,,14.0,0.0
Uganda,2020-05-27,253.0,6.0,69.0,0.0,0.0,,,41.0,0.0
Uganda,2020-05-28,281.0,7.0,69.0,0.0,0.0,,,28.0,0.0
Uganda,2020-05-29,317.0,8.0,69.0,0.0,0.0,,,36.0,0.0
Uganda,2020-05-30,329.0,8.0,72.0,0.0,0.0,,,12.0,0.0
Uganda,2020-05-31,413.0,10.0,72.0,0.0,0.0,,,84.0,0.0
Uganda,2020-06-01,417.0,10.0,72.0,0.0,0.0,,,4.0,0.0
Uganda,2020-06-02,457.0,11.0,72.0,0.0,0.0,,,40.0,0.0
Uganda,2020-06-03,489.0,12.0,82.0,0.0,0.0,,,32.0,0.0
Uganda,2020-06-04,507.0,13.0,82.0,0.0,0.0,,,18.0,0.0
Uganda,2020-06-05,522.0,13.0,82.0,0.0,0.0,,,15.0,0.0
Uganda,2020-06-06,557.0,14.0,82.0,0.0,0.0,,,35.0,0.0
Uganda,2020-06-07,593.0,15.0,82.0,0.0,0.0,,,36.0,0.0
Uganda,2020-06-08,616.0,15.0,96.0,0.0,0.0,,,23.0,0.0
Uganda,2020-06-09,646.0,16.0,103.0,0.0,0.0,,,30.0,0.0
Uganda,2020-06-10,657.0,16.0,118.0,0.0,0.0,,,11.0,0.0
Uganda,2020-06-12,679.0,17.0,161.0,0.0,0.0,,,22.0,0.0
Uganda,2020-06-13,686.0,17.0,161.0,0.0,0.0,,,7.0,0.0
Uganda,2020-06-14,694.0,17.0,219.0,0.0,0.0,,,8.0,0.0
Uganda,2020-06-15,694.0,17.0,219.0,0.0,0.0,,,0.0,0.0
Uganda,2020-06-16,705.0,17.0,299.0,0.0,0.0,,,11.0,0.0
Uganda,2020-06-17,724.0,18.0,351.0,0.0,0.0,,,19.0,0.0
Uganda,2020-06-18,732.0,18.0,420.0,0.0,0.0,,,8.0,0.0
Uganda,2020-06-19,741.0,18.0,486.0,0.0,0.0,,,9.0,0.0
Uganda,2020-06-20,755.0,19.0,492.0,0.0,0.0,,,14.0,0.0
Uganda,2020-06-21,763.0,19.0,492.0,0.0,0.0,,,8.0,0.0
Uganda,2020-06-22,770.0,19.0,4578.0,0.0,0.0,,,7.0,0.0
Uganda,2020-06-23,770.0,19.0,578.0,0.0,0.0,,,0.0,0.0
Uganda,2020-06-24,797.0,20.0,699.0,0.0,0.0,,,27.0,0.0
Uganda,2020-06-25,805.0,20.0,717.0,0.0,0.0,,,8.0,0.0
Uganda,2020-06-26,821.0,20.0,731.0,0.0,0.0,,,16.0,0.0
Uganda,2020-06-27,833.0,21.0,761.0,0.0,0.0,,,12.0,0.0
Uganda,2020-06-28,833.0,21.0,761.0,0.0,0.0,,,0.0,0.0
Uganda,2020-06-29,859.0,21.0,794.0,0.0,0.0,,,26.0,0.0
Uganda,2020-06-30,870.0,22.0,808.0,0.0,0.0,,,11.0,0.0
Uganda,2020-07-01,870.0,22.0,808.0,0.0,0.0,,,0.0,0.0
Uganda,2020-07-02,870.0,22.0,808.0,0.0,0.0,,,0.0,0.0
Uganda,2020-07-03,893.0,22.0,837.0,0.0,0.0,,,23.0,0.0
Uganda,2020-07-04,911.0,23.0,849.0,0.0,0.0,,,18.0,0.0
Uganda,2020-07-05,911.0,23.0,849.0,0.0,0.0,,,0.0,0.0
Uganda,2020-07-06,939.0,23.0,891.0,0.0,0.0,,,28.0,0.0
Uganda,2020-07-07,953.0,24.0,892.0,0.0,0.0,,,14.0,0.0
Uganda,2020-07-09,977.0,24.0,904.0,0.0,0.0,,,24.0,0.0
Uganda,2020-07-10,977.0,24.0,904.0,0.0,0.0,,,0.0,0.0
Uganda,2020-07-11,1006.0,25.0,938.0,0.0,0.0,,,29.0,0.0
Uganda,2020-07-12,1006.0,25.0,938.0,0.0,0.0,,,0.0,0.0
Uganda,2020-07-14,1025.0,25.0,0.0,0.0,0.0,,,19.0,0.0
Uganda,2020-07-15,1029.0,26.0,0.0,0.0,0.0,,,4.0,0.0
Uganda,2020-07-16,1029.0,26.0,0.0,0.0,0.0,,,0.0,0.0
Uganda,2020-07-18,1051.0,26.0,1014.0,0.0,0.0,,,22.0,0.0
Uganda,2020-07-19,1056.0,26.0,0.0,0.0,0.0,,,5.0,0.0
Uganda,2020-07-19,1062.0,26.0,1023.0,0.0,0.0,,,6.0,0.0
Uganda,2020-07-21,1062.0,26.0,1023.0,0.0,0.0,,,0.0,0.0
Uganda,2020-07-22,1065.0,26.0,0.0,0.0,0.0,,,3.0,0.0
Uganda,2020-07-23,1072.0,27.0,0.0,0.0,0.0,,,7.0,0.0
Uganda,2020-07-24,1075.0,27.0,958.0,0.0,0.0,,,3.0,0.0
Uganda,2020-07-25,1089.0,27.0,975.0,1.0,0.0009,,,14.0,1.0
Uganda,2020-07-26,1103.0,27.0,975.0,1.0,0.0009,,,14.0,0.0
Uganda,2020-07-27,1115.0,28.0,982.0,2.0,0.0018,,,12.0,1.0
Uganda,2020-07-28,1128.0,28.0,986.0,2.0,0.0018,,,13.0,0.0
Uganda,2020-07-29,1135.0,28.0,989.0,2.0,0.0018,,,7.0,0.0
Uganda,2020-07-30,1135.0,28.0,989.0,2.0,0.0018,,,0.0,0.0
Uganda,2020-07-31,1140.0,28.0,1028.0,2.0,0.0018,,,5.0,0.0
Uganda,2020-08-01,1154.0,29.0,1028.0,3.0,0.0026,,,14.0,1.0
Uganda,2020-08-02,1176.0,29.0,1045.0,4.0,0.0034,,,22.0,1.0
Uganda,2020-08-03,1176.0,29.0,1045.0,4.0,0.0034,,,0.0,0.0
Uganda,2020-08-04,1182.0,29.0,1045.0,4.0,0.0034,,,6.0,0.0
Uganda,2020-08-05,1203.0,30.0,1073.0,5.0,0.0042,,,21.0,1.0
Uganda,2020-08-06,1213.0,30.0,1073.0,5.0,0.0041,,,10.0,0.0
Uganda,2020-08-07,1213.0,30.0,1102.0,5.0,0.0041,,,0.0,0.0
Uganda,2020-08-08,1223.0,30.0,1102.0,5.0,0.0041,,,10.0,0.0
Uganda,2020-08-09,1254.0,31.0,1113.0,6.0,0.0048,,,31.0,1.0
Uganda,2020-08-10,1283.0,32.0,1115.0,7.0,0.0055,,,29.0,1.0
Uganda,2020-08-11,1297.0,32.0,1137.0,9.0,0.0069,,,14.0,2.0
Uganda,2020-08-12,1297.0,32.0,1137.0,9.0,0.0069,,,0.0,0.0
Uganda,2020-08-13,1313.0,33.0,1138.0,9.0,0.0069,,,16.0,0.0
Uganda,2020-08-14,1313.0,33.0,1138.0,9.0,0.0069,,,0.0,0.0
Uganda,2020-08-15,1313.0,33.0,1138.0,9.0,0.0069,,,0.0,0.0
Uganda,2020-08-16,1313.0,33.0,1138.0,9.0,0.0069,,,0.0,0.0
Uganda,2020-08-17,1500.0,37.0,1142.0,13.0,0.0087,,,187.0,4.0
Uganda,2020-08-18,1500.0,37.0,1142.0,13.0,0.0087,,,0.0,0.0
Uganda,2020-08-19,1603.0,40.0,1165.0,15.0,0.0094,,,103.0,2.0
Uganda,2020-08-20,1603.0,40.0,1165.0,15.0,0.0094,,,0.0,0.0
Uganda,2020-08-22,1750.0,43.0,1194.0,19.0,0.0109,,,147.0,4.0
Uganda,2020-08-23,1848.0,46.0,1199.0,19.0,0.0103,,,98.0,0.0
Uganda,2020-08-24,2263.0,56.0,1226.0,20.0,0.0088,,,415.0,1.0
Uganda,2020-08-25,2263.0,56.0,1226.0,20.0,0.0088,,,0.0,0.0
Uganda,2020-08-26,2362.0,59.0,1324.0,22.0,0.0093,,,99.0,2.0
Uganda,2020-08-27,2362.0,59.0,1324.0,22.0,0.0093,,,0.0,0.0
Uganda,2020-08-28,2362.0,59.0,1324.0,22.0,0.0093,,,0.0,0.0
Uganda,2020-08-29,2362.0,59.0,1324.0,22.0,0.0093,,,0.0,0.0
Uganda,2020-08-30,2362.0,59.0,1324.0,22.0,0.0093,,,0.0,0.0
Uganda,2020-08-31,2756.0,68.0,1288.0,28.0,0.0102,,,394.0,6.0
Uganda,2020-09-01,2756.0,68.0,1288.0,28.0,0.0102,,,0.0,0.0
Uganda,2020-09-02,3037.0,75.0,0.0,32.0,0.0105,,,281.0,4.0
Uganda,2020-09-03,3037.0,75.0,0.0,32.0,0.0105,,,0.0,0.0
Uganda,2020-09-04,3288.0,82.0,1532.0,33.0,0.01,,,251.0,1.0
Uganda,2020-09-05,3288.0,82.0,1532.0,33.0,0.01,,,0.0,0.0
Uganda,2020-09-07,3288.0,82.0,1532.0,33.0,0.01,,,0.0,0.0
Uganda,2020-09-08,3667.0,91.0,1608.0,41.0,0.0112,,,379.0,8.0
Uganda,2020-09-09,3776.0,94.0,1741.0,44.0,0.0117,,,109.0,3.0
Uganda,2020-09-10,3776.0,94.0,1741.0,44.0,0.0117,,,0.0,0.0
Uganda,2020-09-11,3776.0,94.0,1741.0,44.0,0.0117,,,0.0,0.0
Uganda,2020-09-12,3776.0,94.0,1741.0,44.0,0.0117,,,0.0,0.0
Uganda,2020-09-13,4291.0,106.0,0.0,48.0,0.0112,,,515.0,4.0
Uganda,2020-09-14,4799.0,119.0,2256.0,55.0,0.0115,,,508.0,7.0
Uganda,2020-09-15,4799.0,119.0,2256.0,55.0,0.0115,,,0.0,0.0
Uganda,2020-09-16,5123.0,127.0,2333.0,58.0,0.0113,,,324.0,3.0
Uganda,2020-09-17,5123.0,127.0,2333.0,58.0,0.0113,,,0.0,0.0
Uganda,2020-09-18,5123.0,127.0,2333.0,58.0,0.0113,,,0.0,0.0
Uganda,2020-09-20,5380.0,134.0,0.0,60.0,0.0112,,,257.0,2.0
Uganda,2020-09-21,5380.0,134.0,0.0,60.0,0.0112,,,0.0,0.0
Uganda,2020-09-22,5380.0,134.0,0.0,60.0,0.0112,,,0.0,0.0
Uganda,2020-09-23,6468.0,160.0,2731.0,63.0,0.0097,,,1088.0,3.0
Uganda,2020-09-24,6468.0,0.0,,63.0,0.0097,160.0,,0.0,0.0
Uganda,2020-09-25,6468.0,0.0,,63.0,0.0097,160.0,,0.0,0.0
Uganda,2020-09-26,7218.0,0.0,,71.0,0.0098,179.0,,750.0,8.0
Uganda,2020-09-27,7218.0,0.0,,71.0,0.0098,179.0,,0.0,0.0
Uganda,2020-09-28,7218.0,0.0,,71.0,0.0098,179.0,,0.0,0.0
Uganda,2020-09-29,7218.0,0.0,,71.0,0.0098,179.0,,0.0,0.0
Uganda,2020-09-30,7218.0,0.0,,71.0,0.0098,179.0,,0.0,0.0
Uganda,2020-10-02,8129.0,0.0,,75.0,0.0092,202.0,,911.0,4.0
Uganda,2020-10-03,8287.0,0.0,,75.0,0.0091,206.0,,158.0,0.0
Uganda,2020-10-04,8491.0,0.0,,79.0,0.0093,211.0,,204.0,4.0
Uganda,2020-10-05,8662.0,0.0,,79.0,0.0091,215.0,,171.0,0.0
Uganda,2020-10-06,8808.0,0.0,,81.0,0.0092,219.0,,146.0,2.0
Uganda,2020-10-08,9082.0,0.0,,84.0,0.0092,225.0,,274.0,3.0
Uganda,2020-10-09,9260.0,0.0,,85.0,0.0092,230.0,,178.0,1.0
Uganda,2020-10-10,9442.0,0.0,,85.0,0.009000000000000001,234.0,,182.0,0.0
Uganda,2020-10-11,9538.0,0.0,,86.0,0.009000000000000001,237.0,,96.0,1.0
Uganda,2020-10-12,9701.0,0.0,,93.0,0.0096,241.0,,163.0,7.0
Uganda,2020-10-13,9801.0,0.0,,93.0,0.0095,243.0,,100.0,0.0
Uganda,2020-10-14,9864.0,0.0,,94.0,0.0095,245.0,,63.0,1.0
Uganda,2020-10-15,9945.0,0.0,,95.0,0.0096,247.0,,81.0,1.0
Uganda,2020-10-18,10334.0,0.0,,96.0,0.0093,256.0,,389.0,1.0
Uganda,2020-10-19,10455.0,0.0,,96.0,0.0092,259.0,,121.0,0.0
Uganda,2020-10-20,10590.0,0.0,,97.0,0.0092,263.0,,135.0,1.0
Uganda,2020-10-22,10788.0,0.0,,97.0,0.009000000000000001,268.0,,198.0,0.0
Uganda,2020-10-23,10933.0,0.0,,98.0,0.009000000000000001,271.0,,145.0,1.0
Uganda,2020-10-24,11041.0,0.0,,98.0,0.0089,274.0,,108.0,0.0
Uganda,2020-10-25,11163.0,0.0,,99.0,0.0089,277.0,,122.0,1.0
Uganda,2020-10-26,11297.0,0.0,,99.0,0.0088,280.0,,134.0,0.0
Uganda,2020-10-27,11443.0,0.0,,101.0,0.0088,284.0,,146.0,2.0
Uganda,2020-10-28,11621.0,288.0,,103.0,0.0089,,64.0,178.0,2.0
Uganda,2020-10-29,11621.0,288.0,,103.0,0.0089,,64.0,0.0,0.0
Uganda,2020-10-30,11767.0,292.0,,106.0,0.009000000000000001,,146.0,146.0,3.0
Uganda,2020-10-31,12201.0,303.0,,108.0,0.0089,,434.0,434.0,2.0
Uganda,2020-11-01,12410.0,308.0,,110.0,0.0089,,209.0,209.0,2.0
Uganda,2020-11-02,12495.0,310.0,,111.0,0.0089,,85.0,85.0,1.0
Uganda,2020-11-03,12743.0,316.0,,112.0,0.0088,,248.0,248.0,1.0
Uganda,2020-11-04,12971.0,322.0,,114.0,0.0088,,228.0,228.0,2.0
Uganda,2020-11-05,13099.0,325.0,,115.0,0.0088,,128.0,128.0,1.0
Uganda,2020-11-06,13351.0,331.0,,117.0,0.0088,,252.0,252.0,2.0
Uganda,2020-11-07,13568.0,337.0,,117.0,0.0086,,217.0,217.0,0.0
Uganda,2020-11-08,13852.0,344.0,,131.0,0.0095,,284.0,284.0,14.0
Uganda,2020-11-09,14066.0,349.0,,131.0,0.0093,,214.0,214.0,0.0
Uganda,2020-11-10,14403.0,357.0,,132.0,0.0092,,337.0,337.0,1.0
Uganda,2020-11-11,14574.0,362.0,,133.0,0.0091,,171.0,171.0,1.0
Uganda,2020-11-12,14704.0,365.0,,133.0,0.009000000000000001,,130.0,130.0,0.0
Uganda,2020-11-13,14993.0,372.0,,139.0,0.0093,,289.0,289.0,6.0
Uganda,2020-11-15,15402.0,382.0,,144.0,0.0093,,185.0,409.0,5.0
Uganda,2020-11-16,15789.0,392.0,,144.0,0.0091,,387.0,387.0,0.0
Uganda,2020-11-17,16020.0,398.0,,145.0,0.0091,,231.0,231.0,1.0
Uganda,2020-11-18,16257.0,403.0,,150.0,0.0092,,237.0,237.0,5.0
Uganda,2020-11-19,16563.0,411.0,,150.0,0.0091,,306.0,306.0,0.0
Uganda,2020-11-20,16905.0,419.0,,157.0,0.0093,,342.0,342.0,7.0
Uganda,2020-11-21,17148.0,426.0,,158.0,0.0092,,243.0,243.0,1.0
Uganda,2020-11-22,17431.0,433.0,,168.0,0.0096,,283.0,283.0,10.0
Uganda,2020-11-23,17667.0,438.0,,168.0,0.0095,,236.0,236.0,0.0
Uganda,2020-11-24,17968.0,446.0,,172.0,0.0096,,301.0,301.0,4.0
Uganda,2020-11-25,18165.0,451.0,,181.0,0.01,,197.0,197.0,9.0
Uganda,2020-11-26,18406.0,457.0,,186.0,0.0101,,241.0,241.0,5.0
Uganda,2020-11-27,18890.0,469.0,,191.0,0.0101,,484.0,484.0,5.0
Uganda,2020-11-28,19115.0,474.0,,191.0,0.01,,225.0,225.0,0.0
Uganda,2020-11-29,19588.0,486.0,,197.0,0.0101,,473.0,473.0,6.0
Uganda,2020-11-30,19944.0,495.0,,201.0,0.0101,,356.0,356.0,4.0
Uganda,2020-12-01,20145.0,500.0,,201.0,0.01,,201.0,201.0,0.0
Uganda,2020-12-02,20459.0,508.0,,205.0,0.01,,314.0,314.0,4.0
Uganda,2020-12-03,21035.0,522.0,,205.0,0.0097,,576.0,576.0,0.0
Uganda,2020-12-04,21409.0,531.0,,206.0,0.0096,,374.0,374.0,1.0
Uganda,2020-12-05,21612.0,536.0,,206.0,0.0095,,203.0,203.0,0.0
Uganda,2020-12-06,21898.0,543.0,,206.0,0.0094,,286.0,286.0,0.0
Uganda,2020-12-07,22188.0,551.0,,206.0,0.0093,,290.0,290.0,0.0
Uganda,2020-12-08,22499.0,558.0,,206.0,0.0092,,311.0,311.0,0.0
