Location,Date,Confirmed,Case_Per_1M_people,Recovered,Deaths,Mortality,Cases per 1 million people,NewCases,NewConfirmed,NewDeaths
Ukraine,2020-03-31,548,12.78,8.0,13,0.023722628,,,0,0
Ukraine,2020-04-01,669,15.6,10.0,17,0.025411061285500747,,,121,4
Ukraine,2020-04-02,794,18.52,13.0,20,0.02518891687657431,,,125,3
Ukraine,2020-04-03,897,20.92,19.0,22,0.02452619843924192,,,103,2
Ukraine,2020-04-07,1319,31.49,28.0,38,0.02880970432145565,,,422,16
Ukraine,2020-04-10,1892,45.18,45.0,57,0.030126849894291763,,,573,19
Ukraine,2020-04-11,2203,52.6,61.0,69,0.03132092600998638,,,311,12
Ukraine,2020-04-12,2511,59.96,79.0,73,0.029072082835523694,,,308,4
Ukraine,2020-04-14,3372,80.52,119.0,98,0.029062870699881376,,,861,25
Ukraine,2020-04-17,4161,99.36,186.0,116,0.02787791396298966,,,789,18
Ukraine,2020-04-18,5106,121.92,275.0,133,0.02604778691735213,,,945,17
Ukraine,2020-04-20,5449,130.11,347.0,141,0.02587630757937236,,,343,8
Ukraine,2020-04-22,6125,146.25,367.0,161,0.026285714285714287,,,676,20
Ukraine,2020-04-23,6592,157.4,467.0,174,0.026395631067961164,,,467,13
Ukraine,2020-04-24,7647,182.59,601.0,193,0.025238655681966784,,,1055,19
Ukraine,2020-04-25,7647,182.59,601.0,193,0.025238655681966784,,,0,0
Ukraine,2020-04-26,8125,194.01,782.0,201,0.02473846153846154,,,478,8
Ukraine,2020-04-27,9009,215.12,864.0,220,0.02442002442002442,,,884,19
Ukraine,2020-04-28,9009,215.12,864.0,220,0.02442002442002442,,,0,0
Ukraine,2020-04-29,9410,224.69,992.0,239,0.025398512221041444,,,401,19
Ukraine,2020-04-30,9410,224.69,992.0,239,0.025398512221041444,,,0,0
Ukraine,2020-05-01,10406,248.0,1238.0,261,0.02508168364405151,,,996,22
Ukraine,2020-05-02,10861,259.0,1413.0,272,0.025043734462756654,,,455,11
Ukraine,2020-05-03,11411,272.0,1498.0,279,0.02445009201647533,,,550,7
Ukraine,2020-05-04,11913,284.0,1547.0,288,0.024175270712666837,,,502,9
Ukraine,2020-05-05,12697,303.0,1875.0,316,0.024887768764275026,,,784,28
Ukraine,2020-05-06,12697,303.0,1875.0,316,0.024887768764275026,,,0,0
Ukraine,2020-05-07,13184,315.0,2097.0,327,0.024802791262135918,,,487,11
Ukraine,2020-05-08,13691,327.0,2396.0,340,0.02483383244467168,,,507,13
Ukraine,2020-05-09,14195,339.0,2706.0,361,0.025431489961253963,,,504,21
Ukraine,2020-05-10,15232,364.0,3060.0,391,0.025669642857142856,,,1037,30
Ukraine,2020-05-11,15648,374.0,3288.0,408,0.02607361963190184,,,416,17
Ukraine,2020-05-12,16023,383.0,3373.0,425,0.02652437121637646,,,375,17
Ukraine,2020-05-13,16425,392.0,3716.0,439,0.026727549467275496,,,402,14
Ukraine,2020-05-15,16847,402.0,4143.0,456,0.027067133614293342,,,422,17
Ukraine,2020-05-16,17330,414.0,4473.0,476,0.027466820542412004,,,483,20
Ukraine,2020-05-17,17858,426.0,4906.0,497,0.02783066412812185,,,528,21
Ukraine,2020-05-18,18291,437.0,5116.0,514,0.028101251981848995,,,433,17
Ukraine,2020-05-19,18616,445.0,5276.0,535,0.02873871938117748,,,325,21
Ukraine,2020-05-20,18876,451.0,5632.0,548,0.029031574486119937,,,260,13
Ukraine,2020-05-21,19230,459.0,5955.0,564,0.02932917316692668,,,354,16
Ukraine,2020-05-22,20148,481.0,6585.0,588,0.029184038117927337,,,918,24
Ukraine,2020-05-23,20148,481.0,6585.0,588,0.029184038117927337,,,0,0
Ukraine,2020-05-24,20580,491.0,6929.0,605,0.029397473275024295,,,432,17
Ukraine,2020-05-25,20986,501.0,7108.0,617,0.02940055274945201,,,406,12
Ukraine,2020-05-26,21245,507.0,7234.0,623,0.02932454695222405,,,259,6
Ukraine,2020-05-27,21584,515.0,7575.0,644,0.029836916234247588,,,339,21
Ukraine,2020-05-28,21905,523.0,7995.0,658,0.030038803926044282,,,321,14
Ukraine,2020-05-29,22382,534.0,8439.0,669,0.029890090251094632,,,477,11
Ukraine,2020-05-30,22811,545.0,8934.0,679,0.029766340800490988,,,429,10
Ukraine,2020-05-31,23204,554.0,9311.0,696,0.02999482847784865,,,393,17
Ukraine,2020-06-01,23672,565.0,9538.0,708,0.029908752957080093,,,468,12
Ukraine,2020-06-02,24012,573.0,9690.0,718,0.02990171580876228,,,340,10
Ukraine,2020-06-03,24823,593.0,10440.0,735,0.0296,,,811,17
Ukraine,2020-06-04,25411,607.0,11042.0,747,0.0294,,,588,12
Ukraine,2020-06-05,25411,607.0,11042.0,747,0.0294,,,0,0
Ukraine,2020-06-06,25964,620.0,11372.0,762,0.0293,,,553,15
Ukraine,2020-06-07,26514,633.0,11812.0,777,0.0293,,,550,15
Ukraine,2020-06-08,26999,645.0,12054.0,788,0.0292,,,485,11
Ukraine,2020-06-09,27462,656.0,12195.0,797,0.028999999999999998,,,463,9
Ukraine,2020-06-10,27856,665.0,12412.0,810,0.0291,,,394,13
Ukraine,2020-06-12,29070,694.0,13141.0,854,0.0294,,,1214,44
Ukraine,2020-06-13,29753,710.0,13567.0,870,0.0292,,,683,16
Ukraine,2020-06-14,30506,728.0,13976.0,880,0.0288,,,753,10
Ukraine,2020-06-15,31154,744.0,14082.0,889,0.0285,,,648,9
Ukraine,2020-06-16,31810,760.0,14253.0,901,0.0283,,,656,12
Ukraine,2020-06-17,32476,775.0,14528.0,912,0.0281,,,666,11
Ukraine,2020-06-18,34063,813.0,15447.0,966,0.0284,,,1587,54
Ukraine,2020-06-19,34063,813.0,15447.0,966,0.0284,,,0,0
Ukraine,2020-06-20,34984,835.0,16033.0,985,0.0282,,,921,19
Ukraine,2020-06-21,35825,855.0,16406.0,994,0.0277,,,841,9
Ukraine,2020-06-22,36560,873.0,16509.0,1002,0.0274,,,735,8
Ukraine,2020-06-23,37241,889.0,16642.0,1012,0.0272,,,681,10
Ukraine,2020-06-24,38074,909.0,16956.0,1035,0.0272,,,833,23
Ukraine,2020-06-25,39014,932.0,17409.0,1051,0.0269,,,940,16
Ukraine,2020-06-26,40008,955.0,17758.0,1067,0.0267,,,994,16
Ukraine,2020-06-27,41117,982.0,18299.0,1086,0.0264,,,1109,19
Ukraine,2020-06-28,42065,1004.0,18701.0,1110,0.0264,,,948,24
Ukraine,2020-06-29,42982,1026.0,18934.0,1129,0.0263,,,917,19
Ukraine,2020-06-30,43628,1042.0,19027.0,1147,0.0263,,,646,18
Ukraine,2020-07-01,44334,1059.0,19115.0,1159,0.0261,,,706,12
Ukraine,2020-07-02,44998,1074.0,19548.0,1173,0.0261,,,664,14
Ukraine,2020-07-03,45888,1096.0,0.0,1185,0.0258,,,890,12
Ukraine,2020-07-04,46763,1117.0,200558.0,1212,0.0259,,,875,27
Ukraine,2020-07-05,47677,1138.0,21115.0,1227,0.0257,,,914,15
Ukraine,2020-07-06,48500,1158.0,21376.0,1249,0.0258,,,823,22
Ukraine,2020-07-07,49043,1171.0,21703.0,1262,0.0257,,,543,13
Ukraine,2020-07-09,50414,1204.0,23119.0,1306,0.0259,,,1371,44
Ukraine,2020-07-10,51224,1223.0,23784.0,1327,0.0259,,,810,21
Ukraine,2020-07-11,52043,1243.0,24800.0,1345,0.0258,,,819,18
Ukraine,2020-07-12,52843,1262.0,25661.0,1372,0.026000000000000002,,,800,27
Ukraine,2020-07-14,54133,1293.0,26503.0,1398,0.0258,,,1290,26
Ukraine,2020-07-15,54771,1308.0,0.0,1412,0.0258,,,638,14
Ukraine,2020-07-16,55607,1328.0,0.0,1427,0.0257,,,836,15
Ukraine,2020-07-18,57264,1367.0,29769.0,1456,0.0254,,,1657,29
Ukraine,2020-07-19,58111,1388.0,30525.0,1477,0.0254,,,847,21
Ukraine,2020-07-19,58111,1388.0,30525.0,1477,0.0254,,,0,0
Ukraine,2020-07-21,59493,1421.0,31439.0,1498,0.0252,,,1382,21
Ukraine,2020-07-22,60166,1437.0,32199.0,1518,0.0252,,,673,20
Ukraine,2020-07-23,60995,1456.0,33172.0,1534,0.0251,,,829,16
Ukraine,2020-07-24,61851,1477.0,34000.0,1551,0.0251,,,856,17
Ukraine,2020-07-25,62823,1500.0,34886.0,1571,0.025,,,972,20
Ukraine,2020-07-26,64849,1548.0,35807.0,1605,0.0247,,,2026,34
Ukraine,2020-07-27,64849,1548.0,35807.0,1605,0.0247,,,0,0
Ukraine,2020-07-28,65656,1568.0,36112.0,1616,0.0246,,,807,11
Ukraine,2020-07-29,66575,1590.0,36744.0,1629,0.0245,,,919,13
Ukraine,2020-07-30,67597,1614.0,37394.0,1650,0.0244,,,1022,21
Ukraine,2020-07-31,68794,1643.0,38154.0,1673,0.0243,,,1197,23
Ukraine,2020-08-01,69884,1669.0,38752.0,1693,0.0242,,,1090,20
Ukraine,2020-08-02,71056,1697.0,39308.0,1709,0.0241,,,1172,16
Ukraine,2020-08-03,72168,1723.0,39543.0,1725,0.0239,,,1112,16
Ukraine,2020-08-04,73158,1747.0,39876.0,1738,0.0238,,,990,13
Ukraine,2020-08-05,74219,1772.0,40613.0,1764,0.0238,,,1061,26
Ukraine,2020-08-06,75490,1803.0,41527.0,1788,0.0237,,,1271,24
Ukraine,2020-08-07,76808,1834.0,42524.0,1819,0.0237,,,1318,31
Ukraine,2020-08-08,78261,1869.0,43055.0,1852,0.0237,,,1453,33
Ukraine,2020-08-09,79750,1904.0,43655.0,1879,0.0236,,,1489,27
Ukraine,2020-08-10,80949,1933.0,43972.0,1897,0.0234,,,1199,18
Ukraine,2020-08-11,81957,1957.0,44359.0,1922,0.0235,,,1008,25
Ukraine,2020-08-12,83115,1985.0,44934.0,1951,0.0235,,,1158,29
Ukraine,2020-08-13,84548,2019.0,45686.0,1970,0.0233,,,1433,19
Ukraine,2020-08-14,86140,2057.0,46216.0,1992,0.0231,,,1592,22
Ukraine,2020-08-15,87872,2098.0,46797.0,2011,0.0229,,,1732,19
Ukraine,2020-08-16,89719,2142.0,47430.0,2044,0.0228,,,1847,33
Ukraine,2020-08-17,91356,2181.0,47822.0,2070,0.0227,,,1637,26
Ukraine,2020-08-18,92820,2216.0,48164.0,2089,0.0225,,,1464,19
Ukraine,2020-08-19,94436,2255.0,48925.0,2116,0.0224,,,1616,27
Ukraine,2020-08-20,96403,2302.0,49737.0,2144,0.0222,,,1967,28
Ukraine,2020-08-22,100643,2403.0,51078.0,2207,0.0219,,,4240,63
Ukraine,2020-08-23,102971,2459.0,51735.0,2244,0.0218,,,2328,37
Ukraine,2020-08-24,104958,2506.0,52235.0,2271,0.0216,,,1987,27
Ukraine,2020-08-25,106757,2549.0,52524.0,2293,0.0215,,,1799,22
Ukraine,2020-08-26,108415,2589.0,52870.0,2318,0.0214,,,1658,25
Ukraine,2020-08-27,110085,2629.0,53454.0,2354,0.0214,,,1670,36
Ukraine,2020-08-28,112059,2676.0,54217.0,2403,0.0214,,,1974,49
Ukraine,2020-08-29,114497,2734.0,55083.0,2438,0.0213,,,2438,35
Ukraine,2020-08-30,116978,2793.0,56138.0,2492,0.0213,,,2481,54
Ukraine,2020-08-31,119074,2843.0,56734.0,2527,0.0212,,,2096,35
Ukraine,2020-09-01,121215,2894.0,57114.0,2557,0.0211,,,2141,30
Ukraine,2020-09-02,123303,2944.0,57802.0,2605,0.0211,,,2088,48
Ukraine,2020-09-03,125798,3004.0,58817.0,2656,0.0211,,,2495,51
Ukraine,2020-09-04,128228,3062.0,59676.0,2710,0.0211,,,2430,54
Ukraine,2020-09-05,130951,3127.0,60613.0,2761,0.0211,,,2723,51
Ukraine,2020-09-07,135894,3245.0,62227.0,2846,0.0209,,,4943,85
Ukraine,2020-09-08,138068,3297.0,62606.0,2877,0.0208,,,2174,31
Ukraine,2020-09-09,140479,3354.0,63546.0,2934,0.0209,,,2411,57
Ukraine,2020-09-10,143030,3415.0,64703.0,2979,0.0208,,,2551,45
Ukraine,2020-09-11,145612,3477.0,65877.0,3023,0.0208,,,2582,44
Ukraine,2020-09-12,148756,3552.0,67005.0,3076,0.0207,,,3144,53
Ukraine,2020-09-13,151859,3626.0,68346.0,3103,0.0204,,,3103,27
Ukraine,2020-09-14,154335,3685.0,68893.0,3178,0.0206,,,2476,75
Ukraine,2020-09-15,156797,3744.0,69543.0,3211,0.0205,,,2462,33
Ukraine,2020-09-16,159702,3813.0,70810.0,3264,0.0204,,,2905,53
Ukraine,2020-09-17,162660,3884.0,72324.0,3340,0.0205,,,2958,76
Ukraine,2020-09-18,166244,3970.0,73913.0,3584,0.0216,,,3584,244
Ukraine,2020-09-20,172712,4124.0,76754.0,3516,0.0204,,,6468,0
Ukraine,2020-09-21,175678,4195.0,77512.0,3557,0.0202,,,2966,41
Ukraine,2020-09-22,178353,4259.0,78184.0,3583,0.0201,,,2675,26
Ukraine,2020-09-23,181237,4328.0,79901.0,3642,0.0201,,,2884,59
Ukraine,2020-09-24,184734,0.0,,3705,0.0201,4411.0,,3497,63
Ukraine,2020-09-25,188106,0.0,,3757,0.02,4492.0,,3372,52
Ukraine,2020-09-26,191671,0.0,,3827,0.02,4577.0,,3565,70
Ukraine,2020-09-27,195504,0.0,,3833,0.0196,4668.0,,3833,6
Ukraine,2020-09-28,198634,0.0,,3959,0.0199,4743.0,,3130,126
Ukraine,2020-09-29,201305,0.0,,3996,0.0199,4807.0,,2671,37
Ukraine,2020-09-30,204932,0.0,,4065,0.0198,4893.0,,3627,69
Ukraine,2020-10-02,213028,0.0,,4193,0.0197,5087.0,,8096,128
Ukraine,2020-10-03,218625,0.0,,4288,0.0196,5220.0,,5597,95
Ukraine,2020-10-04,223376,0.0,,4357,0.0195,5334.0,,4751,69
Ukraine,2020-10-05,228161,0.0,,4451,0.0195,5448.0,,4785,94
Ukraine,2020-10-06,232424,0.0,,4495,0.0193,5550.0,,4263,44
Ukraine,2020-10-08,240811,0.0,,4624,0.0192,5750.0,,8387,129
Ukraine,2020-10-09,245698,0.0,,4707,0.0192,5867.0,,4887,83
Ukraine,2020-10-10,251243,0.0,,4807,0.0191,5999.0,,5545,100
Ukraine,2020-10-11,257204,0.0,,4899,0.019,6141.0,,5961,92
Ukraine,2020-10-12,263105,0.0,,5010,0.019,6282.0,,5901,111
Ukraine,2020-10-13,268065,0.0,,5098,0.019,6401.0,,4960,88
Ukraine,2020-10-14,272671,0.0,,5143,0.0189,6511.0,,4606,45
Ukraine,2020-10-15,277982,0.0,,5254,0.0189,6638.0,,5311,111
Ukraine,2020-10-18,295227,0.0,,5551,0.0188,7049.0,,17245,297
Ukraine,2020-10-19,301856,0.0,,5669,0.0188,7208.0,,6629,118
Ukraine,2020-10-20,307301,0.0,,5762,0.0188,7338.0,,5445,93
Ukraine,2020-10-22,317967,0.0,,5948,0.0187,7592.0,,10666,186
Ukraine,2020-10-23,324942,0.0,,6093,0.0188,7759.0,,6975,145
Ukraine,2020-10-24,332262,0.0,,6213,0.0187,7934.0,,7320,120
Ukraine,2020-10-25,340042,0.0,,6336,0.0186,8119.0,,7780,123
Ukraine,2020-10-26,347317,0.0,,6463,0.0186,8293.0,,7275,127
Ukraine,2020-10-27,353723,0.0,,6566,0.0186,8446.0,,6406,103
Ukraine,2020-10-28,366233,8745.0,,6770,0.0185,,6885.0,12510,204
Ukraine,2020-10-29,366233,8745.0,,6770,0.0185,,6885.0,0,0
Ukraine,2020-10-30,374023,8931.0,,6938,0.0185,,7790.0,7790,168
