Location,Date,Confirmed,Case_Per_1M_people,Recovered,Deaths,Mortality,Cases per 1 million people,NewCases,NewConfirmed,NewDeaths
United Arab Emirates,2020-03-31,611,116.4,61.0,5,0.008183306,,,0,0
United Arab Emirates,2020-04-01,664,126.5,61.0,6,0.009036144578313251,,,53,1
United Arab Emirates,2020-04-02,814,155.08,61.0,8,0.009828009828009828,,,150,2
United Arab Emirates,2020-04-03,1024,195.09,96.0,8,0.0078125,,,210,0
United Arab Emirates,2020-04-07,2076,209.9,167.0,11,0.005298651252408478,,,1052,3
United Arab Emirates,2020-04-10,2990,302.31,268.0,12,0.004013377926421404,,,914,1
United Arab Emirates,2020-04-11,3360,339.72,418.0,16,0.0047619047619047615,,,370,4
United Arab Emirates,2020-04-12,3736,377.74,588.0,20,0.005353319057815846,,,376,4
United Arab Emirates,2020-04-14,4521,457.11,852.0,25,0.005529750055297501,,,785,5
United Arab Emirates,2020-04-17,5825,588.95,1095.0,35,0.006008583690987125,,,1304,10
United Arab Emirates,2020-04-18,6302,637.18,1188.0,37,0.005871152015233259,,,477,2
United Arab Emirates,2020-04-20,6781,685.61,1286.0,41,0.006046305854593718,,,479,4
United Arab Emirates,2020-04-22,7755,784.09,1443.0,46,0.005931656995486783,,,974,5
United Arab Emirates,2020-04-23,8238,832.93,1546.0,52,0.006312211701869385,,,483,6
United Arab Emirates,2020-04-24,8756,885.3,1637.0,56,0.006395614435815441,,,518,4
United Arab Emirates,2020-04-25,9281,938.38,1760.0,64,0.0068958086413102035,,,525,8
United Arab Emirates,2020-04-26,9813,992.17,1887.0,71,0.007235300112096199,,,532,7
United Arab Emirates,2020-04-27,10349,1046.37,1978.0,76,0.007343704705768673,,,536,5
United Arab Emirates,2020-04-28,10839,1095.91,2090.0,82,0.007565273549220408,,,490,6
United Arab Emirates,2020-04-29,11380,1150.61,2181.0,89,0.007820738137082601,,,541,7
United Arab Emirates,2020-04-30,11380,1150.61,2181.0,89,0.007820738137082601,,,0,0
United Arab Emirates,2020-05-01,12481,1262.0,2429.0,105,0.008412787436904094,,,1101,16
United Arab Emirates,2020-05-02,13038,1318.0,2543.0,111,0.008513575701794753,,,557,6
United Arab Emirates,2020-05-03,13599,1375.0,2664.0,119,0.008750643429663946,,,561,8
United Arab Emirates,2020-05-04,14163,1432.0,2762.0,126,0.008896420249947044,,,564,7
United Arab Emirates,2020-05-05,14730,1489.0,2966.0,137,0.009300746775288526,,,567,11
United Arab Emirates,2020-05-06,15192,1536.0,3153.0,146,0.009610321221695629,,,462,9
United Arab Emirates,2020-05-07,15738,1591.0,3359.0,157,0.009975854619392554,,,546,11
United Arab Emirates,2020-05-08,16240,1642.0,3572.0,165,0.010160098522167487,,,502,8
United Arab Emirates,2020-05-09,16793,1698.0,3837.0,174,0.010361460132197941,,,553,9
United Arab Emirates,2020-05-10,17417,1761.0,4295.0,185,0.010621806281219498,,,624,11
United Arab Emirates,2020-05-11,18198,1840.0,4804.0,198,0.010880316518298714,,,781,13
United Arab Emirates,2020-05-12,18878,1909.0,5381.0,201,0.010647314334145569,,,680,3
United Arab Emirates,2020-05-13,19661,1988.0,6012.0,203,0.010325008900869742,,,783,2
United Arab Emirates,2020-05-15,21084,2132.0,6930.0,208,0.009865300701954087,,,1423,5
United Arab Emirates,2020-05-16,21831,2207.0,7328.0,210,0.009619348632678302,,,747,2
United Arab Emirates,2020-05-17,22627,2288.0,7931.0,214,0.009457727493702214,,,796,4
United Arab Emirates,2020-05-18,23358,2362.0,8512.0,220,0.009418614607415018,,,731,6
United Arab Emirates,2020-05-19,24190,2446.0,9577.0,224,0.009260024803637868,,,832,4
United Arab Emirates,2020-05-20,25063,2534.0,10791.0,227,0.009057175916689942,,,873,3
United Arab Emirates,2020-05-21,26004,2629.0,11809.0,233,0.008960159975388403,,,941,6
United Arab Emirates,2020-05-22,26898,2720.0,12755.0,237,0.008811064019629711,,,894,4
United Arab Emirates,2020-05-23,27892,2820.0,13798.0,241,0.008640470385773698,,,994,4
United Arab Emirates,2020-05-24,27892,2820.0,13798.0,241,0.008640470385773698,,,0,0
United Arab Emirates,2020-05-25,29485,2981.0,15056.0,245,0.008309309818551805,,,1593,4
United Arab Emirates,2020-05-26,30307,3064.0,15657.0,248,0.008182928036427228,,,822,3
United Arab Emirates,2020-05-27,31086,3143.0,15982.0,253,0.008138711960368009,,,779,5
United Arab Emirates,2020-05-28,31969,3232.0,16371.0,255,0.007976477212299415,,,883,2
United Arab Emirates,2020-05-29,32532,3289.0,16685.0,258,0.007930652895610476,,,563,3
United Arab Emirates,2020-05-30,33170,3354.0,17097.0,260,0.007838408200180886,,,638,2
United Arab Emirates,2020-05-31,33896,3427.0,17546.0,262,0.007729525607741327,,,726,2
United Arab Emirates,2020-06-01,34557,3494.0,17932.0,264,0.0076395520444483035,,,661,2
United Arab Emirates,2020-06-02,35192,3558.0,18338.0,266,0.007558536030916117,,,635,2
United Arab Emirates,2020-06-03,35788,3618.0,18726.0,269,0.0075,,,596,3
United Arab Emirates,2020-06-04,36359,3676.0,19153.0,270,0.0074,,,571,1
United Arab Emirates,2020-06-05,37018,3743.0,19572.0,273,0.0074,,,659,3
United Arab Emirates,2020-06-06,37642,3806.0,20337.0,274,0.0073,,,624,1
United Arab Emirates,2020-06-07,38268,3869.0,21061.0,275,0.0072,,,626,1
United Arab Emirates,2020-06-08,38808,3924.0,21806.0,276,0.0071,,,540,1
United Arab Emirates,2020-06-09,39376,3981.0,22275.0,281,0.0071,,,568,5
United Arab Emirates,2020-06-10,39904,4035.0,22740.0,283,0.0071,,,528,2
United Arab Emirates,2020-06-12,40986,4144.0,25234.0,286,0.006999999999999999,,,1082,3
United Arab Emirates,2020-06-13,41499,4196.0,25946.0,287,0.0069,,,513,1
United Arab Emirates,2020-06-14,41990,4246.0,26761.0,288,0.0069,,,491,1
United Arab Emirates,2020-06-15,42294,4276.0,27462.0,289,0.0068,,,304,1
United Arab Emirates,2020-06-16,42636,4311.0,28129.0,291,0.0068,,,342,2
United Arab Emirates,2020-06-17,42982,4346.0,28861.0,293,0.0068,,,346,2
United Arab Emirates,2020-06-18,43364,4384.0,29537.0,295,0.0068,,,382,2
United Arab Emirates,2020-06-19,43752,4424.0,30241.0,298,0.0068,,,388,3
United Arab Emirates,2020-06-20,44145,4463.0,30996.0,300,0.0068,,,393,2
United Arab Emirates,2020-06-21,44533,4503.0,31754.0,301,0.0068,,,388,1
United Arab Emirates,2020-06-22,44925,4542.0,32415.0,302,0.0067,,,392,1
United Arab Emirates,2020-06-23,45303,4581.0,33046.0,303,0.0067,,,378,1
United Arab Emirates,2020-06-24,45683,4619.0,33703.0,305,0.0067,,,380,2
United Arab Emirates,2020-06-25,46133,4664.0,34405.0,307,0.0067,,,450,2
United Arab Emirates,2020-06-26,46563,4708.0,35165.0,308,0.0066,,,430,1
United Arab Emirates,2020-06-27,46973,4749.0,35469.0,310,0.0066,,,410,2
United Arab Emirates,2020-06-28,47360,4788.0,35834.0,311,0.0066,,,387,1
United Arab Emirates,2020-06-29,47797,4833.0,36411.0,313,0.0065,,,437,2
United Arab Emirates,2020-06-30,48246,4878.0,37076.0,314,0.0065,,,449,1
United Arab Emirates,2020-07-01,48667,4921.0,37566.0,315,0.0065,,,421,1
United Arab Emirates,2020-07-02,49069,4961.0,38160.0,316,0.0064,,,402,1
United Arab Emirates,2020-07-03,49469,5002.0,0.0,317,0.0064,,,400,1
United Arab Emirates,2020-07-04,50141,5070.0,39153.0,318,0.0063,,,672,1
United Arab Emirates,2020-07-05,50857,5142.0,39857.0,321,0.0063,,,716,3
United Arab Emirates,2020-07-06,51540,5211.0,40297.0,323,0.0063,,,683,2
United Arab Emirates,2020-07-07,52068,5264.0,40721.0,324,0.0062,,,528,1
United Arab Emirates,2020-07-09,53045,5363.0,402282.0,327,0.0062,,,977,3
United Arab Emirates,2020-07-10,53045,5363.0,402282.0,327,0.0062,,,0,0
United Arab Emirates,2020-07-11,54050,5465.0,43969.0,330,0.0061,,,1005,3
United Arab Emirates,2020-07-12,54050,5465.0,43969.0,330,0.0061,,,0,0
United Arab Emirates,2020-07-14,55198,5581.0,45513.0,334,0.0061,,,1148,4
United Arab Emirates,2020-07-15,55573,5619.0,0.0,335,0.006,,,375,1
United Arab Emirates,2020-07-16,55573,5619.0,0.0,335,0.006,,,0,0
United Arab Emirates,2020-07-18,56422,5705.0,48448.0,337,0.006,,,849,2
United Arab Emirates,2020-07-19,56711,5734.0,48917.0,338,0.006,,,289,1
United Arab Emirates,2020-07-19,56711,5734.0,48917.0,338,0.006,,,0,0
United Arab Emirates,2020-07-21,57193,5783.0,49621.0,340,0.0059,,,482,2
United Arab Emirates,2020-07-22,57498,5814.0,49964.0,341,0.0059,,,305,1
United Arab Emirates,2020-07-23,57734,5837.0,50354.0,342,0.0059,,,236,1
United Arab Emirates,2020-07-24,57988,5863.0,50848.0,342,0.0059,,,254,0
United Arab Emirates,2020-07-25,58249,5889.0,51235.0,343,0.0059,,,261,1
United Arab Emirates,2020-07-26,58562,5921.0,51628.0,343,0.0059,,,313,0
United Arab Emirates,2020-07-27,58913,5957.0,52182.0,344,0.0058,,,351,1
United Arab Emirates,2020-07-28,59177,5983.0,52510.0,345,0.0058,,,264,1
United Arab Emirates,2020-07-29,59546,6021.0,52905.0,347,0.0058,,,369,2
United Arab Emirates,2020-07-30,59921,6059.0,53202.0,347,0.0058,,,375,0
United Arab Emirates,2020-07-31,60223,6089.0,53626.0,349,0.0058,,,302,2
United Arab Emirates,2020-08-01,60506,6118.0,53909.0,351,0.0058,,,283,2
United Arab Emirates,2020-08-02,60760,6143.0,54255.0,351,0.0058,,,254,0
United Arab Emirates,2020-08-03,60999,6167.0,54615.0,351,0.0058,,,239,0
United Arab Emirates,2020-08-04,61163,6184.0,54863.0,351,0.0057,,,164,0
United Arab Emirates,2020-08-05,61352,6203.0,55090.0,351,0.0057,,,189,0
United Arab Emirates,2020-08-06,61606,6229.0,55385.0,353,0.0057,,,254,2
United Arab Emirates,2020-08-07,61845,6253.0,55739.0,354,0.0057,,,239,1
United Arab Emirates,2020-08-08,62061,6275.0,56015.0,356,0.0057,,,216,2
United Arab Emirates,2020-08-09,62300,6299.0,56245.0,356,0.0057,,,239,0
United Arab Emirates,2020-08-10,62525,6322.0,56568.0,357,0.0057,,,225,1
United Arab Emirates,2020-08-11,62704,6340.0,56766.0,357,0.0057,,,179,0
United Arab Emirates,2020-08-12,62966,6366.0,56961.0,358,0.0057,,,262,1
United Arab Emirates,2020-08-13,62966,6366.0,56961.0,358,0.0057,,,0,0
United Arab Emirates,2020-08-14,63489,6419.0,57372.0,358,0.0056,,,523,0
United Arab Emirates,2020-08-15,63819,6453.0,57473.0,359,0.0056,,,330,1
United Arab Emirates,2020-08-16,64102,6481.0,57571.0,361,0.0056,,,283,2
United Arab Emirates,2020-08-17,64312,6502.0,57694.0,364,0.0057,,,210,3
United Arab Emirates,2020-08-18,64312,6502.0,57694.0,364,0.0057,,,0,0
United Arab Emirates,2020-08-19,64906,6563.0,57909.0,366,0.0056,,,594,2
United Arab Emirates,2020-08-20,65341,6607.0,58022.0,367,0.0056,,,435,1
United Arab Emirates,2020-08-22,66193,6693.0,58296.0,370,0.0056,,,852,3
United Arab Emirates,2020-08-23,66193,6693.0,58296.0,370,0.0056,,,0,0
United Arab Emirates,2020-08-24,67007,6775.0,58488.0,375,0.0056,,,814,5
United Arab Emirates,2020-08-25,67007,6775.0,58488.0,375,0.0056,,,0,0
United Arab Emirates,2020-08-26,67621,6837.0,58754.0,377,0.0056,,,614,2
United Arab Emirates,2020-08-27,68020,6877.0,59070.0,378,0.0056,,,399,1
United Arab Emirates,2020-08-28,68511,6927.0,59471.0,378,0.0055,,,491,0
United Arab Emirates,2020-08-29,68901,6966.0,59861.0,379,0.0055,,,390,1
United Arab Emirates,2020-08-30,69328,7010.0,0.0,379,0.0055,,,427,0
United Arab Emirates,2020-08-31,69690,7046.0,60600.0,382,0.0055,,,362,3
United Arab Emirates,2020-09-01,69690,7046.0,60600.0,382,0.0055,,,0,0
United Arab Emirates,2020-09-02,70805,7159.0,0.0,384,0.0054,,,1115,2
United Arab Emirates,2020-09-03,71540,7233.0,62029.0,387,0.0054,,,735,3
United Arab Emirates,2020-09-04,72154,7295.0,62668.0,387,0.0054,,,614,0
United Arab Emirates,2020-09-05,72766,7357.0,63158.0,387,0.0053,,,612,0
United Arab Emirates,2020-09-07,73984,7480.0,66095.0,388,0.0052,,,1218,1
United Arab Emirates,2020-09-08,74454,7528.0,66533.0,390,0.0052,,,470,2
United Arab Emirates,2020-09-09,75098,7593.0,66943.0,391,0.0052,,,644,1
United Arab Emirates,2020-09-10,75981,7682.0,67359.0,393,0.0052,,,883,2
United Arab Emirates,2020-09-11,76911,7776.0,67945.0,398,0.0052,,,930,5
United Arab Emirates,2020-09-12,77842,7870.0,68462.0,398,0.0051,,,931,0
United Arab Emirates,2020-09-13,78849,7972.0,68983.0,399,0.0051,,,1007,1
United Arab Emirates,2020-09-14,79489,8037.0,69451.0,399,0.005,,,640,0
United Arab Emirates,2020-09-15,80266,8116.0,69981.0,399,0.005,,,777,0
United Arab Emirates,2020-09-16,80940,8184.0,70635.0,401,0.005,,,674,2
United Arab Emirates,2020-09-17,81782,8269.0,71456.0,402,0.0049,,,842,1
United Arab Emirates,2020-09-18,82568,8348.0,72117.0,402,0.0049,,,786,0
United Arab Emirates,2020-09-20,84242,8518.0,73512.0,404,0.0048,,,1674,2
United Arab Emirates,2020-09-21,84916,8586.0,74273.0,404,0.0048,,,674,0
United Arab Emirates,2020-09-22,85595,8654.0,75086.0,405,0.0047,,,679,1
United Arab Emirates,2020-09-23,85595,8654.0,75086.0,405,0.0047,,,0,0
United Arab Emirates,2020-09-24,87530,0.0,,406,0.0046,8850.0,,1935,1
United Arab Emirates,2020-09-25,88532,0.0,,407,0.0046,8951.0,,1002,1
United Arab Emirates,2020-09-26,89540,0.0,,409,0.0046,9053.0,,1008,2
United Arab Emirates,2020-09-27,90618,0.0,,411,0.0045,9162.0,,1078,2
United Arab Emirates,2020-09-28,91469,0.0,,412,0.0045,9248.0,,851,1
United Arab Emirates,2020-09-29,92095,0.0,,413,0.0045,9312.0,,626,1
United Arab Emirates,2020-09-30,93090,0.0,,416,0.0045,9412.0,,995,3
United Arab Emirates,2020-10-02,95348,0.0,,421,0.0044,9640.0,,2258,5
United Arab Emirates,2020-10-03,95348,0.0,,421,0.0044,9640.0,,0,0
United Arab Emirates,2020-10-04,96529,0.0,,424,0.0044,9760.0,,1181,3
United Arab Emirates,2020-10-05,97760,0.0,,426,0.0044,9884.0,,1231,2
United Arab Emirates,2020-10-06,98801,0.0,,426,0.0043,9990.0,,1041,0
United Arab Emirates,2020-10-08,100794,0.0,,435,0.0043,10191.0,,1993,9
United Arab Emirates,2020-10-09,101840,0.0,,436,0.0043,10297.0,,1046,1
United Arab Emirates,2020-10-10,102929,0.0,,438,0.0043,10407.0,,1089,2
United Arab Emirates,2020-10-11,104004,0.0,,442,0.0042,10516.0,,1075,4
United Arab Emirates,2020-10-12,105133,0.0,,443,0.0042,10630.0,,1129,1
United Arab Emirates,2020-10-13,106229,0.0,,445,0.0042,10741.0,,1096,2
United Arab Emirates,2020-10-14,107293,0.0,,446,0.0042,10848.0,,1064,1
United Arab Emirates,2020-10-15,108608,0.0,,448,0.0041,10981.0,,1315,2
United Arab Emirates,2020-10-18,112849,0.0,,455,0.004,11410.0,,4241,7
United Arab Emirates,2020-10-19,114387,0.0,,459,0.004,11565.0,,1538,4
United Arab Emirates,2020-10-20,115602,0.0,,463,0.004,11688.0,,1215,4
United Arab Emirates,2020-10-22,117594,0.0,,470,0.004,11890.0,,1992,7
United Arab Emirates,2020-10-23,119132,0.0,,472,0.004,12045.0,,1538,2
United Arab Emirates,2020-10-24,120710,0.0,,474,0.0039,12205.0,,1578,2
United Arab Emirates,2020-10-25,122273,0.0,,475,0.0039,12363.0,,1563,1
United Arab Emirates,2020-10-26,123764,0.0,,475,0.0038,12514.0,,1491,0
United Arab Emirates,2020-10-27,125123,0.0,,477,0.0038,12651.0,,1359,2
United Arab Emirates,2020-10-28,127624,12904.0,,482,0.0038,,1390.0,2501,5
United Arab Emirates,2020-10-29,127624,12904.0,,482,0.0038,,1390.0,0,0
United Arab Emirates,2020-10-30,129024,13045.0,,485,0.0038,,1400.0,1400,3
United Arab Emirates,2020-10-31,130336,13178.0,,488,0.0037,,1312.0,1312,3
United Arab Emirates,2020-11-01,131508,13297.0,,490,0.0037,,1172.0,1172,2
United Arab Emirates,2020-11-02,132629,13410.0,,495,0.0037,,1121.0,1121,5
United Arab Emirates,2020-11-03,133907,13539.0,,496,0.0037,,1278.0,1278,1
United Arab Emirates,2020-11-04,135141,13664.0,,497,0.0037,,1234.0,1234,1
