Location,Date,Confirmed,Case_Per_1M_people,Recovered,Deaths,Mortality,Cases per 1 million people,NewCases,NewConfirmed,NewDeaths
United Kingdom,2020-03-31,22141,341.19,135.0,1408,0.06359243,,,0,0
United Kingdom,2020-04-01,25150,387.56,135.0,1808,0.07188866799204771,,,3009,400
United Kingdom,2020-04-02,29474,454.19,135.0,2352,0.07979914500916062,,,4324,544
United Kingdom,2020-04-03,33718,519.59,191.0,2921,0.08663028649386084,,,4244,569
United Kingdom,2020-04-07,51608,776.81,0.0,5373,0.10411176561773368,,,17890,2452
United Kingdom,2020-04-10,65077,979.55,0.0,7978,0.12259323570539515,,,13469,2605
United Kingdom,2020-04-11,73758,1110.22,0.0,8958,0.12145123240868788,,,8681,980
United Kingdom,2020-04-12,78991,1188.99,0.0,9875,0.12501424212885012,,,5233,917
United Kingdom,2020-04-14,88621,1333.94,0.0,11329,0.12783651730402498,,,9630,1454
United Kingdom,2020-04-17,103093,1551.77,0.0,13729,0.1331710203408573,,,14472,2400
United Kingdom,2020-04-18,108692,1636.05,0.0,14576,0.13410370588451773,,,5599,847
United Kingdom,2020-04-20,120067,1807.27,0.0,16060,0.13375865141962404,,,11375,1484
United Kingdom,2020-04-22,129044,1942.39,0.0,17337,0.1343495241932984,,,8977,1277
United Kingdom,2020-04-23,133495,2009.39,0.0,18100,0.13558560245702087,,,4451,763
United Kingdom,2020-04-24,138078,2078.38,0.0,18738,0.13570590535784122,,,4583,638
United Kingdom,2020-04-25,143464,2159.45,0.0,19506,0.13596442313054147,,,5386,768
United Kingdom,2020-04-26,148377,2233.4,0.0,20319,0.13694170929456725,,,4913,813
United Kingdom,2020-04-27,152840,2300.58,0.0,20732,0.1356451190787752,,,4463,413
United Kingdom,2020-04-28,157149,2365.44,0.0,21092,0.13421657153402186,,,4309,360
United Kingdom,2020-04-29,161145,2425.58,0.0,21678,0.13452480685097273,,,3996,586
United Kingdom,2020-04-30,161145,2425.58,0.0,21678,0.13452480685097273,,,0,0
United Kingdom,2020-05-01,171253,2578.0,0.0,26771,0.15632426877193392,,,10108,5093
United Kingdom,2020-05-02,177454,2671.0,0.0,27510,0.15502609126872316,,,6201,739
United Kingdom,2020-05-03,182260,2743.0,0.0,28131,0.1543454405793921,,,4806,621
United Kingdom,2020-05-04,182260,2743.0,0.0,28131,0.1543454405793921,,,0,0
United Kingdom,2020-05-05,190584,2869.0,0.0,28734,0.15076816521848635,,,8324,603
United Kingdom,2020-05-06,194990,2935.0,0.0,29427,0.15091543156059284,,,4406,693
United Kingdom,2020-05-07,201101,3027.0,0.0,30076,0.14955669041924208,,,6111,649
United Kingdom,2020-05-08,206715,3112.0,0.0,30615,0.14810245990856974,,,5614,539
United Kingdom,2020-05-09,211364,3181.0,0.0,31241,0.1478066274294582,,,4649,626
United Kingdom,2020-05-10,215260,3240.0,0.0,31587,0.14673882746446154,,,3896,346
United Kingdom,2020-05-11,219183,3299.0,0.0,31855,0.14533517654197636,,,3923,268
United Kingdom,2020-05-12,223060,3358.0,0.0,32065,0.14375056038733974,,,3877,210
United Kingdom,2020-05-13,226463,3409.0,0.0,32692,0.14435912268229248,,,3403,627
United Kingdom,2020-05-15,233151,3509.0,0.0,33614,0.14417266063624004,,,6688,922
United Kingdom,2020-05-16,236711,3563.0,0.0,33998,0.14362661642255747,,,3560,384
United Kingdom,2020-05-17,240161,3615.0,0.0,34466,0.14351206065930772,,,3450,468
United Kingdom,2020-05-18,243695,3668.0,0.0,34636,0.14212848027247174,,,3534,170
United Kingdom,2020-05-19,246406,3709.0,0.0,34796,0.14121409381265065,,,2711,160
United Kingdom,2020-05-20,248818,3745.0,0.0,35341,0.14203554405227914,,,2412,545
United Kingdom,2020-05-21,248293,3737.0,0.0,35704,0.14379785173162352,,,0,363
United Kingdom,2020-05-22,250908,3777.0,0.0,36042,0.14364627672294228,,,2615,338
United Kingdom,2020-05-23,254195,3826.0,0.0,36393,0.14316961387910854,,,3287,351
United Kingdom,2020-05-24,257154,3871.0,0.0,36675,0.14261881985113978,,,2959,282
United Kingdom,2020-05-25,259559,3907.0,0.0,36793,0.1417519716133904,,,2405,118
United Kingdom,2020-05-26,261184,3931.0,0.0,36914,0.1413333129135016,,,1625,121
United Kingdom,2020-05-27,265227,3992.0,0.0,37048,0.13968411964091138,,,4043,134
United Kingdom,2020-05-28,267240,4023.0,0.0,37460,0.14017362670258945,,,2013,412
United Kingdom,2020-05-29,269127,4051.0,0.0,37837,0.14059161659736852,,,1887,377
United Kingdom,2020-05-30,271222,4082.0,0.0,38161,0.14070023818126848,,,2095,324
United Kingdom,2020-05-31,272826,4107.0,0.0,38376,0.14066108068879066,,,1604,215
United Kingdom,2020-06-01,274762,4136.0,0.0,38489,0.1400812339406468,,,1936,113
United Kingdom,2020-06-02,276332,4159.0,0.0,39045,0.14129742483679053,,,1570,556
United Kingdom,2020-06-03,277985,4184.0,0.0,39369,0.1416,,,1653,324
United Kingdom,2020-06-04,279856,4212.0,0.0,39728,0.142,,,1871,359
United Kingdom,2020-06-05,281661,4240.0,0.0,39904,0.1417,,,1805,176
United Kingdom,2020-06-06,283311,4264.0,0.0,40261,0.1421,,,1650,357
United Kingdom,2020-06-07,284868,4288.0,0.0,40465,0.142,,,1557,204
United Kingdom,2020-06-08,286194,4308.0,0.0,40542,0.1417,,,1326,77
United Kingdom,2020-06-09,287399,4326.0,0.0,40597,0.1413,,,1205,55
United Kingdom,2020-06-10,289140,4352.0,0.0,40883,0.1414,,,1741,286
United Kingdom,2020-06-12,291409,4386.0,0.0,41279,0.1417,,,2269,396
United Kingdom,2020-06-13,292950,4410.0,0.0,41481,0.1416,,,1541,202
United Kingdom,2020-06-14,294375,4431.0,0.0,41662,0.1415,,,1425,181
United Kingdom,2020-06-15,295889,4454.0,0.0,41698,0.1409,,,1514,36
United Kingdom,2020-06-16,296857,4468.0,0.0,41736,0.1406,,,968,38
United Kingdom,2020-06-17,298136,4488.0,0.0,41969,0.1408,,,1279,233
United Kingdom,2020-06-18,299251,4504.0,0.0,42153,0.1409,,,1115,184
United Kingdom,2020-06-19,300469,4523.0,0.0,42288,0.1407,,,1218,135
United Kingdom,2020-06-20,301815,4543.0,0.0,42461,0.1407,,,1346,173
United Kingdom,2020-06-21,303110,4562.0,0.0,42589,0.1405,,,1295,128
United Kingdom,2020-06-22,304331,4581.0,0.0,42632,0.1401,,,1221,43
United Kingdom,2020-06-23,305289,4595.0,0.0,42647,0.1397,,,958,15
United Kingdom,2020-06-24,306210,4609.0,0.0,42927,0.1402,,,921,280
United Kingdom,2020-06-25,306862,4619.0,0.0,43081,0.1404,,,652,154
United Kingdom,2020-06-26,307980,4636.0,0.0,43230,0.1404,,,1118,149
United Kingdom,2020-06-27,309360,4657.0,0.0,43414,0.1403,,,1380,184
United Kingdom,2020-06-28,310250,4670.0,0.0,43514,0.1403,,,890,100
United Kingdom,2020-06-29,311151,4684.0,0.0,43550,0.14,,,901,36
United Kingdom,2020-06-30,311965,4696.0,0.0,43575,0.1397,,,814,25
United Kingdom,2020-07-01,312654,4706.0,0.0,43730,0.1399,,,689,155
United Kingdom,2020-07-02,313483,4719.0,0.0,43906,0.1401,,,829,176
United Kingdom,2020-07-03,313487,4719.0,0.0,43995,0.1403,,,4,89
United Kingdom,2020-07-04,284276,4279.0,0.0,44131,0.1552,,,0,136
United Kingdom,2020-07-05,284900,4288.0,0.0,44198,0.1551,,,624,67
United Kingdom,2020-07-06,285416,4296.0,0.0,44220,0.1549,,,516,22
United Kingdom,2020-07-07,285768,4301.0,0.0,44236,0.1548,,,352,16
United Kingdom,2020-07-09,286979,4320.0,0.0,44517,0.1551,,,1211,281
United Kingdom,2020-07-10,287621,4329.0,0.0,44602,0.1551,,,642,85
United Kingdom,2020-07-11,288133,4337.0,0.0,44650,0.155,,,512,48
United Kingdom,2020-07-12,288953,4349.0,0.0,44798,0.155,,,820,148
United Kingdom,2020-07-14,290133,4367.0,0.0,44830,0.1545,,,1180,32
United Kingdom,2020-07-15,291373,4386.0,0.0,44968,0.1543,,,1240,138
United Kingdom,2020-07-16,291911,4394.0,0.0,45053,0.1543,,,538,85
United Kingdom,2020-07-18,294803,4437.0,0.0,45318,0.1537,,,2892,265
United Kingdom,2020-07-19,294066,4426.0,0.0,45318,0.1541,,,0,0
United Kingdom,2020-07-19,294066,4426.0,0.0,45318,0.1541,,,0,0
United Kingdom,2020-07-21,295372,4446.0,0.0,45318,0.1534,,,1306,0
United Kingdom,2020-07-22,295817,4453.0,0.0,45318,0.1532,,,445,0
United Kingdom,2020-07-23,296377,4461.0,0.0,45318,0.1529,,,560,0
United Kingdom,2020-07-24,297146,4473.0,0.0,45554,0.1533,,,769,236
United Kingdom,2020-07-25,297914,4484.0,0.0,45677,0.1533,,,768,123
United Kingdom,2020-07-26,298681,4496.0,0.0,45738,0.1531,,,767,61
United Kingdom,2020-07-27,299426,4507.0,0.0,45752,0.1528,,,745,14
United Kingdom,2020-07-28,300111,4517.0,0.0,45759,0.1525,,,685,7
United Kingdom,2020-07-29,300692,4526.0,0.0,45878,0.1526,,,581,119
United Kingdom,2020-07-30,301455,4538.0,0.0,45961,0.1525,,,763,83
United Kingdom,2020-07-31,302301,4550.0,0.0,45999,0.1522,,,846,38
United Kingdom,2020-08-01,303181,4564.0,0.0,46119,0.1521,,,880,120
United Kingdom,2020-08-02,303952,4575.0,0.0,46193,0.152,,,771,74
United Kingdom,2020-08-03,304695,4586.0,0.0,46201,0.1516,,,743,8
United Kingdom,2020-08-04,305623,4600.0,0.0,46210,0.1512,,,928,9
United Kingdom,2020-08-05,306293,4610.0,0.0,46299,0.1512,,,670,89
United Kingdom,2020-08-06,338413,5094.0,0.0,46364,0.13699999999999998,,,32120,65
United Kingdom,2020-08-07,308134,4638.0,0.0,46364,0.1505,,,0,0
United Kingdom,2020-08-08,309005,4651.0,0.0,46511,0.1505,,,871,147
United Kingdom,2020-08-09,309763,4663.0,0.0,46566,0.1503,,,758,55
United Kingdom,2020-08-10,310825,4679.0,0.0,46574,0.1498,,,1062,8
United Kingdom,2020-08-11,311641,4691.0,0.0,46526,0.1493,,,816,0
United Kingdom,2020-08-12,312789,4708.0,0.0,46526,0.1487,,,1148,0
United Kingdom,2020-08-13,313798,4723.0,0.0,41329,0.1317,,,1009,0
United Kingdom,2020-08-14,313802,4723.0,0.0,46706,0.1488,,,4,5377
United Kingdom,2020-08-15,316367,4762.0,0.0,41358,0.1307,,,2565,0
United Kingdom,2020-08-16,317379,4777.0,0.0,41361,0.1303,,,1012,3
United Kingdom,2020-08-17,318484,4794.0,0.0,41366,0.1299,,,1105,5
United Kingdom,2020-08-18,319197,4805.0,0.0,41369,0.1296,,,713,3
United Kingdom,2020-08-19,320286,4821.0,0.0,41381,0.1292,,,1089,12
United Kingdom,2020-08-20,321098,4833.0,0.0,41397,0.1289,,,812,16
United Kingdom,2020-08-22,323313,4867.0,0.0,41405,0.1281,,,2215,8
United Kingdom,2020-08-23,324601,4886.0,0.0,41423,0.1276,,,1288,18
United Kingdom,2020-08-24,325642,4902.0,0.0,41429,0.1272,,,1041,6
United Kingdom,2020-08-25,326614,4916.0,0.0,41433,0.1269,,,972,4
United Kingdom,2020-08-26,326614,4916.0,0.0,41433,0.1269,,,0,0
United Kingdom,2020-08-27,328846,4950.0,0.0,41465,0.1261,,,2232,32
United Kingdom,2020-08-28,330368,4973.0,0.0,41477,0.1255,,,1522,12
United Kingdom,2020-08-29,331644,4992.0,0.0,41486,0.1251,,,1276,9
United Kingdom,2020-08-30,332752,5009.0,0.0,41498,0.1247,,,1108,12
United Kingdom,2020-08-31,334467,5034.0,0.0,41499,0.1241,,,1715,1
United Kingdom,2020-09-01,335873,5056.0,0.0,41501,0.1236,,,1406,2
United Kingdom,2020-09-02,337168,5075.0,0.0,41504,0.1231,,,1295,3
United Kingdom,2020-09-03,338676,5098.0,0.0,41514,0.1226,,,1508,10
United Kingdom,2020-09-04,340441,5124.0,0.0,41527,0.122,,,1765,13
United Kingdom,2020-09-05,342351,5153.0,0.0,41537,0.1213,,,1910,10
United Kingdom,2020-09-07,347152,5225.0,0.0,41551,0.1197,,,4801,14
United Kingdom,2020-09-08,350100,5270.0,0.0,41554,0.1187,,,2948,3
United Kingdom,2020-09-09,352560,5307.0,0.0,41586,0.11800000000000001,,,2460,32
United Kingdom,2020-09-10,355219,5347.0,0.0,41594,0.1171,,,2659,8
United Kingdom,2020-09-11,358138,5391.0,0.0,41608,0.1162,,,2919,14
United Kingdom,2020-09-12,361677,5444.0,0.0,41614,0.1151,,,3539,6
United Kingdom,2020-09-13,365174,5497.0,0.0,41623,0.114,,,3497,9
United Kingdom,2020-09-14,368504,5547.0,0.0,41628,0.113,,,3330,5
United Kingdom,2020-09-15,371125,5586.0,0.0,41637,0.1122,,,2621,9
United Kingdom,2020-09-16,374228,5633.0,0.0,41664,0.1113,,,3103,27
United Kingdom,2020-09-17,378219,5693.0,0.0,41684,0.1102,,,3991,20
United Kingdom,2020-09-18,381614,5744.0,0.0,41705,0.1093,,,3395,21
United Kingdom,2020-09-20,390358,5876.0,0.0,41759,0.107,,,8744,54
United Kingdom,2020-09-21,394257,5934.0,0.0,41777,0.106,,,3899,18
United Kingdom,2020-09-22,398625,6000.0,0.0,41788,0.1048,,,4368,11
United Kingdom,2020-09-23,403551,6074.0,0.0,41825,0.1036,,,4926,37
United Kingdom,2020-09-24,409759,0.0,,41862,0.1022,6168.0,,6208,37
United Kingdom,2020-09-25,416363,0.0,,41902,0.1006,6267.0,,6604,40
United Kingdom,2020-09-26,423236,0.0,,41936,0.0991,6371.0,,6873,34
United Kingdom,2020-09-27,429277,0.0,,41971,0.0978,6462.0,,6041,35
United Kingdom,2020-09-28,434969,0.0,,41988,0.0965,6547.0,,5692,17
United Kingdom,2020-09-29,439013,0.0,,42001,0.0957,6608.0,,4044,13
United Kingdom,2020-09-30,446156,0.0,,42072,0.0943,6716.0,,7143,71
United Kingdom,2020-10-02,460178,0.0,,42202,0.0917,6927.0,,14022,130
United Kingdom,2020-10-03,460178,0.0,,42202,0.0917,6927.0,,0,0
United Kingdom,2020-10-04,467146,0.0,,42268,0.0905,7032.0,,6968,66
United Kingdom,2020-10-05,480017,0.0,,42317,0.0882,7225.0,,12871,49
United Kingdom,2020-10-06,502978,0.0,,42350,0.0842,7571.0,,22961,33
United Kingdom,2020-10-08,530113,0.0,,42445,0.0801,7979.0,,27135,95
United Kingdom,2020-10-09,544275,0.0,,42515,0.0781,8193.0,,14162,70
United Kingdom,2020-10-10,561815,0.0,,42592,0.0758,8457.0,,17540,77
United Kingdom,2020-10-11,575679,0.0,,42679,0.0741,8665.0,,13864,87
United Kingdom,2020-10-12,590844,0.0,,42760,0.0724,8893.0,,15165,81
United Kingdom,2020-10-13,603716,0.0,,42825,0.0709,9087.0,,12872,65
United Kingdom,2020-10-14,617688,0.0,,42875,0.0694,9298.0,,13972,50
United Kingdom,2020-10-15,634920,0.0,,43018,0.0678,9557.0,,17232,143
United Kingdom,2020-10-18,689257,0.0,,43429,0.063,10375.0,,54337,411
United Kingdom,2020-10-19,705428,0.0,,43579,0.0618,10618.0,,16171,150
United Kingdom,2020-10-20,722409,0.0,,43646,0.0604,10874.0,,16981,67
United Kingdom,2020-10-22,762542,0.0,,43967,0.0577,11478.0,,40133,321
United Kingdom,2020-10-23,789229,0.0,,44158,0.055999999999999994,11880.0,,26687,191
United Kingdom,2020-10-24,810467,0.0,,44347,0.0547,12199.0,,21238,189
United Kingdom,2020-10-25,830998,0.0,,44571,0.0536,12508.0,,20531,224
United Kingdom,2020-10-26,854010,0.0,,44745,0.0524,12855.0,,23012,174
United Kingdom,2020-10-27,873800,0.0,,44896,0.0514,13153.0,,19790,151
United Kingdom,2020-10-28,917575,13812.0,,45365,0.0494,,22885.0,43775,469
United Kingdom,2020-10-29,917575,13812.0,,45365,0.0494,,22885.0,0,0
United Kingdom,2020-10-30,942275,14183.0,,45675,0.0485,,24700.0,24700,310
