Location,Date,Confirmed,Case_Per_1M_people,Recovered,Deaths,Mortality,NewConfirmed,NewDeaths
Uruguay,2020-03-31,320.0,98.46,0.0,1.0,0.003125,0.0,0.0
Uruguay,2020-04-01,320.0,98.46,25.0,1.0,0.003125,0.0,0.0
Uruguay,2020-04-02,350.0,107.69,62.0,2.0,0.005714285714285714,30.0,1.0
Uruguay,2020-04-03,350.0,107.69,62.0,2.0,0.005714285714285714,0.0,0.0
Uruguay,2020-04-07,406.0,115.39,93.0,5.0,0.012315270935960592,56.0,3.0
Uruguay,2020-04-10,456.0,129.6,192.0,7.0,0.015350877192982457,50.0,2.0
Uruguay,2020-04-11,494.0,140.4,214.0,7.0,0.01417004048582996,38.0,0.0
Uruguay,2020-04-12,494.0,140.4,214.0,7.0,0.01417004048582996,0.0,0.0
Uruguay,2020-04-14,483.0,137.27,248.0,8.0,0.016563146997929608,0.0,1.0
Uruguay,2020-04-17,502.0,142.67,286.0,9.0,0.017928286852589643,19.0,1.0
Uruguay,2020-04-18,508.0,144.38,294.0,9.0,0.017716535433070866,6.0,0.0
Uruguay,2020-04-20,528.0,150.06,298.0,10.0,0.01893939393939394,20.0,1.0
Uruguay,2020-04-22,535.0,152.05,313.0,10.0,0.018691588785046728,7.0,0.0
Uruguay,2020-04-23,543.0,154.32,324.0,12.0,0.022099447513812157,8.0,2.0
Uruguay,2020-04-24,549.0,156.03,337.0,12.0,0.02185792349726776,6.0,0.0
Uruguay,2020-04-25,563.0,160.01,369.0,12.0,0.021314387211367674,14.0,0.0
Uruguay,2020-04-26,596.0,169.39,370.0,14.0,0.02348993288590604,33.0,2.0
Uruguay,2020-04-27,596.0,169.39,370.0,14.0,0.02348993288590604,0.0,0.0
Uruguay,2020-04-28,606.0,172.23,375.0,15.0,0.024752475247524757,10.0,1.0
Uruguay,2020-04-29,625.0,177.63,394.0,15.0,0.024,19.0,0.0
Uruguay,2020-04-30,625.0,177.63,394.0,15.0,0.024,0.0,0.0
Uruguay,2020-05-01,630.0,179.0,412.0,15.0,0.023809523809523808,5.0,0.0
Uruguay,2020-05-02,648.0,184.0,435.0,17.0,0.02623456790123457,18.0,2.0
Uruguay,2020-05-03,652.0,185.0,440.0,17.0,0.02607361963190184,4.0,0.0
Uruguay,2020-05-04,652.0,185.0,440.0,17.0,0.02607361963190184,0.0,0.0
Uruguay,2020-05-05,657.0,187.0,447.0,17.0,0.0258751902587519,5.0,0.0
Uruguay,2020-05-06,670.0,190.0,468.0,17.0,0.02537313432835821,13.0,0.0
Uruguay,2020-05-07,673.0,191.0,486.0,17.0,0.025260029717682018,3.0,0.0
Uruguay,2020-05-08,684.0,194.0,482.0,17.0,0.024853801169590642,11.0,0.0
Uruguay,2020-05-09,694.0,197.0,506.0,18.0,0.025936599423631124,10.0,1.0
Uruguay,2020-05-10,702.0,200.0,513.0,18.0,0.02564102564102564,8.0,0.0
Uruguay,2020-05-11,707.0,201.0,517.0,19.0,0.026874115983026883,5.0,1.0
Uruguay,2020-05-12,707.0,201.0,517.0,19.0,0.026874115983026883,0.0,0.0
Uruguay,2020-05-13,711.0,202.0,523.0,19.0,0.026722925457102677,4.0,0.0
Uruguay,2020-05-15,724.0,206.0,547.0,19.0,0.026243093922651933,13.0,0.0
Uruguay,2020-05-16,732.0,208.0,553.0,19.0,0.025956284153005462,8.0,0.0
Uruguay,2020-05-17,732.0,208.0,553.0,19.0,0.025956284153005462,0.0,0.0
Uruguay,2020-05-18,734.0,209.0,564.0,20.0,0.027247956403269755,2.0,1.0
Uruguay,2020-05-19,737.0,209.0,569.0,20.0,0.0271370420624152,3.0,0.0
Uruguay,2020-05-20,738.0,210.0,579.0,20.0,0.027100271002710032,1.0,0.0
,2020-05-21,,,,,,,
Uruguay,2020-05-22,749.0,213.0,594.0,20.0,0.0267022696929239,,
Uruguay,2020-05-23,753.0,214.0,603.0,20.0,0.02656042496679947,4.0,0.0
Uruguay,2020-05-24,764.0,217.0,616.0,22.0,0.028795811518324606,11.0,2.0
Uruguay,2020-05-25,769.0,219.0,618.0,22.0,0.02860858257477243,5.0,0.0
Uruguay,2020-05-26,787.0,224.0,629.0,22.0,0.02795425667090216,18.0,0.0
Uruguay,2020-05-27,789.0,224.0,638.0,22.0,0.02788339670468948,2.0,0.0
Uruguay,2020-05-28,803.0,228.0,650.0,22.0,0.0273972602739726,14.0,0.0
Uruguay,2020-05-29,811.0,230.0,654.0,22.0,0.02712700369913687,8.0,0.0
Uruguay,2020-05-30,816.0,232.0,680.0,22.0,0.02696078431372549,5.0,0.0
Uruguay,2020-05-31,821.0,233.0,682.0,22.0,0.02679658952496955,5.0,0.0
Uruguay,2020-06-01,823.0,234.0,683.0,22.0,0.026731470230862697,2.0,0.0
Uruguay,2020-06-02,825.0,234.0,689.0,23.0,0.02787878787878788,2.0,1.0
Uruguay,2020-06-03,826.0,235.0,689.0,23.0,0.0278,1.0,0.0
Uruguay,2020-06-04,828.0,235.0,698.0,23.0,0.0278,2.0,0.0
Uruguay,2020-06-05,832.0,236.0,709.0,23.0,0.0276,4.0,0.0
Uruguay,2020-06-06,834.0,237.0,721.0,23.0,0.0276,2.0,0.0
Uruguay,2020-06-07,845.0,240.0,726.0,23.0,0.0272,11.0,0.0
Uruguay,2020-06-08,845.0,240.0,726.0,23.0,0.0272,0.0,0.0
Uruguay,2020-06-09,845.0,240.0,726.0,23.0,0.0272,0.0,0.0
Uruguay,2020-06-10,846.0,240.0,754.0,23.0,0.0272,1.0,0.0
Uruguay,2020-06-12,847.0,241.0,758.0,23.0,0.0272,1.0,0.0
Uruguay,2020-06-13,847.0,241.0,780.0,23.0,0.0272,0.0,0.0
Uruguay,2020-06-14,847.0,241.0,780.0,23.0,0.0272,0.0,0.0
Uruguay,2020-06-15,847.0,241.0,780.0,23.0,0.0272,0.0,0.0
Uruguay,2020-06-16,848.0,241.0,788.0,23.0,0.0271,1.0,0.0
Uruguay,2020-06-17,849.0,241.0,801.0,24.0,0.0283,1.0,1.0
Uruguay,2020-06-18,849.0,241.0,801.0,24.0,0.0283,0.0,0.0
Uruguay,2020-06-19,850.0,242.0,814.0,24.0,0.0282,1.0,0.0
Uruguay,2020-06-20,853.0,242.0,814.0,24.0,0.0281,3.0,0.0
Uruguay,2020-06-21,859.0,244.0,815.0,24.0,0.0279,6.0,0.0
Uruguay,2020-06-22,859.0,244.0,815.0,24.0,0.0279,0.0,0.0
Uruguay,2020-06-23,876.0,249.0,814.0,25.0,0.0285,17.0,1.0
Uruguay,2020-06-24,885.0,252.0,815.0,25.0,0.0282,9.0,0.0
Uruguay,2020-06-25,902.0,256.0,815.0,26.0,0.0288,17.0,1.0
Uruguay,2020-06-26,907.0,258.0,818.0,26.0,0.0287,5.0,0.0
Uruguay,2020-06-27,919.0,261.0,818.0,26.0,0.0283,12.0,0.0
Uruguay,2020-06-28,919.0,261.0,818.0,26.0,0.0283,0.0,0.0
Uruguay,2020-06-29,929.0,264.0,818.0,27.0,0.0291,10.0,1.0
Uruguay,2020-06-30,932.0,265.0,822.0,27.0,0.028999999999999998,3.0,0.0
Uruguay,2020-07-01,932.0,265.0,822.0,27.0,0.028999999999999998,0.0,0.0
Uruguay,2020-07-02,936.0,266.0,824.0,27.0,0.0288,4.0,0.0
Uruguay,2020-07-03,943.0,268.0,825.0,28.0,0.0297,7.0,1.0
Uruguay,2020-07-04,952.0,271.0,837.0,28.0,0.0294,9.0,0.0
Uruguay,2020-07-05,952.0,271.0,837.0,28.0,0.0294,0.0,0.0
Uruguay,2020-07-06,956.0,272.0,849.0,28.0,0.0293,4.0,0.0
Uruguay,2020-07-07,960.0,273.0,858.0,29.0,0.0302,4.0,1.0
Uruguay,2020-07-09,965.0,274.0,865.0,29.0,0.0301,5.0,0.0
Uruguay,2020-07-10,974.0,277.0,871.0,29.0,0.0298,9.0,0.0
Uruguay,2020-07-11,985.0,280.0,886.0,29.0,0.0294,11.0,0.0
Uruguay,2020-07-12,985.0,280.0,886.0,29.0,0.0294,0.0,0.0
Uruguay,2020-07-13,987.0,281.0,0.0,31.0,0.0314,2.0,2.0
Uruguay,2020-07-14,987.0,281.0,0.0,31.0,0.0314,0.0,0.0
Uruguay,2020-07-15,987.0,281.0,0.0,31.0,0.0314,0.0,0.0
Uruguay,2020-07-16,997.0,283.0,905.0,31.0,0.0311,10.0,0.0
Uruguay,2020-07-18,1037.0,295.0,0.0,32.0,0.0309,40.0,1.0
Uruguay,2020-07-19,1037.0,295.0,0.0,32.0,0.0309,0.0,0.0
Uruguay,2020-07-19,1044.0,297.0,921.0,33.0,0.0316,7.0,1.0
Uruguay,2020-07-21,1054.0,300.0,922.0,33.0,0.0313,10.0,0.0
Uruguay,2020-07-22,1064.0,302.0,927.0,33.0,0.031,10.0,0.0
Uruguay,2020-07-23,1096.0,311.0,929.0,33.0,0.0301,32.0,0.0
Uruguay,2020-07-24,1117.0,317.0,934.0,34.0,0.0304,21.0,1.0
Uruguay,2020-07-25,1166.0,331.0,946.0,34.0,0.0292,49.0,0.0
Uruguay,2020-07-26,1174.0,334.0,947.0,34.0,0.028999999999999998,8.0,0.0
Uruguay,2020-07-27,1192.0,339.0,948.0,34.0,0.0285,18.0,0.0
Uruguay,2020-07-28,1202.0,342.0,951.0,35.0,0.0291,10.0,1.0
Uruguay,2020-07-29,1218.0,346.0,958.0,35.0,0.0287,16.0,0.0
Uruguay,2020-07-30,1218.0,346.0,958.0,35.0,0.0287,0.0,0.0
Uruguay,2020-07-31,1237.0,352.0,967.0,35.0,0.0283,19.0,0.0
Uruguay,2020-08-01,1264.0,359.0,994.0,35.0,0.0277,27.0,0.0
Uruguay,2020-08-02,1278.0,363.0,1004.0,35.0,0.0274,14.0,0.0
Uruguay,2020-08-03,1278.0,363.0,1004.0,35.0,0.0274,0.0,0.0
Uruguay,2020-08-04,1286.0,365.0,1011.0,36.0,0.027999999999999997,8.0,1.0
Uruguay,2020-08-05,1291.0,367.0,1023.0,36.0,0.0279,5.0,0.0
Uruguay,2020-08-06,1300.0,369.0,1048.0,37.0,0.0285,9.0,1.0
Uruguay,2020-08-07,1309.0,372.0,1065.0,37.0,0.0283,9.0,0.0
Uruguay,2020-08-08,1318.0,375.0,1079.0,37.0,0.0281,9.0,0.0
Uruguay,2020-08-09,1325.0,377.0,1095.0,37.0,0.0279,7.0,0.0
Uruguay,2020-08-10,1353.0,385.0,1125.0,37.0,0.0273,28.0,0.0
Uruguay,2020-08-11,1353.0,385.0,1125.0,37.0,0.0273,0.0,0.0
Uruguay,2020-08-12,1364.0,388.0,1146.0,37.0,0.0271,11.0,0.0
Uruguay,2020-08-13,1385.0,394.0,1157.0,37.0,0.0267,21.0,0.0
Uruguay,2020-08-14,1393.0,396.0,1163.0,37.0,0.0266,8.0,0.0
Uruguay,2020-08-15,1409.0,400.0,1180.0,37.0,0.0263,16.0,0.0
Uruguay,2020-08-16,1421.0,404.0,1182.0,38.0,0.0267,12.0,1.0
Uruguay,2020-08-17,1440.0,409.0,1200.0,38.0,0.0264,19.0,0.0
Uruguay,2020-08-18,1457.0,414.0,1205.0,40.0,0.0275,17.0,2.0
Uruguay,2020-08-19,1485.0,422.0,1219.0,40.0,0.0269,28.0,0.0
Uruguay,2020-08-20,1485.0,422.0,1219.0,40.0,0.0269,0.0,0.0
Uruguay,2020-08-22,1506.0,428.0,1242.0,41.0,0.0272,21.0,1.0
Uruguay,2020-08-23,1516.0,431.0,1249.0,42.0,0.0277,10.0,1.0
Uruguay,2020-08-24,1521.0,432.0,1264.0,42.0,0.0276,5.0,0.0
Uruguay,2020-08-25,1527.0,434.0,1276.0,42.0,0.0275,6.0,0.0
Uruguay,2020-08-26,1533.0,436.0,1295.0,42.0,0.0274,6.0,0.0
Uruguay,2020-08-27,1536.0,437.0,1309.0,43.0,0.027999999999999997,3.0,1.0
Uruguay,2020-08-28,1536.0,437.0,1309.0,43.0,0.027999999999999997,0.0,0.0
Uruguay,2020-08-29,1556.0,442.0,1352.0,43.0,0.0276,20.0,0.0
Uruguay,2020-08-30,1570.0,446.0,1364.0,44.0,0.027999999999999997,14.0,1.0
Uruguay,2020-08-31,1570.0,446.0,1364.0,44.0,0.027999999999999997,0.0,0.0
Uruguay,2020-09-01,1585.0,450.0,1378.0,44.0,0.0278,15.0,0.0
Uruguay,2020-09-02,1595.0,453.0,1409.0,44.0,0.0276,10.0,0.0
Uruguay,2020-09-03,1611.0,458.0,1419.0,44.0,0.0273,16.0,0.0
Uruguay,2020-09-04,1636.0,465.0,1437.0,44.0,0.0269,25.0,0.0
Uruguay,2020-09-05,1636.0,465.0,1437.0,44.0,0.0269,0.0,0.0
Uruguay,2020-09-07,1679.0,477.0,1459.0,45.0,0.0268,43.0,1.0
Uruguay,2020-09-08,1679.0,477.0,1459.0,45.0,0.0268,0.0,0.0
Uruguay,2020-09-09,1693.0,481.0,1466.0,45.0,0.0266,14.0,0.0
Uruguay,2020-09-10,1712.0,487.0,1476.0,45.0,0.0263,19.0,0.0
Uruguay,2020-09-11,1741.0,495.0,1478.0,45.0,0.0258,29.0,0.0
Uruguay,2020-09-12,1759.0,500.0,1484.0,45.0,0.0256,18.0,0.0
Uruguay,2020-09-12,1759.0,500.0,1484.0,45.0,0.0256,0.0,0.0
