Location,Date,Confirmed,Case_Per_1M_people,Recovered,Deaths,Mortality,Cases per 1 million people,NewConfirmed,NewDeaths
Uzbekistan,2020-03-31,150.0,5.54,7.0,2.0,0.013333333000000001,,0.0,0.0
Uzbekistan,2020-04-01,167.0,6.17,7.0,2.0,0.011976047904191616,,17.0,0.0
Uzbekistan,2020-04-02,181.0,6.69,12.0,2.0,0.011049723756906077,,14.0,0.0
Uzbekistan,2020-04-03,205.0,7.57,25.0,2.0,0.00975609756097561,,24.0,0.0
Uzbekistan,2020-04-07,397.0,11.64,30.0,2.0,0.005037783375314861,,192.0,0.0
Uzbekistan,2020-04-10,582.0,17.07,38.0,3.0,0.005154639175257732,,185.0,1.0
Uzbekistan,2020-04-11,624.0,18.3,38.0,3.0,0.004807692307692308,,42.0,0.0
Uzbekistan,2020-04-12,767.0,22.49,42.0,3.0,0.003911342894393742,,143.0,0.0
Uzbekistan,2020-04-14,1054.0,30.91,85.0,4.0,0.003795066413662239,,287.0,1.0
Uzbekistan,2020-04-17,1349.0,39.56,107.0,4.0,0.0029651593773165306,,295.0,0.0
Uzbekistan,2020-04-18,1450.0,42.52,156.0,4.0,0.0027586206896551718,,101.0,0.0
Uzbekistan,2020-04-20,1565.0,45.89,225.0,5.0,0.003194888178913738,,115.0,1.0
Uzbekistan,2020-04-22,1678.0,49.2,357.0,6.0,0.003575685339690107,,113.0,1.0
Uzbekistan,2020-04-23,1716.0,50.32,450.0,7.0,0.004079254079254079,,38.0,1.0
Uzbekistan,2020-04-24,1778.0,52.14,582.0,7.0,0.003937007874015748,,62.0,0.0
Uzbekistan,2020-04-25,1804.0,52.9,621.0,8.0,0.004434589800443459,,26.0,1.0
Uzbekistan,2020-04-26,1862.0,54.6,707.0,8.0,0.004296455424274973,,58.0,0.0
Uzbekistan,2020-04-27,1869.0,54.8,765.0,8.0,0.004280363830925628,,7.0,0.0
Uzbekistan,2020-04-28,1904.0,55.83,892.0,8.0,0.004201680672268907,,35.0,0.0
Uzbekistan,2020-04-29,1939.0,56.86,958.0,8.0,0.0041258380608561115,,35.0,0.0
Uzbekistan,2020-04-30,1939.0,56.86,958.0,8.0,0.0041258380608561115,,0.0,0.0
Uzbekistan,2020-05-01,2031.0,60.0,1096.0,9.0,0.004431314623338257,,92.0,1.0
Uzbekistan,2020-05-02,2086.0,61.0,1212.0,9.0,0.004314477468839885,,55.0,0.0
Uzbekistan,2020-05-03,2118.0,62.0,1271.0,9.0,0.00424929178470255,,32.0,0.0
Uzbekistan,2020-05-04,2127.0,62.0,1271.0,9.0,0.0042313117066290545,,9.0,0.0
Uzbekistan,2020-05-05,2189.0,64.0,1405.0,10.0,0.0045682960255824575,,62.0,1.0
Uzbekistan,2020-05-06,2204.0,65.0,1501.0,10.0,0.004537205081669693,,15.0,0.0
Uzbekistan,2020-05-07,2233.0,65.0,1577.0,10.0,0.0044782803403493054,,29.0,0.0
Uzbekistan,2020-05-08,2298.0,67.0,1656.0,10.0,0.004351610095735422,,65.0,0.0
Uzbekistan,2020-05-09,2325.0,68.0,1775.0,10.0,0.004301075268817204,,27.0,0.0
Uzbekistan,2020-05-10,2387.0,70.0,1856.0,10.0,0.0041893590280687055,,62.0,0.0
Uzbekistan,2020-05-11,2418.0,71.0,1881.0,10.0,0.00413564929693962,,31.0,0.0
Uzbekistan,2020-05-12,2509.0,74.0,1988.0,10.0,0.0039856516540454365,,91.0,0.0
Uzbekistan,2020-05-13,2568.0,75.0,2046.0,10.0,0.003894080996884735,,59.0,0.0
Uzbekistan,2020-05-15,2645.0,78.0,2136.0,11.0,0.004158790170132325,,77.0,1.0
Uzbekistan,2020-05-16,2686.0,79.0,2158.0,11.0,0.004095309009679821,,41.0,0.0
Uzbekistan,2020-05-17,2738.0,80.0,2213.0,11.0,0.004017531044558071,,52.0,0.0
Uzbekistan,2020-05-18,2753.0,81.0,2247.0,12.0,0.004358881220486742,,15.0,1.0
Uzbekistan,2020-05-19,2791.0,82.0,2314.0,13.0,0.004657828735220351,,38.0,1.0
Uzbekistan,2020-05-20,2855.0,84.0,2338.0,13.0,0.004553415061295972,,64.0,0.0
,2020-05-21,,,,,,,,
Uzbekistan,2020-05-22,2967.0,87.0,2407.0,13.0,0.004381530165149983,,,
Uzbekistan,2020-05-23,3028.0,89.0,2492.0,13.0,0.0042932628797886395,,61.0,0.0
Uzbekistan,2020-05-24,3115.0,91.0,2532.0,13.0,0.004173354735152488,,87.0,0.0
Uzbekistan,2020-05-25,3164.0,93.0,2565.0,13.0,0.0041087231352718075,,49.0,0.0
Uzbekistan,2020-05-26,3215.0,94.0,2607.0,13.0,0.004043545878693624,,51.0,0.0
Uzbekistan,2020-05-27,3290.0,96.0,2636.0,14.0,0.00425531914893617,,75.0,1.0
Uzbekistan,2020-05-28,3369.0,99.0,2668.0,14.0,0.004155535767289997,,79.0,0.0
Uzbekistan,2020-05-29,3444.0,101.0,2694.0,14.0,0.0040650406504065045,,75.0,0.0
Uzbekistan,2020-05-30,3488.0,102.0,2728.0,14.0,0.004013761467889909,,44.0,0.0
Uzbekistan,2020-05-31,3546.0,104.0,2783.0,14.0,0.003948110547095319,,58.0,0.0
Uzbekistan,2020-06-01,3623.0,106.0,2837.0,15.0,0.004140215291195142,,77.0,1.0
Uzbekistan,2020-06-02,3702.0,109.0,2859.0,15.0,0.004051863857374392,,79.0,0.0
Uzbekistan,2020-06-03,3760.0,110.0,2908.0,15.0,0.004,,58.0,0.0
Uzbekistan,2020-06-04,3874.0,114.0,3014.0,16.0,0.0041,,114.0,1.0
Uzbekistan,2020-06-05,3939.0,116.0,3087.0,16.0,0.0041,,65.0,0.0
Uzbekistan,2020-06-06,4007.0,117.0,32247.0,16.0,0.004,,68.0,0.0
Uzbekistan,2020-06-07,4094.0,120.0,3268.0,17.0,0.0042,,87.0,1.0
Uzbekistan,2020-06-08,4331.0,127.0,3354.0,17.0,0.0039,,237.0,0.0
Uzbekistan,2020-06-09,4448.0,130.0,3357.0,18.0,0.004,,117.0,1.0
Uzbekistan,2020-06-10,4520.0,133.0,3459.0,18.0,0.004,,72.0,0.0
Uzbekistan,2020-06-12,4741.0,139.0,3637.0,19.0,0.004,,221.0,1.0
Uzbekistan,2020-06-13,4869.0,143.0,3758.0,19.0,0.0039,,128.0,0.0
Uzbekistan,2020-06-14,4966.0,146.0,3874.0,19.0,0.0038,,97.0,0.0
Uzbekistan,2020-06-15,5051.0,148.0,3910.0,19.0,0.0038,,85.0,0.0
Uzbekistan,2020-06-16,5263.0,154.0,4019.0,19.0,0.0036,,212.0,0.0
Uzbekistan,2020-06-17,5493.0,161.0,4096.0,19.0,0.0035,,230.0,0.0
Uzbekistan,2020-06-18,5682.0,167.0,4131.0,19.0,0.0033,,189.0,0.0
Uzbekistan,2020-06-19,5767.0,169.0,4166.0,19.0,0.0033,,85.0,0.0
Uzbekistan,2020-06-20,5946.0,174.0,4273.0,19.0,0.0032,,179.0,0.0
Uzbekistan,2020-06-21,6153.0,180.0,42790.0,19.0,0.0031,,207.0,0.0
Uzbekistan,2020-06-22,6315.0,185.0,4377.0,19.0,0.003,,162.0,0.0
Uzbekistan,2020-06-23,6461.0,189.0,4450.0,19.0,0.0029,,146.0,0.0
Uzbekistan,2020-06-24,6662.0,195.0,4560.0,19.0,0.0029,,201.0,0.0
Uzbekistan,2020-06-25,6901.0,202.0,4685.0,19.0,0.0028,,239.0,0.0
Uzbekistan,2020-06-26,7177.0,210.0,4877.0,20.0,0.0028,,276.0,1.0
Uzbekistan,2020-06-27,7427.0,218.0,5038.0,20.0,0.0027,,250.0,0.0
Uzbekistan,2020-06-28,7682.0,225.0,5240.0,20.0,0.0026,,255.0,0.0
Uzbekistan,2020-06-29,7948.0,233.0,5329.0,22.0,0.0028,,266.0,2.0
Uzbekistan,2020-06-30,8222.0,241.0,5496.0,23.0,0.0028,,274.0,1.0
Uzbekistan,2020-07-01,8503.0,249.0,5682.0,26.0,0.0031,,281.0,3.0
Uzbekistan,2020-07-02,8781.0,257.0,5847.0,26.0,0.003,,278.0,0.0
Uzbekistan,2020-07-03,9199.0,270.0,6034.0,27.0,0.0029,,418.0,1.0
Uzbekistan,2020-07-04,9396.0,276.0,6251.0,29.0,0.0031,,197.0,2.0
Uzbekistan,2020-07-05,9708.0,285.0,6425.0,31.0,0.0032,,312.0,2.0
Uzbekistan,2020-07-06,10020.0,294.0,6584.0,34.0,0.0034,,312.0,3.0
Uzbekistan,2020-07-07,10362.0,304.0,6628.0,37.0,0.0036,,342.0,3.0
Uzbekistan,2020-07-09,10982.0,322.0,6888.0,42.0,0.0038,,620.0,5.0
Uzbekistan,2020-07-10,11447.0,336.0,7082.0,49.0,0.0043,,465.0,7.0
Uzbekistan,2020-07-11,12027.0,353.0,7530.0,54.0,0.0045,,580.0,5.0
Uzbekistan,2020-07-12,12402.0,364.0,7540.0,56.0,0.0045,,375.0,2.0
Uzbekistan,2020-07-13,12855.0,377.0,7723.0,60.0,0.0047,,453.0,4.0
Uzbekistan,2020-07-14,13872.0,407.0,8030.0,64.0,0.0046,,1017.0,4.0
Uzbekistan,2020-07-15,13993.0,410.0,8030.0,65.0,0.0046,,121.0,1.0
Uzbekistan,2020-07-16,14466.0,424.0,8343.0,69.0,0.0048,,473.0,4.0
Uzbekistan,2020-07-18,15482.0,454.0,8783.0,77.0,0.005,,1016.0,8.0
Uzbekistan,2020-07-19,16186.0,475.0,9127.0,83.0,0.0051,,704.0,6.0
Uzbekistan,2020-07-19,16186.0,475.0,9127.0,83.0,0.0051,,0.0,0.0
Uzbekistan,2020-07-21,17149.0,503.0,9387.0,90.0,0.0052,,963.0,7.0
Uzbekistan,2020-07-22,17881.0,524.0,9521.0,95.0,0.0053,,732.0,5.0
Uzbekistan,2020-07-23,18324.0,537.0,9554.0,97.0,0.0053,,443.0,2.0
Uzbekistan,2020-07-24,18868.0,553.0,10149.0,102.0,0.0054,,544.0,5.0
Uzbekistan,2020-07-25,19360.0,568.0,10472.0,106.0,0.0055,,492.0,4.0
Uzbekistan,2020-07-26,19952.0,585.0,10831.0,111.0,0.0056,,592.0,5.0
Uzbekistan,2020-07-27,20531.0,602.0,11105.0,116.0,0.0056,,579.0,5.0
Uzbekistan,2020-07-28,21506.0,631.0,11674.0,122.0,0.0057,,975.0,6.0
Uzbekistan,2020-07-29,21699.0,636.0,12026.0,124.0,0.0057,,193.0,2.0
Uzbekistan,2020-07-30,22585.0,662.0,12937.0,131.0,0.0058,,886.0,7.0
Uzbekistan,2020-07-31,23078.0,677.0,13432.0,134.0,0.0058,,493.0,3.0
Uzbekistan,2020-08-01,24009.0,704.0,14464.0,141.0,0.0059,,931.0,7.0
Uzbekistan,2020-08-02,25040.0,734.0,15299.0,149.0,0.006,,1031.0,8.0
Uzbekistan,2020-08-03,25336.0,743.0,15833.0,151.0,0.006,,296.0,2.0
Uzbekistan,2020-08-04,26066.0,764.0,16838.0,157.0,0.006,,730.0,6.0
Uzbekistan,2020-08-05,26804.0,786.0,17838.0,163.0,0.0061,,738.0,6.0
Uzbekistan,2020-08-06,27793.0,815.0,18783.0,171.0,0.0062,,989.0,8.0
Uzbekistan,2020-08-07,28315.0,830.0,19291.0,175.0,0.0062,,522.0,4.0
Uzbekistan,2020-08-08,29057.0,852.0,20059.0,181.0,0.0062,,742.0,6.0
Uzbekistan,2020-08-09,29652.0,869.0,21006.0,187.0,0.0063,,595.0,6.0
Uzbekistan,2020-08-10,30609.0,898.0,22042.0,194.0,0.0063,,957.0,7.0
Uzbekistan,2020-08-11,31304.0,918.0,22992.0,200.0,0.0064,,695.0,6.0
Uzbekistan,2020-08-12,31747.0,931.0,23704.0,204.0,0.0064,,443.0,4.0
Uzbekistan,2020-08-13,32465.0,952.0,25106.0,210.0,0.0065,,718.0,6.0
Uzbekistan,2020-08-14,33093.0,970.0,26270.0,215.0,0.0065,,628.0,5.0
Uzbekistan,2020-08-15,33821.0,992.0,27825.0,220.0,0.0065,,728.0,5.0
Uzbekistan,2020-08-16,34251.0,1004.0,28661.0,223.0,0.0065,,430.0,3.0
Uzbekistan,2020-08-17,35329.0,1036.0,30973.0,232.0,0.0066,,1078.0,9.0
Uzbekistan,2020-08-18,35702.0,1047.0,31384.0,236.0,0.0066,,373.0,4.0
Uzbekistan,2020-08-19,36352.0,1066.0,32062.0,242.0,0.0067,,650.0,6.0
Uzbekistan,2020-08-20,37112.0,1088.0,32944.0,248.0,0.0067,,760.0,6.0
Uzbekistan,2020-08-22,38074.0,1116.0,33989.0,258.0,0.0068,,962.0,10.0
Uzbekistan,2020-08-23,38412.0,1126.0,34351.0,265.0,0.0069,,338.0,7.0
Uzbekistan,2020-08-24,38946.0,1142.0,34987.0,273.0,0.006999999999999999,,534.0,8.0
Uzbekistan,2020-08-25,39156.0,1148.0,35283.0,277.0,0.0071,,210.0,4.0
Uzbekistan,2020-08-26,39641.0,1162.0,35869.0,284.0,0.0072,,485.0,7.0
Uzbekistan,2020-08-27,39964.0,1172.0,36402.0,291.0,0.0073,,323.0,7.0
Uzbekistan,2020-08-28,40338.0,1183.0,37116.0,297.0,0.0074,,374.0,6.0
Uzbekistan,2020-08-29,40720.0,1194.0,37873.0,302.0,0.0074,,382.0,5.0
Uzbekistan,2020-08-30,41067.0,1204.0,38250.0,307.0,0.0075,,347.0,5.0
Uzbekistan,2020-08-31,41424.0,1215.0,38655.0,313.0,0.0076,,357.0,6.0
Uzbekistan,2020-09-01,41893.0,1228.0,39275.0,320.0,0.0076,,469.0,7.0
Uzbekistan,2020-09-02,42127.0,1235.0,39538.0,323.0,0.0077,,234.0,3.0
Uzbekistan,2020-09-03,42437.0,1244.0,39862.0,327.0,0.0077,,310.0,4.0
Uzbekistan,2020-09-04,42688.0,1252.0,40081.0,331.0,0.0078,,251.0,4.0
Uzbekistan,2020-09-05,42998.0,1261.0,40392.0,338.0,0.0079,,310.0,7.0
Uzbekistan,2020-09-07,43476.0,1275.0,40880.0,345.0,0.0079,,478.0,7.0
Uzbekistan,2020-09-08,43893.0,1287.0,41531.0,352.0,0.008,,417.0,7.0
Uzbekistan,2020-09-09,44281.0,1298.0,41825.0,358.0,0.0081,,388.0,6.0
Uzbekistan,2020-09-10,44781.0,1313.0,42162.0,364.0,0.0081,,500.0,6.0
Uzbekistan,2020-09-11,45473.0,1333.0,42509.0,370.0,0.0081,,692.0,6.0
Uzbekistan,2020-09-12,46160.0,1354.0,42857.0,377.0,0.0082,,687.0,7.0
Uzbekistan,2020-09-13,46721.0,1370.0,43359.0,384.0,0.0082,,561.0,7.0
Uzbekistan,2020-09-14,47287.0,1387.0,43866.0,390.0,0.0082,,566.0,6.0
Uzbekistan,2020-09-15,47836.0,1403.0,44375.0,396.0,0.0083,,549.0,6.0
Uzbekistan,2020-09-16,48565.0,1424.0,45058.0,403.0,0.0083,,729.0,7.0
Uzbekistan,2020-09-17,49015.0,1437.0,45422.0,407.0,0.0083,,450.0,4.0
Uzbekistan,2020-09-18,49627.0,1455.0,45970.0,413.0,0.0083,,612.0,6.0
Uzbekistan,2020-09-20,50992.0,1495.0,47271.0,427.0,0.0084,,1365.0,14.0
Uzbekistan,2020-09-21,51640.0,1514.0,47932.0,433.0,0.0084,,648.0,6.0
Uzbekistan,2020-09-22,52070.0,1527.0,48369.0,437.0,0.0084,,430.0,4.0
Uzbekistan,2020-09-23,52685.0,1545.0,49067.0,442.0,0.0084,,615.0,5.0
Uzbekistan,2020-09-24,53275.0,0.0,,444.0,0.0083,1562.0,590.0,2.0
Uzbekistan,2020-09-25,53834.0,0.0,,446.0,0.0083,1579.0,559.0,2.0
Uzbekistan,2020-09-26,54392.0,0.0,,449.0,0.0083,1595.0,558.0,3.0
Uzbekistan,2020-09-27,54819.0,0.0,,452.0,0.0082,1607.0,427.0,3.0
Uzbekistan,2020-09-28,55320.0,0.0,,458.0,0.0083,1622.0,501.0,6.0
Uzbekistan,2020-09-29,55776.0,0.0,,460.0,0.0082,1635.0,456.0,2.0
Uzbekistan,2020-09-30,56354.0,0.0,,466.0,0.0083,1652.0,578.0,6.0
Uzbekistan,2020-10-02,57190.0,0.0,,471.0,0.0082,1677.0,836.0,5.0
Uzbekistan,2020-10-03,57190.0,0.0,,471.0,0.0082,1677.0,0.0,0.0
Uzbekistan,2020-10-04,57454.0,0.0,,472.0,0.0082,1685.0,264.0,1.0
Uzbekistan,2020-10-05,58238.0,0.0,,477.0,0.0082,1708.0,784.0,5.0
Uzbekistan,2020-10-06,58612.0,0.0,,480.0,0.0082,1719.0,374.0,3.0
Uzbekistan,2020-10-08,59343.0,0.0,,489.0,0.0082,1740.0,731.0,9.0
Uzbekistan,2020-10-09,59579.0,0.0,,491.0,0.0082,1747.0,236.0,2.0
Uzbekistan,2020-10-10,60026.0,0.0,,496.0,0.0083,1760.0,447.0,5.0
Uzbekistan,2020-10-11,60342.0,0.0,,498.0,0.0083,1769.0,316.0,2.0
Uzbekistan,2020-10-12,60776.0,0.0,,502.0,0.0083,1782.0,434.0,4.0
Uzbekistan,2020-10-13,61098.0,0.0,,505.0,0.0083,1792.0,322.0,3.0
Uzbekistan,2020-10-14,61319.0,0.0,,509.0,0.0083,1798.0,221.0,4.0
Uzbekistan,2020-10-15,61642.0,0.0,,511.0,0.0083,1807.0,323.0,2.0
Uzbekistan,2020-10-18,62588.0,0.0,,520.0,0.0083,1835.0,946.0,9.0
Uzbekistan,2020-10-19,62809.0,0.0,,522.0,0.0083,1842.0,221.0,2.0
Uzbekistan,2020-10-20,63124.0,0.0,,525.0,0.0083,1851.0,315.0,3.0
Uzbekistan,2020-10-22,63831.0,0.0,,534.0,0.0084,1872.0,707.0,9.0
Uzbekistan,2020-10-23,64010.0,0.0,,534.0,0.0083,1877.0,179.0,0.0
Uzbekistan,2020-10-24,64439.0,0.0,,540.0,0.0084,1889.0,429.0,6.0
Uzbekistan,2020-10-25,64724.0,0.0,,542.0,0.0084,1898.0,285.0,2.0
Uzbekistan,2020-10-26,64923.0,0.0,,544.0,0.0084,1904.0,199.0,2.0
Uzbekistan,2020-10-27,65307.0,0.0,,549.0,0.0084,1915.0,384.0,5.0
Uzbekistan,2020-10-28,65667.0,0.0,,552.0,0.0084,1926.0,360.0,3.0
