Location,Date,Confirmed,Case_Per_1M_people,Recovered,Deaths,Mortality,Cases per 1 million people,NewConfirmed,NewDeaths
Venezuela,2020-03-31,135.0,4.28,39.0,3.0,0.022222222000000003,,0.0,0.0
Venezuela,2020-04-01,143.0,4.53,41.0,3.0,0.02097902097902098,,8.0,0.0
Venezuela,2020-04-02,143.0,4.53,41.0,3.0,0.02097902097902098,,0.0,0.0
Venezuela,2020-04-03,144.0,4.56,43.0,3.0,0.02083333333333333,,1.0,0.0
Venezuela,2020-04-07,159.0,4.93,52.0,7.0,0.0440251572327044,,15.0,4.0
Venezuela,2020-04-10,171.0,5.31,84.0,9.0,0.05263157894736842,,12.0,2.0
Venezuela,2020-04-11,175.0,5.43,84.0,9.0,0.051428571428571435,,4.0,0.0
Venezuela,2020-04-12,175.0,5.43,84.0,9.0,0.051428571428571435,,0.0,0.0
Venezuela,2020-04-14,189.0,5.87,110.0,9.0,0.047619047619047616,,14.0,0.0
Venezuela,2020-04-17,197.0,6.11,111.0,9.0,0.045685279187817264,,8.0,0.0
Venezuela,2020-04-18,204.0,6.33,111.0,9.0,0.04411764705882353,,7.0,0.0
Venezuela,2020-04-20,256.0,7.95,117.0,9.0,0.03515625,,52.0,0.0
Venezuela,2020-04-22,285.0,8.85,117.0,10.0,0.03508771929824561,,29.0,1.0
Venezuela,2020-04-23,298.0,9.25,122.0,10.0,0.03355704697986577,,13.0,0.0
Venezuela,2020-04-24,311.0,9.65,126.0,10.0,0.03215434083601286,,13.0,0.0
Venezuela,2020-04-25,318.0,9.87,132.0,10.0,0.031446540880503145,,7.0,0.0
Venezuela,2020-04-26,323.0,10.02,132.0,10.0,0.030959752321981424,,5.0,0.0
Venezuela,2020-04-27,325.0,10.09,137.0,10.0,0.030769230769230767,,2.0,0.0
Venezuela,2020-04-28,325.0,10.09,137.0,10.0,0.030769230769230767,,0.0,0.0
Venezuela,2020-04-29,329.0,10.21,142.0,10.0,0.030395136778115506,,4.0,0.0
Venezuela,2020-04-30,329.0,10.21,142.0,10.0,0.030395136778115506,,0.0,0.0
Venezuela,2020-05-01,333.0,10.0,142.0,10.0,0.03003003003003003,,4.0,0.0
Venezuela,2020-05-02,335.0,10.0,148.0,10.0,0.02985074626865672,,2.0,0.0
Venezuela,2020-05-03,345.0,11.0,148.0,10.0,0.028985507246376805,,10.0,0.0
Venezuela,2020-05-04,345.0,11.0,148.0,10.0,0.028985507246376805,,0.0,0.0
Venezuela,2020-05-05,361.0,11.0,158.0,10.0,0.027700831024930747,,16.0,0.0
Venezuela,2020-05-06,361.0,11.0,158.0,10.0,0.027700831024930747,,0.0,0.0
Venezuela,2020-05-07,367.0,11.0,164.0,10.0,0.027247956403269755,,6.0,0.0
Venezuela,2020-05-08,379.0,12.0,176.0,10.0,0.02638522427440633,,12.0,0.0
Venezuela,2020-05-09,388.0,12.0,190.0,10.0,0.02577319587628866,,9.0,0.0
Venezuela,2020-05-10,402.0,12.0,190.0,10.0,0.02487562189054726,,14.0,0.0
Venezuela,2020-05-11,414.0,13.0,190.0,10.0,0.024154589371980683,,12.0,0.0
Venezuela,2020-05-12,422.0,13.0,205.0,10.0,0.02369668246445497,,8.0,0.0
Venezuela,2020-05-13,423.0,13.0,220.0,10.0,0.023640661938534282,,1.0,0.0
Venezuela,2020-05-15,455.0,14.0,220.0,10.0,0.02197802197802198,,32.0,0.0
Venezuela,2020-05-16,459.0,14.0,229.0,10.0,0.02178649237472767,,4.0,0.0
Venezuela,2020-05-17,459.0,14.0,229.0,10.0,0.02178649237472767,,0.0,0.0
Venezuela,2020-05-18,541.0,17.0,241.0,10.0,0.018484288354898338,,82.0,0.0
Venezuela,2020-05-19,618.0,19.0,253.0,10.0,0.016181229773462782,,77.0,0.0
Venezuela,2020-05-20,618.0,19.0,253.0,10.0,0.016181229773462782,,0.0,0.0
,2020-05-21,,,,,,,,
Venezuela,2020-05-22,882.0,27.0,262.0,10.0,0.011337868480725623,,,
Venezuela,2020-05-23,944.0,29.0,262.0,10.0,0.01059322033898305,,62.0,0.0
Venezuela,2020-05-24,944.0,29.0,262.0,10.0,0.01059322033898305,,0.0,0.0
Venezuela,2020-05-25,1121.0,35.0,262.0,10.0,0.008920606601248885,,177.0,0.0
Venezuela,2020-05-26,1121.0,35.0,262.0,10.0,0.008920606601248885,,0.0,0.0
Venezuela,2020-05-27,1211.0,38.0,302.0,11.0,0.009083402146985962,,90.0,1.0
Venezuela,2020-05-28,1245.0,39.0,302.0,11.0,0.008835341365461847,,34.0,0.0
Venezuela,2020-05-29,1327.0,41.0,302.0,11.0,0.008289374529012811,,82.0,0.0
Venezuela,2020-05-30,1370.0,43.0,302.0,14.0,0.01021897810218978,,43.0,3.0
Venezuela,2020-05-31,1459.0,45.0,302.0,14.0,0.009595613433858808,,89.0,0.0
Venezuela,2020-06-01,1459.0,45.0,302.0,14.0,0.009595613433858808,,0.0,0.0
Venezuela,2020-06-02,1662.0,52.0,302.0,17.0,0.010228640192539109,,203.0,3.0
Venezuela,2020-06-03,1819.0,56.0,334.0,18.0,0.0099,,157.0,1.0
Venezuela,2020-06-04,1952.0,61.0,334.0,20.0,0.0102,,133.0,2.0
Venezuela,2020-06-05,2087.0,65.0,385.0,20.0,0.0096,,135.0,0.0
Venezuela,2020-06-06,2087.0,65.0,385.0,20.0,0.0096,,0.0,0.0
Venezuela,2020-06-07,2145.0,67.0,334.0,20.0,0.0093,,58.0,0.0
Venezuela,2020-06-08,2377.0,74.0,487.0,22.0,0.0093,,232.0,2.0
Venezuela,2020-06-09,2473.0,77.0,487.0,22.0,0.0089,,96.0,0.0
Venezuela,2020-06-10,2473.0,77.0,487.0,22.0,0.0089,,0.0,0.0
Venezuela,2020-06-12,2738.0,85.0,487.0,23.0,0.0084,,265.0,1.0
Venezuela,2020-06-13,2814.0,87.0,487.0,23.0,0.0082,,76.0,0.0
Venezuela,2020-06-14,2879.0,89.0,487.0,23.0,0.008,,65.0,0.0
Venezuela,2020-06-15,2904.0,90.0,715.0,24.0,0.0083,,25.0,1.0
Venezuela,2020-06-16,2978.0,92.0,835.0,25.0,0.0084,,74.0,1.0
Venezuela,2020-06-17,3150.0,98.0,835.0,27.0,0.0086,,172.0,2.0
Venezuela,2020-06-18,3386.0,105.0,835.0,28.0,0.0083,,236.0,1.0
Venezuela,2020-06-19,3386.0,105.0,835.0,28.0,0.0083,,0.0,0.0
Venezuela,2020-06-20,3591.0,111.0,835.0,30.0,0.0084,,205.0,2.0
Venezuela,2020-06-21,3591.0,111.0,835.0,30.0,0.0084,,0.0,0.0
Venezuela,2020-06-22,3790.0,118.0,835.0,33.0,0.0087,,199.0,3.0
Venezuela,2020-06-23,3790.0,118.0,835.0,33.0,0.0087,,0.0,0.0
Venezuela,2020-06-24,4186.0,130.0,1327.0,35.0,0.0084,,396.0,2.0
Venezuela,2020-06-25,4365.0,135.0,1327.0,38.0,0.0087,,179.0,3.0
Venezuela,2020-06-26,4365.0,135.0,1327.0,38.0,0.0087,,0.0,0.0
Venezuela,2020-06-27,4563.0,142.0,1327.0,39.0,0.0085,,198.0,1.0
Venezuela,2020-06-28,4779.0,148.0,1327.0,41.0,0.0086,,216.0,2.0
Venezuela,2020-06-29,5130.0,159.0,1649.0,42.0,0.0082,,351.0,1.0
Venezuela,2020-06-30,5297.0,164.0,1649.0,44.0,0.0083,,167.0,2.0
Venezuela,2020-07-01,5832.0,181.0,1649.0,51.0,0.0087,,535.0,7.0
Venezuela,2020-07-02,5832.0,181.0,1649.0,51.0,0.0087,,0.0,0.0
Venezuela,2020-07-03,6062.0,188.0,1649.0,51.0,0.0084,,230.0,0.0
Venezuela,2020-07-04,6537.0,203.0,2100.0,59.0,0.009000000000000001,,475.0,8.0
Venezuela,2020-07-05,6537.0,203.0,2100.0,59.0,0.009000000000000001,,0.0,0.0
Venezuela,2020-07-06,6750.0,210.0,2100.0,62.0,0.0092,,213.0,3.0
Venezuela,2020-07-07,7411.0,230.0,2100.0,68.0,0.0092,,661.0,6.0
Venezuela,2020-07-09,7693.0,239.0,2100.0,71.0,0.0092,,282.0,3.0
Venezuela,2020-07-10,8010.0,249.0,2544.0,75.0,0.0094,,317.0,4.0
Venezuela,2020-07-11,8372.0,260.0,2544.0,80.0,0.0096,,362.0,5.0
Venezuela,2020-07-12,8803.0,273.0,2671.0,83.0,0.0094,,431.0,3.0
Venezuela,2020-07-13,9178.0,285.0,2671.0,85.0,0.0093,,375.0,2.0
Venezuela,2020-07-14,9707.0,301.0,2671.0,93.0,0.0096,,529.0,8.0
Venezuela,2020-07-15,10010.0,311.0,0.0,96.0,0.0096,,303.0,3.0
Venezuela,2020-07-16,10010.0,311.0,2671.0,96.0,0.0096,,0.0,0.0
Venezuela,2020-07-18,10854.0,337.0,3255.0,104.0,0.0096,,844.0,8.0
Venezuela,2020-07-19,11191.0,347.0,3852.0,107.0,0.0096,,337.0,3.0
Venezuela,2020-07-19,11191.0,347.0,3852.0,107.0,0.0096,,0.0,0.0
Venezuela,2020-07-21,11891.0,369.0,3972.0,112.0,0.0094,,700.0,5.0
Venezuela,2020-07-22,12774.0,396.0,6983.0,120.0,0.0094,,883.0,8.0
Venezuela,2020-07-23,12774.0,396.0,6983.0,120.0,0.0094,,0.0,0.0
Venezuela,2020-07-24,13164.0,409.0,7471.0,124.0,0.0094,,390.0,4.0
Venezuela,2020-07-25,13613.0,423.0,7752.0,129.0,0.0095,,449.0,5.0
Venezuela,2020-07-26,14929.0,463.0,8127.0,138.0,0.0092,,1316.0,9.0
Venezuela,2020-07-27,14929.0,463.0,8795.0,138.0,0.0092,,0.0,0.0
Venezuela,2020-07-28,15463.0,480.0,9746.0,142.0,0.0092,,534.0,4.0
Venezuela,2020-07-29,16571.0,514.0,10195.0,151.0,0.0091,,1108.0,9.0
Venezuela,2020-07-30,16571.0,514.0,10195.0,151.0,0.0091,,0.0,0.0
Venezuela,2020-07-31,17158.0,533.0,10421.0,156.0,0.0091,,587.0,5.0
Venezuela,2020-08-01,18574.0,576.0,10666.0,164.0,0.0088,,1416.0,8.0
Venezuela,2020-08-02,19443.0,603.0,10837.0,169.0,0.0087,,869.0,5.0
Venezuela,2020-08-03,19443.0,603.0,10837.0,169.0,0.0087,,0.0,0.0
Venezuela,2020-08-04,20206.0,627.0,11404.0,174.0,0.0086,,763.0,5.0
Venezuela,2020-08-05,20754.0,644.0,11404.0,180.0,0.0087,,548.0,6.0
Venezuela,2020-08-06,21438.0,665.0,11875.0,187.0,0.0087,,684.0,7.0
Venezuela,2020-08-07,22299.0,692.0,12146.0,195.0,0.0087,,861.0,8.0
Venezuela,2020-08-08,23280.0,723.0,12146.0,202.0,0.0087,,981.0,7.0
Venezuela,2020-08-09,24166.0,750.0,12470.0,208.0,0.0086,,886.0,6.0
Venezuela,2020-08-10,25805.0,801.0,13356.0,223.0,0.0086,,1639.0,15.0
Venezuela,2020-08-11,25805.0,801.0,13356.0,223.0,0.0086,,0.0,0.0
Venezuela,2020-08-12,26800.0,832.0,16930.0,229.0,0.0085,,995.0,6.0
Venezuela,2020-08-13,27938.0,867.0,19706.0,238.0,0.0085,,1138.0,9.0
Venezuela,2020-08-14,29088.0,903.0,21042.0,247.0,0.0085,,1150.0,9.0
Venezuela,2020-08-15,30369.0,943.0,21385.0,259.0,0.0085,,1281.0,12.0
Venezuela,2020-08-16,31381.0,974.0,21580.0,266.0,0.0085,,1012.0,7.0
Venezuela,2020-08-17,32607.0,1012.0,21747.0,276.0,0.0085,,1226.0,10.0
Venezuela,2020-08-18,33755.0,1048.0,22700.0,281.0,0.0083,,1148.0,5.0
Venezuela,2020-08-19,34802.0,1080.0,23575.0,288.0,0.0083,,1047.0,7.0
Venezuela,2020-08-20,35697.0,1108.0,24561.0,297.0,0.0083,,895.0,9.0
Venezuela,2020-08-22,37567.0,1166.0,26330.0,311.0,0.0083,,1870.0,14.0
Venezuela,2020-08-23,38188.0,1185.0,27306.0,317.0,0.0083,,621.0,6.0
Venezuela,2020-08-24,39564.0,1228.0,29966.0,329.0,0.0083,,1376.0,12.0
Venezuela,2020-08-25,39564.0,1228.0,29966.0,329.0,0.0083,,0.0,0.0
Venezuela,2020-08-26,40338.0,1252.0,31080.0,337.0,0.0084,,774.0,8.0
Venezuela,2020-08-27,41158.0,1277.0,32015.0,343.0,0.0083,,820.0,6.0
Venezuela,2020-08-28,41965.0,1302.0,32931.0,351.0,0.0084,,807.0,8.0
Venezuela,2020-08-29,42898.0,1331.0,34147.0,358.0,0.0083,,933.0,7.0
Venezuela,2020-08-30,43879.0,1362.0,34147.0,366.0,0.0083,,981.0,8.0
Venezuela,2020-08-31,44946.0,1395.0,36175.0,375.0,0.0083,,1067.0,9.0
Venezuela,2020-09-01,45868.0,1424.0,37091.0,381.0,0.0083,,922.0,6.0
Venezuela,2020-09-02,46728.0,1450.0,38112.0,386.0,0.0083,,860.0,5.0
Venezuela,2020-09-03,47756.0,1482.0,39027.0,391.0,0.0082,,1028.0,5.0
Venezuela,2020-09-04,48883.0,1517.0,39912.0,398.0,0.0081,,1127.0,7.0
Venezuela,2020-09-05,49877.0,1548.0,40574.0,402.0,0.0081,,994.0,4.0
Venezuela,2020-09-07,53289.0,1654.0,42006.0,428.0,0.008,,3412.0,26.0
Venezuela,2020-09-08,53289.0,1654.0,42006.0,428.0,0.008,,0.0,0.0
Venezuela,2020-09-09,54350.0,1687.0,43753.0,436.0,0.008,,1061.0,8.0
Venezuela,2020-09-10,55563.0,1725.0,44435.0,444.0,0.008,,1213.0,8.0
Venezuela,2020-09-11,56751.0,1761.0,45318.0,452.0,0.008,,1188.0,8.0
Venezuela,2020-09-12,58663.0,1821.0,46960.0,468.0,0.008,,1912.0,16.0
Venezuela,2020-09-13,58663.0,1821.0,46960.0,468.0,0.008,,0.0,0.0
Venezuela,2020-09-14,59630.0,1851.0,47229.0,477.0,0.008,,967.0,9.0
Venezuela,2020-09-15,60540.0,1879.0,48644.0,485.0,0.008,,910.0,8.0
Venezuela,2020-09-16,61569.0,1911.0,49371.0,494.0,0.008,,1029.0,9.0
Venezuela,2020-09-17,62655.0,1945.0,50361.0,502.0,0.008,,1086.0,8.0
Venezuela,2020-09-18,63416.0,1968.0,51274.0,511.0,0.0081,,761.0,9.0
Venezuela,2020-09-20,65174.0,2023.0,54218.0,530.0,0.0081,,1758.0,19.0
Venezuela,2020-09-21,65949.0,2047.0,55155.0,539.0,0.0082,,775.0,9.0
Venezuela,2020-09-22,66656.0,2069.0,56096.0,547.0,0.0082,,707.0,8.0
Venezuela,2020-09-23,67443.0,2093.0,56726.0,555.0,0.0082,,787.0,8.0
Venezuela,2020-09-24,68453.0,0.0,,564.0,0.0082,2125.0,1010.0,9.0
Venezuela,2020-09-25,69439.0,0.0,,574.0,0.0083,2155.0,986.0,10.0
Venezuela,2020-09-26,70406.0,0.0,,581.0,0.0083,2185.0,967.0,7.0
Venezuela,2020-09-27,71273.0,0.0,,591.0,0.0083,2212.0,867.0,10.0
Venezuela,2020-09-28,72691.0,0.0,,606.0,0.0083,2256.0,1418.0,15.0
Venezuela,2020-09-29,72691.0,0.0,,606.0,0.0083,2256.0,0.0,0.0
Venezuela,2020-09-30,73528.0,0.0,,614.0,0.0084,2282.0,837.0,8.0
Venezuela,2020-10-02,74363.0,0.0,,21.0,0.0003,2308.0,835.0,0.0
