Location,Date,Confirmed,Case_Per_1M_people,Recovered,Deaths,Mortality,Cases per 1 million people,NewCases,NewConfirmed,NewDeaths
,2020-03-31,,,,,,,,0.0,0.0
,2020-04-01,,,,,,,,,
,2020-04-02,,,,,,,,,
,2020-04-03,,,,,,,,,
,2020-04-07,,,,,,,,,
,2020-04-10,,,,,,,,,
Yemen,2020-04-11,1.0,0.03,0.0,0.0,0.0,,,,
Yemen,2020-04-12,1.0,0.03,0.0,0.0,0.0,,,0.0,0.0
Yemen,2020-04-14,1.0,0.03,0.0,0.0,0.0,,,0.0,0.0
Yemen,2020-04-17,1.0,0.03,0.0,0.0,0.0,,,0.0,0.0
Yemen,2020-04-18,1.0,0.03,0.0,0.0,0.0,,,0.0,0.0
Yemen,2020-04-20,1.0,0.03,0.0,0.0,0.0,,,0.0,0.0
Yemen,2020-04-22,1.0,0.03,0.0,0.0,0.0,,,0.0,0.0
Yemen,2020-04-23,1.0,0.03,0.0,0.0,0.0,,,0.0,0.0
Yemen,2020-04-24,1.0,0.03,1.0,0.0,0.0,,,0.0,0.0
Yemen,2020-04-25,1.0,0.03,1.0,0.0,0.0,,,0.0,0.0
Yemen,2020-04-26,1.0,0.03,1.0,0.0,0.0,,,0.0,0.0
Yemen,2020-04-27,1.0,0.03,1.0,0.0,0.0,,,0.0,0.0
Yemen,2020-04-28,1.0,0.03,1.0,0.0,0.0,,,0.0,0.0
Yemen,2020-04-29,1.0,0.03,1.0,0.0,0.0,,,0.0,0.0
Yemen,2020-04-30,1.0,0.03,1.0,0.0,0.0,,,0.0,0.0
Yemen,2020-05-01,6.0,0.0,1.0,2.0,0.3333333333333333,,,5.0,2.0
Yemen,2020-05-02,7.0,0.0,1.0,2.0,0.2857142857142857,,,1.0,0.0
Yemen,2020-05-03,10.0,0.0,1.0,2.0,0.2,,,3.0,0.0
Yemen,2020-05-04,10.0,0.0,1.0,2.0,0.2,,,0.0,0.0
Yemen,2020-05-05,12.0,0.0,1.0,2.0,0.16666666666666666,,,2.0,0.0
Yemen,2020-05-06,21.0,1.0,1.0,3.0,0.14285714285714285,,,9.0,1.0
Yemen,2020-05-07,25.0,1.0,1.0,5.0,0.2,,,4.0,2.0
Yemen,2020-05-08,25.0,1.0,1.0,5.0,0.2,,,0.0,0.0
Yemen,2020-05-09,34.0,1.0,1.0,7.0,0.2058823529411765,,,9.0,2.0
Yemen,2020-05-10,34.0,1.0,1.0,7.0,0.2058823529411765,,,0.0,0.0
Yemen,2020-05-11,51.0,2.0,1.0,8.0,0.1568627450980392,,,17.0,1.0
Yemen,2020-05-12,56.0,2.0,1.0,9.0,0.16071428571428573,,,5.0,1.0
Yemen,2020-05-13,65.0,2.0,1.0,10.0,0.15384615384615385,,,9.0,1.0
Yemen,2020-05-15,85.0,3.0,1.0,12.0,0.1411764705882353,,,20.0,2.0
Yemen,2020-05-16,106.0,4.0,1.0,15.0,0.14150943396226415,,,21.0,3.0
Yemen,2020-05-17,106.0,4.0,1.0,15.0,0.14150943396226415,,,0.0,0.0
Yemen,2020-05-18,128.0,4.0,1.0,20.0,0.15625,,,22.0,5.0
Yemen,2020-05-19,130.0,4.0,1.0,20.0,0.15384615384615385,,,2.0,0.0
Yemen,2020-05-20,167.0,6.0,5.0,28.0,0.16766467065868262,,,37.0,8.0
,2020-05-21,,,,,,,,,
Yemen,2020-05-22,193.0,6.0,5.0,33.0,0.17098445595854922,,,,
Yemen,2020-05-23,205.0,7.0,6.0,33.0,0.16097560975609754,,,12.0,0.0
Yemen,2020-05-24,212.0,7.0,6.0,39.0,0.18396226415094336,,,7.0,6.0
Yemen,2020-05-25,222.0,7.0,10.0,42.0,0.1891891891891892,,,10.0,3.0
Yemen,2020-05-26,233.0,8.0,10.0,44.0,0.1888412017167382,,,11.0,2.0
Yemen,2020-05-27,249.0,8.0,10.0,49.0,0.19678714859437751,,,16.0,5.0
Yemen,2020-05-28,255.0,9.0,10.0,53.0,0.207843137254902,,,6.0,4.0
Yemen,2020-05-29,278.0,9.0,11.0,57.0,0.2050359712230216,,,23.0,4.0
Yemen,2020-05-30,283.0,9.0,11.0,65.0,0.22968197879858654,,,5.0,8.0
Yemen,2020-05-31,310.0,10.0,13.0,77.0,0.24838709677419354,,,27.0,12.0
Yemen,2020-06-01,323.0,11.0,14.0,80.0,0.2476780185758514,,,13.0,3.0
Yemen,2020-06-02,354.0,12.0,14.0,84.0,0.23728813559322035,,,31.0,4.0
Yemen,2020-06-03,399.0,13.0,15.0,87.0,0.218,,,45.0,3.0
Yemen,2020-06-04,419.0,14.0,17.0,95.0,0.2267,,,20.0,8.0
Yemen,2020-06-05,453.0,15.0,17.0,103.0,0.2274,,,34.0,8.0
Yemen,2020-06-06,469.0,16.0,23.0,111.0,0.2367,,,16.0,8.0
Yemen,2020-06-07,482.0,16.0,23.0,111.0,0.2303,,,13.0,0.0
Yemen,2020-06-08,484.0,16.0,23.0,112.0,0.2314,,,2.0,1.0
Yemen,2020-06-09,496.0,17.0,23.0,112.0,0.2258,,,12.0,0.0
Yemen,2020-06-10,524.0,18.0,23.0,127.0,0.2424,,,28.0,15.0
Yemen,2020-06-12,591.0,20.0,23.0,136.0,0.2301,,,67.0,9.0
Yemen,2020-06-13,632.0,21.0,28.0,139.0,0.2199,,,41.0,3.0
Yemen,2020-06-14,705.0,24.0,39.0,160.0,0.22699999999999998,,,73.0,21.0
Yemen,2020-06-15,705.0,24.0,39.0,160.0,0.22699999999999998,,,0.0,0.0
Yemen,2020-06-16,844.0,28.0,79.0,208.0,0.2464,,,139.0,48.0
Yemen,2020-06-17,885.0,30.0,91.0,214.0,0.2418,,,41.0,6.0
Yemen,2020-06-18,902.0,30.0,271.0,244.0,0.2705,,,17.0,30.0
Yemen,2020-06-19,909.0,30.0,273.0,248.0,0.2728,,,7.0,4.0
Yemen,2020-06-20,919.0,31.0,288.0,251.0,0.2731,,,10.0,3.0
Yemen,2020-06-21,922.0,31.0,328.0,254.0,0.2755,,,3.0,3.0
Yemen,2020-06-22,941.0,32.0,347.0,256.0,0.2721,,,19.0,2.0
Yemen,2020-06-23,941.0,32.0,347.0,256.0,0.2721,,,0.0,0.0
Yemen,2020-06-24,992.0,33.0,356.0,261.0,0.2631,,,51.0,5.0
Yemen,2020-06-25,1015.0,34.0,379.0,274.0,0.27,,,23.0,13.0
Yemen,2020-06-26,1076.0,36.0,386.0,288.0,0.2677,,,61.0,14.0
Yemen,2020-06-27,1089.0,37.0,402.0,293.0,0.2691,,,13.0,5.0
Yemen,2020-06-28,1089.0,37.0,402.0,293.0,0.2691,,,0.0,0.0
Yemen,2020-06-29,1118.0,37.0,430.0,302.0,0.2701,,,29.0,9.0
Yemen,2020-06-30,1128.0,38.0,42.0,304.0,0.2695,,,10.0,2.0
Yemen,2020-07-01,1128.0,38.0,42.0,304.0,0.2695,,,0.0,0.0
Yemen,2020-07-02,1132.0,38.0,0.0,312.0,0.2756,,,4.0,8.0
Yemen,2020-07-03,1194.0,40.0,0.0,325.0,0.2722,,,62.0,13.0
Yemen,2020-07-04,1240.0,42.0,536.0,335.0,0.2702,,,46.0,10.0
Yemen,2020-07-05,1244.0,42.0,0.0,335.0,0.2693,,,4.0,0.0
Yemen,2020-07-06,1265.0,42.0,552.0,338.0,0.2672,,,21.0,3.0
Yemen,2020-07-07,1290.0,43.0,572.0,345.0,0.2674,,,25.0,7.0
Yemen,2020-07-09,1318.0,44.0,595.0,351.0,0.2663,,,28.0,6.0
Yemen,2020-07-10,1328.0,45.0,0.0,351.0,0.2643,,,10.0,0.0
Yemen,2020-07-11,1380.0,46.0,630.0,364.0,0.2638,,,52.0,13.0
Yemen,2020-07-12,1380.0,46.0,630.0,364.0,0.2638,,,0.0,0.0
Yemen,2020-07-14,1498.0,50.0,0.0,424.0,0.28300000000000003,,,118.0,60.0
Yemen,2020-07-15,1502.0,50.0,0.0,424.0,0.2823,,,4.0,0.0
Yemen,2020-07-16,1502.0,50.0,0.0,430.0,0.2863,,,0.0,6.0
Yemen,2020-07-18,1556.0,52.0,0.0,439.0,0.2821,,,54.0,9.0
Yemen,2020-07-19,1580.0,53.0,0.0,441.0,0.2791,,,24.0,2.0
Yemen,2020-07-19,1581.0,53.0,701.0,443.0,0.2802,,,1.0,2.0
Yemen,2020-07-21,1581.0,53.0,701.0,443.0,0.2802,,,0.0,0.0
Yemen,2020-07-22,1581.0,53.0,701.0,443.0,0.2802,,,0.0,0.0
Yemen,2020-07-23,1581.0,53.0,701.0,443.0,0.2802,,,0.0,0.0
Yemen,2020-07-24,1640.0,55.0,751.0,458.0,0.2793,,,59.0,15.0
Yemen,2020-07-25,1654.0,55.0,762.0,461.0,0.2787,,,14.0,3.0
Yemen,2020-07-26,1654.0,55.0,762.0,461.0,0.2787,,,0.0,0.0
Yemen,2020-07-27,1681.0,56.0,797.0,479.0,0.2849,,,27.0,18.0
Yemen,2020-07-28,1691.0,57.0,833.0,483.0,0.2856,,,10.0,4.0
Yemen,2020-07-29,1703.0,57.0,840.0,484.0,0.2842,,,12.0,1.0
Yemen,2020-07-30,1703.0,57.0,840.0,484.0,0.2842,,,0.0,0.0
Yemen,2020-07-31,1711.0,57.0,849.0,485.0,0.2835,,,8.0,1.0
Yemen,2020-08-01,1730.0,58.0,0.0,488.0,0.2821,,,19.0,3.0
Yemen,2020-08-02,1732.0,58.0,0.0,494.0,0.2852,,,2.0,6.0
Yemen,2020-08-03,1734.0,58.0,0.0,495.0,0.2855,,,2.0,1.0
Yemen,2020-08-04,1734.0,58.0,862.0,497.0,0.2866,,,0.0,2.0
Yemen,2020-08-05,1738.0,58.0,0.0,500.0,0.2877,,,4.0,3.0
Yemen,2020-08-06,1764.0,59.0,0.0,507.0,0.2874,,,26.0,7.0
Yemen,2020-08-07,1764.0,59.0,0.0,507.0,0.2874,,,0.0,0.0
Yemen,2020-08-08,1768.0,59.0,898.0,508.0,0.2873,,,4.0,1.0
Yemen,2020-08-09,1800.0,60.0,0.0,513.0,0.285,,,32.0,5.0
Yemen,2020-08-10,1804.0,60.0,913.0,515.0,0.2855,,,4.0,2.0
Yemen,2020-08-11,1832.0,61.0,915.0,518.0,0.2828,,,28.0,3.0
Yemen,2020-08-12,1831.0,61.0,919.0,523.0,0.2856,,,0.0,5.0
Yemen,2020-08-13,1841.0,62.0,937.0,528.0,0.2868,,,10.0,5.0
Yemen,2020-08-14,1845.0,62.0,0.0,529.0,0.2867,,,4.0,1.0
Yemen,2020-08-15,1851.0,62.0,0.0,529.0,0.2858,,,6.0,0.0
Yemen,2020-08-16,1862.0,62.0,0.0,529.0,0.2841,,,11.0,0.0
Yemen,2020-08-17,1869.0,63.0,1013.0,530.0,0.2836,,,7.0,1.0
Yemen,2020-08-18,1869.0,63.0,1013.0,530.0,0.2836,,,0.0,0.0
Yemen,2020-08-19,1889.0,63.0,1052.0,537.0,0.2843,,,20.0,7.0
Yemen,2020-08-20,1889.0,63.0,1052.0,537.0,0.2843,,,0.0,0.0
Yemen,2020-08-22,1899.0,64.0,1058.0,541.0,0.2849,,,10.0,4.0
Yemen,2020-08-23,1906.0,64.0,1058.0,542.0,0.2844,,,7.0,1.0
Yemen,2020-08-24,1907.0,64.0,1066.0,546.0,0.2863,,,1.0,4.0
Yemen,2020-08-25,1911.0,64.0,1086.0,553.0,0.2894,,,4.0,7.0
Yemen,2020-08-26,1920.0,64.0,0.0,556.0,0.2896,,,9.0,3.0
Yemen,2020-08-27,1920.0,64.0,0.0,556.0,0.2896,,,0.0,0.0
Yemen,2020-08-28,1933.0,65.0,1098.0,562.0,0.2907,,,13.0,6.0
Yemen,2020-08-29,1943.0,65.0,1107.0,563.0,0.2898,,,10.0,1.0
Yemen,2020-08-30,1943.0,65.0,1107.0,563.0,0.2898,,,0.0,0.0
Yemen,2020-08-31,1943.0,65.0,1107.0,563.0,0.2898,,,0.0,0.0
Yemen,2020-09-01,1943.0,65.0,1107.0,563.0,0.2898,,,0.0,0.0
Yemen,2020-09-02,1962.0,66.0,1160.0,570.0,0.2905,,,19.0,7.0
Yemen,2020-09-03,1962.0,66.0,1160.0,570.0,0.2905,,,0.0,0.0
Yemen,2020-09-04,1979.0,66.0,1180.0,571.0,0.2885,,,17.0,1.0
Yemen,2020-09-05,1980.0,66.0,0.0,572.0,0.2889,,,1.0,1.0
Yemen,2020-09-07,1983.0,66.0,0.0,572.0,0.2885,,,3.0,0.0
Yemen,2020-09-08,1983.0,66.0,0.0,572.0,0.2885,,,0.0,0.0
Yemen,2020-09-09,1989.0,67.0,1201.0,573.0,0.2881,,,6.0,1.0
Yemen,2020-09-10,1994.0,67.0,1203.0,576.0,0.2889,,,5.0,3.0
Yemen,2020-09-11,1994.0,67.0,1203.0,576.0,0.2889,,,0.0,0.0
Yemen,2020-09-12,2007.0,67.0,1211.0,582.0,0.29,,,13.0,6.0
Yemen,2020-09-13,2007.0,67.0,1211.0,582.0,0.29,,,0.0,0.0
Yemen,2020-09-14,2007.0,67.0,1211.0,582.0,0.29,,,0.0,0.0
Yemen,2020-09-15,2011.0,67.0,1212.0,583.0,0.2899,,,4.0,1.0
Yemen,2020-09-16,2016.0,68.0,1219.0,583.0,0.2892,,,5.0,0.0
Yemen,2020-09-17,2017.0,68.0,0.0,584.0,0.2895,,,1.0,1.0
Yemen,2020-09-18,2017.0,68.0,0.0,584.0,0.2895,,,0.0,0.0
Yemen,2020-09-20,2026.0,68.0,0.0,586.0,0.2892,,,9.0,2.0
Yemen,2020-09-21,2026.0,68.0,1221.0,585.0,0.2887,,,0.0,0.0
Yemen,2020-09-22,2026.0,68.0,1221.0,585.0,0.2887,,,0.0,0.0
Yemen,2020-09-23,2026.0,68.0,1221.0,585.0,0.2887,,,0.0,0.0
Yemen,2020-09-24,2030.0,0.0,,587.0,0.2892,68.0,,4.0,2.0
Yemen,2020-09-25,2030.0,0.0,,587.0,0.2892,68.0,,0.0,0.0
Yemen,2020-09-26,2030.0,0.0,,587.0,0.2892,68.0,,0.0,0.0
Yemen,2020-09-27,2029.0,0.0,,587.0,0.2893,68.0,,0.0,0.0
Yemen,2020-09-28,2029.0,0.0,,587.0,0.2893,68.0,,0.0,0.0
Yemen,2020-09-29,2033.0,0.0,,587.0,0.2887,68.0,,4.0,0.0
Yemen,2020-09-30,2033.0,0.0,,587.0,0.2887,68.0,,0.0,0.0
Yemen,2020-10-02,2035.0,0.0,,588.0,0.2889,68.0,,2.0,1.0
Yemen,2020-10-03,2039.0,0.0,,587.0,0.2879,68.0,,4.0,0.0
Yemen,2020-10-04,2040.0,0.0,,589.0,0.2887,68.0,,1.0,2.0
Yemen,2020-10-05,2041.0,0.0,,589.0,0.2886,68.0,,1.0,0.0
Yemen,2020-10-06,2041.0,0.0,,591.0,0.2896,68.0,,0.0,2.0
Yemen,2020-10-08,2047.0,0.0,,593.0,0.2897,69.0,,6.0,2.0
Yemen,2020-10-09,2049.0,0.0,,593.0,0.2894,69.0,,2.0,0.0
Yemen,2020-10-10,2050.0,0.0,,593.0,0.2893,69.0,,1.0,0.0
Yemen,2020-10-11,2051.0,0.0,,593.0,0.2891,69.0,,1.0,0.0
Yemen,2020-10-12,2051.0,0.0,,595.0,0.2901,69.0,,0.0,2.0
Yemen,2020-10-13,2052.0,0.0,,595.0,0.29,69.0,,1.0,0.0
Yemen,2020-10-14,2052.0,0.0,,596.0,0.2904,69.0,,0.0,1.0
Yemen,2020-10-15,2053.0,0.0,,596.0,0.2903,69.0,,1.0,0.0
Yemen,2020-10-18,2055.0,0.0,,596.0,0.29,69.0,,2.0,0.0
Yemen,2020-10-19,2055.0,0.0,,596.0,0.29,69.0,,0.0,0.0
Yemen,2020-10-20,2056.0,0.0,,597.0,0.2904,69.0,,1.0,1.0
Yemen,2020-10-22,2057.0,0.0,,597.0,0.2902,69.0,,1.0,0.0
Yemen,2020-10-23,2057.0,0.0,,597.0,0.2902,69.0,,0.0,0.0
Yemen,2020-10-24,2057.0,0.0,,597.0,0.2902,69.0,,0.0,0.0
Yemen,2020-10-25,2060.0,0.0,,599.0,0.2908,69.0,,3.0,2.0
Yemen,2020-10-26,2060.0,0.0,,599.0,0.2908,69.0,,0.0,0.0
Yemen,2020-10-27,2060.0,0.0,,599.0,0.2908,69.0,,0.0,0.0
Yemen,2020-10-28,2060.0,69.0,,599.0,0.2908,,0.0,0.0,0.0
Yemen,2020-10-29,2060.0,69.0,,599.0,0.2908,,0.0,0.0,0.0
Yemen,2020-10-30,2061.0,69.0,,599.0,0.2906,,1.0,1.0,0.0
Yemen,2020-10-31,2062.0,69.0,,599.0,0.2905,,1.0,1.0,0.0
Yemen,2020-11-01,2062.0,69.0,,599.0,0.2905,,0.0,0.0,0.0
