Location,Date,Confirmed,Case_Per_1M_people,Recovered,Deaths,Mortality,Cases per 1 million people,NewConfirmed,NewDeaths
Zambia,2020-03-31,35.0,2.3,0.0,0.0,0.0,,0.0,0.0
Zambia,2020-04-01,36.0,2.37,0.0,0.0,0.0,,1.0,0.0
Zambia,2020-04-02,36.0,2.37,0.0,0.0,0.0,,0.0,0.0
Zambia,2020-04-03,39.0,2.56,1.0,1.0,0.02564102564102564,,3.0,1.0
Zambia,2020-04-07,39.0,2.18,1.0,1.0,0.02564102564102564,,0.0,0.0
Zambia,2020-04-10,39.0,2.18,3.0,1.0,0.02564102564102564,,0.0,0.0
Zambia,2020-04-11,40.0,2.24,25.0,2.0,0.05,,1.0,1.0
Zambia,2020-04-12,40.0,2.24,25.0,2.0,0.05,,0.0,0.0
Zambia,2020-04-14,45.0,2.52,30.0,2.0,0.04444444444444445,,5.0,0.0
Zambia,2020-04-17,48.0,2.68,30.0,2.0,0.04166666666666666,,3.0,0.0
Zambia,2020-04-18,52.0,2.91,30.0,2.0,0.038461538461538464,,4.0,0.0
Zambia,2020-04-20,61.0,3.41,33.0,3.0,0.049180327868852465,,9.0,1.0
Zambia,2020-04-22,70.0,3.91,35.0,3.0,0.042857142857142864,,9.0,0.0
Zambia,2020-04-23,74.0,4.14,35.0,3.0,0.040540540540540536,,4.0,0.0
Zambia,2020-04-24,76.0,4.25,37.0,3.0,0.03947368421052632,,2.0,0.0
Zambia,2020-04-25,84.0,4.7,37.0,3.0,0.03571428571428571,,8.0,0.0
Zambia,2020-04-26,84.0,4.7,37.0,3.0,0.03571428571428571,,0.0,0.0
Zambia,2020-04-27,88.0,4.92,42.0,3.0,0.03409090909090909,,4.0,0.0
Zambia,2020-04-28,89.0,4.98,42.0,3.0,0.033707865168539325,,1.0,0.0
Zambia,2020-04-29,95.0,5.31,42.0,3.0,0.03157894736842105,,6.0,0.0
Zambia,2020-04-30,95.0,5.31,42.0,3.0,0.03157894736842105,,0.0,0.0
Zambia,2020-05-01,106.0,6.0,55.0,3.0,0.02830188679245283,,11.0,0.0
Zambia,2020-05-02,109.0,6.0,74.0,3.0,0.027522935779816515,,3.0,0.0
Zambia,2020-05-03,119.0,7.0,75.0,3.0,0.025210084033613446,,10.0,0.0
Zambia,2020-05-04,119.0,7.0,75.0,3.0,0.025210084033613446,,0.0,0.0
Zambia,2020-05-05,137.0,8.0,78.0,3.0,0.021897810218978103,,18.0,0.0
Zambia,2020-05-06,138.0,8.0,92.0,3.0,0.021739130434782608,,1.0,0.0
Zambia,2020-05-07,145.0,8.0,101.0,3.0,0.020689655172413796,,7.0,0.0
Zambia,2020-05-08,153.0,9.0,101.0,4.0,0.026143790849673203,,8.0,1.0
Zambia,2020-05-09,167.0,9.0,111.0,4.0,0.02395209580838324,,14.0,0.0
Zambia,2020-05-10,252.0,14.0,112.0,7.0,0.027777777777777776,,85.0,3.0
Zambia,2020-05-11,267.0,15.0,117.0,7.0,0.02621722846441948,,15.0,0.0
Zambia,2020-05-12,267.0,15.0,117.0,7.0,0.02621722846441948,,0.0,0.0
Zambia,2020-05-13,441.0,25.0,117.0,7.0,0.015873015873015872,,174.0,0.0
Zambia,2020-05-15,654.0,37.0,284.0,42.0,0.06422018348623854,,213.0,35.0
Zambia,2020-05-16,668.0,37.0,152.0,7.0,0.010479041916167664,,14.0,0.0
Zambia,2020-05-17,679.0,38.0,183.0,7.0,0.010309278350515464,,11.0,0.0
Zambia,2020-05-18,753.0,42.0,188.0,7.0,0.009296148738379814,,74.0,0.0
Zambia,2020-05-19,761.0,43.0,192.0,7.0,0.009198423127463865,,8.0,0.0
Zambia,2020-05-20,772.0,43.0,192.0,7.0,0.009067357512953369,,11.0,0.0
,2020-05-21,,,,,,,,
Zambia,2020-05-22,866.0,48.0,302.0,7.0,0.008083140877598153,,,
Zambia,2020-05-23,920.0,51.0,336.0,7.0,0.0076086956521739125,,54.0,0.0
Zambia,2020-05-24,920.0,51.0,336.0,7.0,0.0076086956521739125,,0.0,0.0
Zambia,2020-05-25,920.0,51.0,336.0,7.0,0.0076086956521739125,,0.0,0.0
Zambia,2020-05-26,920.0,51.0,336.0,7.0,0.0076086956521739125,,0.0,0.0
Zambia,2020-05-27,920.0,51.0,336.0,7.0,0.0076086956521739125,,0.0,0.0
Zambia,2020-05-28,1057.0,59.0,779.0,7.0,0.006622516556291391,,137.0,0.0
Zambia,2020-05-29,1057.0,59.0,779.0,7.0,0.006622516556291391,,0.0,0.0
Zambia,2020-05-30,1057.0,59.0,779.0,7.0,0.006622516556291391,,0.0,0.0
Zambia,2020-05-31,1057.0,59.0,779.0,7.0,0.006622516556291391,,0.0,0.0
Zambia,2020-06-01,1057.0,59.0,779.0,7.0,0.006622516556291391,,0.0,0.0
Zambia,2020-06-02,1089.0,61.0,912.0,7.0,0.006427915518824609,,32.0,0.0
Zambia,2020-06-03,1089.0,61.0,912.0,7.0,0.0064,,0.0,0.0
Zambia,2020-06-04,1089.0,61.0,912.0,7.0,0.0064,,0.0,0.0
Zambia,2020-06-05,1089.0,61.0,912.0,7.0,0.0064,,0.0,0.0
Zambia,2020-06-06,1089.0,61.0,912.0,7.0,0.0064,,0.0,0.0
Zambia,2020-06-07,1089.0,61.0,912.0,7.0,0.0064,,0.0,0.0
Zambia,2020-06-08,1089.0,61.0,912.0,7.0,0.0064,,0.0,0.0
Zambia,2020-06-09,1200.0,67.0,912.0,10.0,0.0083,,111.0,3.0
Zambia,2020-06-10,1200.0,67.0,912.0,10.0,0.0083,,0.0,0.0
Zambia,2020-06-12,1200.0,67.0,912.0,10.0,0.0083,,0.0,0.0
Zambia,2020-06-13,1321.0,74.0,1104.0,10.0,0.0076,,121.0,0.0
Zambia,2020-06-14,1357.0,76.0,1104.0,10.0,0.0074,,36.0,0.0
Zambia,2020-06-15,1357.0,76.0,1104.0,10.0,0.0074,,0.0,0.0
Zambia,2020-06-16,1382.0,77.0,1142.0,11.0,0.008,,25.0,1.0
Zambia,2020-06-17,1405.0,79.0,1142.0,11.0,0.0078,,23.0,0.0
Zambia,2020-06-18,1412.0,79.0,1142.0,11.0,0.0078,,7.0,0.0
Zambia,2020-06-19,1416.0,79.0,1144.0,11.0,0.0078,,4.0,0.0
Zambia,2020-06-20,1430.0,80.0,1194.0,11.0,0.0077,,14.0,0.0
Zambia,2020-06-21,1430.0,80.0,1194.0,11.0,0.0077,,0.0,0.0
Zambia,2020-06-22,1430.0,80.0,1194.0,11.0,0.0077,,0.0,0.0
Zambia,2020-06-23,1430.0,80.0,1194.0,11.0,0.0077,,0.0,0.0
Zambia,2020-06-24,1477.0,83.0,1213.0,18.0,0.0122,,47.0,7.0
Zambia,2020-06-25,1489.0,83.0,1223.0,18.0,0.0121,,12.0,0.0
Zambia,2020-06-26,1497.0,84.0,1223.0,18.0,0.012,,8.0,0.0
Zambia,2020-06-27,1531.0,86.0,1233.0,21.0,0.0137,,34.0,3.0
Zambia,2020-06-28,1531.0,86.0,1233.0,21.0,0.0137,,0.0,0.0
Zambia,2020-06-29,1557.0,87.0,1311.0,22.0,0.0141,,26.0,1.0
Zambia,2020-06-30,1568.0,88.0,1311.0,22.0,0.013999999999999999,,11.0,0.0
Zambia,2020-07-01,1568.0,88.0,1311.0,22.0,0.013999999999999999,,0.0,0.0
Zambia,2020-07-02,1568.0,88.0,1311.0,22.0,0.013999999999999999,,0.0,0.0
Zambia,2020-07-03,1632.0,91.0,1348.0,30.0,0.0184,,64.0,8.0
Zambia,2020-07-04,1632.0,91.0,1348.0,30.0,0.0184,,0.0,0.0
Zambia,2020-07-05,1632.0,91.0,1348.0,30.0,0.0184,,0.0,0.0
Zambia,2020-07-06,1632.0,91.0,1348.0,30.0,0.0184,,0.0,0.0
Zambia,2020-07-07,1632.0,91.0,1348.0,30.0,0.0184,,0.0,0.0
Zambia,2020-07-09,1895.0,106.0,1348.0,42.0,0.0222,,263.0,12.0
Zambia,2020-07-10,1895.0,106.0,1348.0,42.0,0.0222,,0.0,0.0
Zambia,2020-07-11,1895.0,106.0,1348.0,42.0,0.0222,,0.0,0.0
Zambia,2020-07-12,1895.0,106.0,1348.0,42.0,0.0222,,0.0,0.0
Zambia,2020-07-13,1895.0,106.0,1348.0,42.0,0.0222,,0.0,0.0
Zambia,2020-07-14,1895.0,106.0,1348.0,42.0,0.0222,,0.0,0.0
Zambia,2020-07-15,2283.0,128.0,0.0,82.0,0.0359,,388.0,40.0
Zambia,2020-07-16,2283.0,128.0,0.0,82.0,0.0359,,0.0,0.0
Zambia,2020-07-18,2283.0,128.0,0.0,82.0,0.0359,,0.0,0.0
Zambia,2020-07-19,2980.0,167.0,1462.0,109.0,0.0366,,697.0,27.0
Zambia,2020-07-19,2980.0,167.0,1462.0,109.0,0.0366,,0.0,0.0
Zambia,2020-07-21,2980.0,167.0,1462.0,109.0,0.0366,,0.0,0.0
Zambia,2020-07-22,2980.0,167.0,1462.0,109.0,0.0366,,0.0,0.0
Zambia,2020-07-23,2980.0,167.0,1462.0,109.0,0.0366,,0.0,0.0
Zambia,2020-07-24,3583.0,200.0,1677.0,128.0,0.0357,,603.0,19.0
Zambia,2020-07-25,3856.0,216.0,1941.0,136.0,0.0353,,273.0,8.0
Zambia,2020-07-26,4328.0,242.0,1953.0,139.0,0.0321,,472.0,3.0
Zambia,2020-07-27,4481.0,251.0,2350.0,139.0,0.031,,153.0,0.0
Zambia,2020-07-28,4552.0,255.0,2815.0,140.0,0.0308,,71.0,1.0
Zambia,2020-07-29,5002.0,280.0,3195.0,142.0,0.0284,,450.0,2.0
Zambia,2020-07-30,5002.0,280.0,3195.0,142.0,0.0284,,0.0,0.0
Zambia,2020-07-31,5249.0,293.0,3285.0,146.0,0.0278,,247.0,4.0
Zambia,2020-08-01,5963.0,333.0,3803.0,151.0,0.0253,,714.0,5.0
Zambia,2020-08-02,6228.0,348.0,4130.0,165.0,0.0265,,265.0,14.0
Zambia,2020-08-03,6347.0,355.0,4493.0,170.0,0.0268,,119.0,5.0
Zambia,2020-08-04,6347.0,355.0,4493.0,170.0,0.0268,,0.0,0.0
Zambia,2020-08-05,6580.0,368.0,4701.0,171.0,0.026000000000000002,,233.0,1.0
Zambia,2020-08-06,6793.0,380.0,5109.0,173.0,0.0255,,213.0,2.0
Zambia,2020-08-07,7022.0,393.0,5667.0,176.0,0.0251,,229.0,3.0
Zambia,2020-08-08,7164.0,401.0,5786.0,199.0,0.0278,,142.0,23.0
Zambia,2020-08-09,7903.0,442.0,6431.0,203.0,0.0257,,739.0,4.0
Zambia,2020-08-10,8085.0,452.0,6698.0,235.0,0.0291,,182.0,32.0
Zambia,2020-08-11,8210.0,459.0,6802.0,241.0,0.0294,,125.0,6.0
Zambia,2020-08-12,8275.0,463.0,7004.0,241.0,0.0291,,65.0,0.0
Zambia,2020-08-13,8275.0,463.0,7004.0,241.0,0.0291,,0.0,0.0
Zambia,2020-08-14,8275.0,463.0,7004.0,241.0,0.0291,,0.0,0.0
Zambia,2020-08-15,8275.0,463.0,7004.0,241.0,0.0291,,0.0,0.0
Zambia,2020-08-16,8275.0,463.0,7004.0,241.0,0.0291,,0.0,0.0
Zambia,2020-08-17,9343.0,522.0,8412.0,260.0,0.0278,,1068.0,19.0
Zambia,2020-08-18,9343.0,522.0,8412.0,260.0,0.0278,,0.0,0.0
Zambia,2020-08-19,9981.0,558.0,8776.0,264.0,0.0265,,638.0,4.0
Zambia,2020-08-20,9981.0,558.0,8776.0,264.0,0.0265,,0.0,0.0
Zambia,2020-08-22,10627.0,594.0,9437.0,277.0,0.0261,,646.0,13.0
Zambia,2020-08-23,10831.0,606.0,9942.0,279.0,0.0258,,204.0,2.0
Zambia,2020-08-24,11082.0,620.0,10062.0,280.0,0.0253,,251.0,1.0
Zambia,2020-08-25,11082.0,620.0,10062.0,280.0,0.0253,,0.0,0.0
Zambia,2020-08-26,11148.0,623.0,0.0,280.0,0.0251,,66.0,0.0
Zambia,2020-08-27,11148.0,623.0,10208.0,280.0,0.0251,,0.0,0.0
Zambia,2020-08-28,11148.0,623.0,10208.0,280.0,0.0251,,0.0,0.0
Zambia,2020-08-29,11779.0,659.0,10945.0,283.0,0.024,,631.0,3.0
Zambia,2020-08-30,11779.0,659.0,10945.0,283.0,0.024,,0.0,0.0
Zambia,2020-08-31,11779.0,659.0,10945.0,283.0,0.024,,0.0,0.0
Zambia,2020-09-01,11779.0,659.0,10945.0,283.0,0.024,,0.0,0.0
Zambia,2020-09-02,12025.0,672.0,0.0,287.0,0.0239,,246.0,4.0
Zambia,2020-09-03,12415.0,694.0,11494.0,292.0,0.0235,,390.0,5.0
Zambia,2020-09-04,12523.0,700.0,11562.0,292.0,0.0233,,108.0,0.0
Zambia,2020-09-05,12523.0,700.0,11562.0,292.0,0.0233,,0.0,0.0
Zambia,2020-09-07,12776.0,714.0,11674.0,295.0,0.0231,,253.0,3.0
Zambia,2020-09-08,12776.0,714.0,11674.0,295.0,0.0231,,0.0,0.0
Zambia,2020-09-09,12836.0,718.0,11748.0,295.0,0.023,,60.0,0.0
Zambia,2020-09-10,12952.0,724.0,11787.0,296.0,0.0229,,116.0,1.0
Zambia,2020-09-11,12952.0,724.0,11787.0,296.0,0.0229,,0.0,0.0
Zambia,2020-09-12,13323.0,745.0,11899.0,300.0,0.0225,,371.0,4.0
Zambia,2020-09-13,13323.0,745.0,11899.0,300.0,0.0225,,0.0,0.0
Zambia,2020-09-14,13323.0,745.0,11899.0,300.0,0.0225,,0.0,0.0
Zambia,2020-09-15,13539.0,757.0,12260.0,309.0,0.0228,,216.0,9.0
Zambia,2020-09-16,13819.0,773.0,12590.0,324.0,0.0234,,280.0,15.0
Zambia,2020-09-17,13819.0,773.0,12590.0,324.0,0.0234,,0.0,0.0
Zambia,2020-09-18,13819.0,773.0,12590.0,324.0,0.0234,,0.0,0.0
Zambia,2020-09-20,13928.0,779.0,0.0,326.0,0.0234,,109.0,2.0
Zambia,2020-09-21,13928.0,779.0,0.0,326.0,0.0234,,0.0,0.0
Zambia,2020-09-22,13928.0,779.0,0.0,326.0,0.0234,,0.0,0.0
Zambia,2020-09-23,14175.0,793.0,13629.0,331.0,0.0234,,247.0,5.0
Zambia,2020-09-24,14175.0,0.0,,331.0,0.0234,793.0,0.0,0.0
Zambia,2020-09-25,14175.0,0.0,,331.0,0.0234,793.0,0.0,0.0
Zambia,2020-09-26,14515.0,0.0,,332.0,0.0229,812.0,340.0,1.0
Zambia,2020-09-27,14515.0,0.0,,332.0,0.0229,812.0,0.0,0.0
Zambia,2020-09-28,14515.0,0.0,,332.0,0.0229,812.0,0.0,0.0
Zambia,2020-09-29,14515.0,0.0,,332.0,0.0229,812.0,0.0,0.0
Zambia,2020-09-30,14515.0,0.0,,332.0,0.0229,812.0,0.0,0.0
Zambia,2020-10-02,14759.0,0.0,,332.0,0.0225,825.0,244.0,0.0
Zambia,2020-10-03,14802.0,0.0,,333.0,0.0225,828.0,43.0,1.0
Zambia,2020-10-04,14830.0,0.0,,333.0,0.0225,829.0,28.0,0.0
Zambia,2020-10-05,14974.0,0.0,,333.0,0.0222,837.0,144.0,0.0
Zambia,2020-10-06,15052.0,0.0,,333.0,0.0221,842.0,78.0,0.0
Zambia,2020-10-08,15170.0,0.0,,335.0,0.0221,848.0,118.0,2.0
Zambia,2020-10-09,15224.0,0.0,,335.0,0.022000000000000002,851.0,54.0,0.0
Zambia,2020-10-10,15301.0,0.0,,335.0,0.0219,856.0,77.0,0.0
Zambia,2020-10-11,15339.0,0.0,,336.0,0.0219,858.0,38.0,1.0
Zambia,2020-10-12,15415.0,0.0,,337.0,0.0219,862.0,76.0,1.0
Zambia,2020-10-13,15458.0,0.0,,337.0,0.0218,864.0,43.0,0.0
Zambia,2020-10-14,15549.0,0.0,,345.0,0.0222,869.0,91.0,8.0
Zambia,2020-10-15,15587.0,0.0,,345.0,0.0221,871.0,38.0,0.0
Zambia,2020-10-18,15659.0,0.0,,346.0,0.0221,876.0,72.0,1.0
Zambia,2020-10-19,15789.0,0.0,,346.0,0.0219,883.0,130.0,0.0
Zambia,2020-10-20,15853.0,0.0,,346.0,0.0218,886.0,64.0,0.0
Zambia,2020-10-22,15982.0,0.0,,346.0,0.0216,894.0,129.0,0.0
Zambia,2020-10-23,16000.0,0.0,,346.0,0.0216,895.0,18.0,0.0
Zambia,2020-10-24,16035.0,0.0,,346.0,0.0216,897.0,35.0,0.0
Zambia,2020-10-25,16095.0,0.0,,346.0,0.0215,900.0,60.0,0.0
Zambia,2020-10-26,16117.0,0.0,,348.0,0.0216,901.0,22.0,2.0
Zambia,2020-10-27,16117.0,0.0,,348.0,0.0216,901.0,0.0,0.0
Zambia,2020-10-28,16200.0,0.0,,348.0,0.0215,906.0,83.0,0.0
