Location,Date,Confirmed,Case_Per_1M_people,Recovered,Deaths,Mortality,NewConfirmed,NewDeaths
Zimbabwe,2020-03-31,7.0,0.5,0.0,1.0,0.14285714300000002,0.0,0.0
Zimbabwe,2020-04-01,8.0,0.57,0.0,1.0,0.125,1.0,0.0
Zimbabwe,2020-04-02,8.0,0.57,0.0,1.0,0.125,0.0,0.0
Zimbabwe,2020-04-03,8.0,0.57,0.0,1.0,0.125,0.0,0.0
Zimbabwe,2020-04-07,10.0,0.66,1.0,1.0,0.1,2.0,0.0
Zimbabwe,2020-04-10,11.0,0.73,8.0,3.0,0.2727272727272727,1.0,2.0
Zimbabwe,2020-04-11,13.0,0.86,0.0,3.0,0.2307692307692308,2.0,0.0
Zimbabwe,2020-04-12,13.0,0.86,0.0,3.0,0.2307692307692308,0.0,0.0
Zimbabwe,2020-04-14,17.0,1.12,0.0,3.0,0.17647058823529413,4.0,0.0
Zimbabwe,2020-04-17,23.0,1.52,1.0,3.0,0.13043478260869565,6.0,0.0
Zimbabwe,2020-04-18,24.0,1.58,2.0,3.0,0.125,1.0,0.0
Zimbabwe,2020-04-20,25.0,1.65,2.0,3.0,0.12,1.0,0.0
Zimbabwe,2020-04-22,28.0,1.85,2.0,3.0,0.10714285714285714,3.0,0.0
Zimbabwe,2020-04-23,28.0,1.85,2.0,4.0,0.14285714285714285,0.0,1.0
Zimbabwe,2020-04-24,29.0,1.91,2.0,4.0,0.13793103448275862,1.0,0.0
Zimbabwe,2020-04-25,29.0,1.91,2.0,4.0,0.13793103448275862,0.0,0.0
Zimbabwe,2020-04-26,31.0,2.04,2.0,4.0,0.12903225806451613,2.0,0.0
Zimbabwe,2020-04-27,31.0,2.04,2.0,4.0,0.12903225806451613,0.0,0.0
Zimbabwe,2020-04-28,31.0,2.04,5.0,4.0,0.12903225806451613,0.0,0.0
Zimbabwe,2020-04-29,32.0,2.11,5.0,4.0,0.125,1.0,0.0
Zimbabwe,2020-04-30,32.0,2.11,5.0,4.0,0.125,0.0,0.0
Zimbabwe,2020-05-01,40.0,3.0,5.0,4.0,0.1,8.0,0.0
Zimbabwe,2020-05-02,40.0,3.0,5.0,4.0,0.1,0.0,0.0
Zimbabwe,2020-05-03,34.0,2.0,5.0,4.0,0.1176470588235294,0.0,0.0
Zimbabwe,2020-05-04,34.0,2.0,5.0,4.0,0.1176470588235294,0.0,0.0
Zimbabwe,2020-05-05,34.0,2.0,5.0,4.0,0.1176470588235294,0.0,0.0
Zimbabwe,2020-05-06,34.0,2.0,5.0,4.0,0.1176470588235294,0.0,0.0
Zimbabwe,2020-05-07,34.0,2.0,5.0,4.0,0.1176470588235294,0.0,0.0
Zimbabwe,2020-05-08,34.0,2.0,5.0,4.0,0.1176470588235294,0.0,0.0
Zimbabwe,2020-05-09,34.0,2.0,9.0,4.0,0.1176470588235294,0.0,0.0
Zimbabwe,2020-05-10,35.0,2.0,9.0,4.0,0.11428571428571427,1.0,0.0
Zimbabwe,2020-05-11,36.0,2.0,9.0,4.0,0.1111111111111111,1.0,0.0
Zimbabwe,2020-05-12,36.0,2.0,9.0,4.0,0.1111111111111111,0.0,0.0
Zimbabwe,2020-05-13,36.0,2.0,9.0,4.0,0.1111111111111111,0.0,0.0
Zimbabwe,2020-05-15,37.0,2.0,13.0,4.0,0.10810810810810813,1.0,0.0
Zimbabwe,2020-05-16,42.0,3.0,13.0,4.0,0.09523809523809523,5.0,0.0
Zimbabwe,2020-05-17,42.0,3.0,13.0,4.0,0.09523809523809523,0.0,0.0
Zimbabwe,2020-05-18,44.0,3.0,17.0,4.0,0.09090909090909093,2.0,0.0
Zimbabwe,2020-05-19,46.0,3.0,18.0,4.0,0.08695652173913042,2.0,0.0
Zimbabwe,2020-05-20,46.0,3.0,18.0,4.0,0.08695652173913042,0.0,0.0
,2020-05-21,,,,,,,
Zimbabwe,2020-05-22,51.0,3.0,18.0,4.0,0.0784313725490196,,
Zimbabwe,2020-05-23,51.0,3.0,18.0,4.0,0.0784313725490196,0.0,0.0
Zimbabwe,2020-05-24,56.0,4.0,18.0,4.0,0.07142857142857142,5.0,0.0
Zimbabwe,2020-05-25,56.0,4.0,25.0,4.0,0.07142857142857142,0.0,0.0
Zimbabwe,2020-05-26,56.0,4.0,25.0,4.0,0.07142857142857142,0.0,0.0
Zimbabwe,2020-05-27,56.0,4.0,25.0,4.0,0.07142857142857142,0.0,0.0
Zimbabwe,2020-05-28,132.0,9.0,25.0,4.0,0.030303030303030307,76.0,0.0
Zimbabwe,2020-05-29,149.0,10.0,28.0,4.0,0.026845637583892617,17.0,0.0
Zimbabwe,2020-05-30,149.0,10.0,28.0,4.0,0.026845637583892617,0.0,0.0
Zimbabwe,2020-05-31,160.0,11.0,29.0,4.0,0.025,11.0,0.0
Zimbabwe,2020-06-01,178.0,12.0,29.0,4.0,0.02247191011235955,18.0,0.0
Zimbabwe,2020-06-02,203.0,13.0,29.0,4.0,0.019704433497536943,25.0,0.0
Zimbabwe,2020-06-03,206.0,14.0,29.0,4.0,0.0194,3.0,0.0
Zimbabwe,2020-06-04,222.0,15.0,29.0,4.0,0.018000000000000002,16.0,0.0
Zimbabwe,2020-06-05,237.0,16.0,31.0,4.0,0.0169,15.0,0.0
Zimbabwe,2020-06-06,265.0,17.0,33.0,4.0,0.0151,28.0,0.0
Zimbabwe,2020-06-07,279.0,18.0,33.0,4.0,0.0143,14.0,0.0
Zimbabwe,2020-06-08,282.0,19.0,34.0,4.0,0.0142,3.0,0.0
Zimbabwe,2020-06-09,287.0,19.0,46.0,4.0,0.0139,5.0,0.0
Zimbabwe,2020-06-10,314.0,21.0,46.0,4.0,0.0127,27.0,0.0
Zimbabwe,2020-06-12,332.0,22.0,51.0,4.0,0.012,18.0,0.0
Zimbabwe,2020-06-13,343.0,23.0,51.0,4.0,0.0117,11.0,0.0
Zimbabwe,2020-06-14,356.0,23.0,54.0,4.0,0.0112,13.0,0.0
Zimbabwe,2020-06-15,356.0,23.0,54.0,4.0,0.0112,0.0,0.0
Zimbabwe,2020-06-16,356.0,23.0,54.0,4.0,0.0112,0.0,0.0
Zimbabwe,2020-06-17,391.0,26.0,62.0,4.0,0.0102,35.0,0.0
Zimbabwe,2020-06-18,401.0,26.0,63.0,4.0,0.01,10.0,0.0
Zimbabwe,2020-06-19,463.0,31.0,63.0,4.0,0.0086,62.0,0.0
Zimbabwe,2020-06-20,479.0,32.0,63.0,4.0,0.0084,16.0,0.0
Zimbabwe,2020-06-21,479.0,32.0,63.0,4.0,0.0084,0.0,0.0
Zimbabwe,2020-06-22,489.0,32.0,64.0,4.0,0.0082,10.0,0.0
Zimbabwe,2020-06-23,489.0,32.0,64.0,4.0,0.0082,0.0,0.0
Zimbabwe,2020-06-24,525.0,35.0,64.0,6.0,0.0114,36.0,2.0
Zimbabwe,2020-06-25,530.0,35.0,123.0,6.0,0.0113,5.0,0.0
Zimbabwe,2020-06-26,551.0,36.0,128.0,6.0,0.0109,21.0,0.0
Zimbabwe,2020-06-27,561.0,37.0,135.0,6.0,0.0107,10.0,0.0
Zimbabwe,2020-06-28,561.0,37.0,135.0,6.0,0.0107,0.0,0.0
Zimbabwe,2020-06-29,567.0,37.0,142.0,6.0,0.0106,6.0,0.0
Zimbabwe,2020-06-30,574.0,38.0,152.0,7.0,0.0122,7.0,1.0
Zimbabwe,2020-07-01,574.0,38.0,152.0,7.0,0.0122,0.0,0.0
Zimbabwe,2020-07-02,574.0,38.0,152.0,7.0,0.0122,0.0,0.0
Zimbabwe,2020-07-03,605.0,40.0,166.0,7.0,0.0116,31.0,0.0
Zimbabwe,2020-07-04,625.0,41.0,176.0,7.0,0.0112,20.0,0.0
Zimbabwe,2020-07-05,625.0,41.0,176.0,7.0,0.0112,0.0,0.0
Zimbabwe,2020-07-06,716.0,47.0,181.0,8.0,0.0112,91.0,1.0
Zimbabwe,2020-07-07,734.0,48.0,197.0,9.0,0.0123,18.0,1.0
Zimbabwe,2020-07-09,885.0,58.0,206.0,9.0,0.0102,151.0,0.0
Zimbabwe,2020-07-10,885.0,58.0,206.0,9.0,0.0102,0.0,0.0
Zimbabwe,2020-07-11,942.0,62.0,320.0,13.0,0.0138,57.0,4.0
Zimbabwe,2020-07-12,942.0,62.0,320.0,13.0,0.0138,0.0,0.0
Zimbabwe,2020-07-13,982.0,65.0,0.0,18.0,0.0183,40.0,5.0
Zimbabwe,2020-07-14,985.0,65.0,0.0,18.0,0.0183,3.0,0.0
Zimbabwe,2020-07-15,1034.0,68.0,0.0,19.0,0.0184,49.0,1.0
Zimbabwe,2020-07-16,1034.0,68.0,0.0,19.0,0.0184,0.0,0.0
Zimbabwe,2020-07-18,1362.0,90.0,425.0,23.0,0.0169,328.0,4.0
Zimbabwe,2020-07-19,1420.0,94.0,0.0,24.0,0.0169,58.0,1.0
Zimbabwe,2020-07-19,1478.0,97.0,439.0,25.0,0.0169,58.0,1.0
Zimbabwe,2020-07-21,1478.0,97.0,439.0,25.0,0.0169,0.0,0.0
Zimbabwe,2020-07-22,1611.0,106.0,0.0,25.0,0.0155,133.0,0.0
Zimbabwe,2020-07-23,1611.0,106.0,0.0,25.0,0.0155,0.0,0.0
Zimbabwe,2020-07-24,2034.0,134.0,510.0,26.0,0.0128,423.0,1.0
Zimbabwe,2020-07-25,2296.0,151.0,514.0,32.0,0.0139,262.0,6.0
Zimbabwe,2020-07-26,2434.0,161.0,518.0,34.0,0.013999999999999999,138.0,2.0
Zimbabwe,2020-07-27,2512.0,166.0,518.0,34.0,0.0135,78.0,0.0
Zimbabwe,2020-07-28,2704.0,178.0,542.0,36.0,0.0133,192.0,2.0
Zimbabwe,2020-07-29,2817.0,186.0,604.0,40.0,0.0142,113.0,4.0
Zimbabwe,2020-07-30,2817.0,186.0,604.0,40.0,0.0142,0.0,0.0
Zimbabwe,2020-07-31,2879.0,190.0,887.0,41.0,0.0142,62.0,1.0
Zimbabwe,2020-08-01,3169.0,209.0,1004.0,67.0,0.0211,290.0,26.0
Zimbabwe,2020-08-02,3659.0,241.0,1011.0,69.0,0.0189,490.0,2.0
Zimbabwe,2020-08-03,3659.0,241.0,1011.0,69.0,0.0189,0.0,0.0
Zimbabwe,2020-08-04,4075.0,269.0,1057.0,80.0,0.0196,416.0,11.0
Zimbabwe,2020-08-05,4075.0,269.0,1057.0,80.0,0.0196,0.0,0.0
Zimbabwe,2020-08-06,4221.0,278.0,1238.0,81.0,0.0192,146.0,1.0
Zimbabwe,2020-08-07,4221.0,278.0,1238.0,81.0,0.0192,0.0,0.0
Zimbabwe,2020-08-08,4395.0,290.0,1264.0,97.0,0.0221,174.0,16.0
Zimbabwe,2020-08-09,4575.0,302.0,1416.0,102.0,0.0223,180.0,5.0
Zimbabwe,2020-08-10,4649.0,307.0,1437.0,104.0,0.0224,74.0,2.0
Zimbabwe,2020-08-11,4748.0,313.0,1524.0,104.0,0.0219,99.0,0.0
Zimbabwe,2020-08-12,4818.0,318.0,1544.0,104.0,0.0216,70.0,0.0
Zimbabwe,2020-08-13,4818.0,318.0,1544.0,104.0,0.0216,0.0,0.0
Zimbabwe,2020-08-14,4818.0,318.0,1544.0,104.0,0.0216,0.0,0.0
Zimbabwe,2020-08-15,4818.0,318.0,1544.0,104.0,0.0216,0.0,0.0
Zimbabwe,2020-08-16,4818.0,318.0,1544.0,104.0,0.0216,0.0,0.0
Zimbabwe,2020-08-17,5176.0,341.0,2047.0,130.0,0.0251,358.0,26.0
Zimbabwe,2020-08-18,5176.0,341.0,2047.0,130.0,0.0251,0.0,0.0
Zimbabwe,2020-08-19,5176.0,341.0,2047.0,130.0,0.0251,0.0,0.0
Zimbabwe,2020-08-20,5176.0,341.0,2047.0,130.0,0.0251,0.0,0.0
Zimbabwe,2020-08-22,5176.0,341.0,2047.0,130.0,0.0251,0.0,0.0
Zimbabwe,2020-08-23,5893.0,389.0,4629.0,153.0,0.026000000000000002,717.0,23.0
Zimbabwe,2020-08-24,5893.0,389.0,4629.0,153.0,0.026000000000000002,0.0,0.0
Zimbabwe,2020-08-25,5930.0,391.0,4872.0,155.0,0.0261,37.0,2.0
Zimbabwe,2020-08-26,6070.0,400.0,0.0,155.0,0.0255,140.0,0.0
Zimbabwe,2020-08-27,6196.0,409.0,4961.0,166.0,0.0268,126.0,11.0
Zimbabwe,2020-08-28,6251.0,412.0,5001.0,179.0,0.0286,55.0,13.0
Zimbabwe,2020-08-29,6388.0,421.0,5043.0,195.0,0.0305,137.0,16.0
Zimbabwe,2020-08-30,6388.0,421.0,5043.0,195.0,0.0305,0.0,0.0
Zimbabwe,2020-08-31,6388.0,421.0,5043.0,195.0,0.0305,0.0,0.0
Zimbabwe,2020-09-01,6388.0,421.0,5043.0,195.0,0.0305,0.0,0.0
Zimbabwe,2020-09-02,6412.0,423.0,0.0,196.0,0.0306,24.0,1.0
Zimbabwe,2020-09-03,6559.0,433.0,5241.0,203.0,0.0309,147.0,7.0
Zimbabwe,2020-09-04,6678.0,441.0,5263.0,206.0,0.0308,119.0,3.0
Zimbabwe,2020-09-05,6678.0,441.0,5263.0,206.0,0.0308,0.0,0.0
Zimbabwe,2020-09-07,6837.0,451.0,5345.0,206.0,0.0301,159.0,0.0
Zimbabwe,2020-09-08,6837.0,451.0,5345.0,206.0,0.0301,0.0,0.0
Zimbabwe,2020-09-09,7298.0,481.0,5455.0,210.0,0.0288,461.0,4.0
Zimbabwe,2020-09-10,7298.0,481.0,5455.0,210.0,0.0288,0.0,0.0
Zimbabwe,2020-09-11,7429.0,490.0,5542.0,222.0,0.0299,131.0,12.0
Zimbabwe,2020-09-12,7453.0,492.0,5635.0,222.0,0.0298,24.0,0.0
Zimbabwe,2020-09-13,7453.0,492.0,5635.0,222.0,0.0298,0.0,0.0
Zimbabwe,2020-09-14,7453.0,492.0,5635.0,222.0,0.0298,0.0,0.0
Zimbabwe,2020-09-15,7526.0,496.0,5678.0,224.0,0.0298,73.0,2.0
Zimbabwe,2020-09-16,7576.0,500.0,5783.0,224.0,0.0296,50.0,0.0
Zimbabwe,2020-09-17,7576.0,500.0,5783.0,224.0,0.0296,0.0,0.0
Zimbabwe,2020-09-18,7576.0,500.0,5783.0,224.0,0.0296,0.0,0.0
Zimbabwe,2020-09-20,7633.0,504.0,0.0,224.0,0.0293,57.0,0.0
